50 20 6.1
5 4 1 27 2 12 3 20 4 10 4 9 26 10 28 11 24 12 30 4 9 23 10 23 11 14 12 19 12 5 27 6 16 7 19 8 27 9 16 10 22 11 27 12 16 13 15 14 19 15 23 16 22 4 17 11 18 26 19 21 20 30 
5 4 1 23 2 29 3 12 4 28 4 13 18 14 24 15 16 16 14 8 5 18 6 16 7 15 8 17 13 15 14 15 15 23 16 19 8 5 17 6 15 7 21 8 20 13 21 14 26 15 25 16 30 4 17 14 18 22 19 17 20 22 
5 4 1 30 2 16 3 19 4 29 4 5 14 6 10 7 11 8 27 4 13 19 14 24 15 26 16 30 8 9 10 10 11 11 25 12 10 13 21 14 26 15 16 16 23 4 17 13 18 27 19 12 20 15 
5 4 1 15 2 30 3 20 4 10 4 13 18 14 22 15 29 16 20 12 5 23 6 29 7 12 8 20 9 22 10 13 11 21 12 17 13 17 14 29 15 18 16 25 4 13 17 14 23 15 17 16 28 4 17 24 18 16 19 28 20 23 
5 4 1 18 2 30 3 10 4 15 4 5 27 6 30 7 25 8 17 4 13 10 14 22 15 10 16 10 4 9 15 10 23 11 26 12 21 4 17 27 18 26 19 14 20 28 
5 4 1 15 2 25 3 18 4 17 8 5 24 6 30 7 23 8 26 9 11 10 21 11 10 12 24 8 5 15 6 17 7 16 8 18 9 17 10 30 11 23 12 20 12 5 12 6 18 7 12 8 25 9 12 10 20 11 14 12 28 13 15 14 16 15 22 16 11 4 17 20 18 20 19 24 20 27 
5 4 1 14 2 30 3 27 4 22 4 13 22 14 30 15 11 16 14 12 5 24 6 26 7 24 8 16 9 25 10 18 11 20 12 15 13 20 14 14 15 16 16 25 4 5 18 6 18 7 19 8 25 4 17 24 18 22 19 18 20 27 
5 4 1 23 2 24 3 21 4 23 8 5 11 6 21 7 23 8 18 9 20 10 12 11 25 12 24 4 5 19 6 25 7 23 8 24 4 5 10 6 20 7 16 8 22 4 17 14 18 22 19 19 20 21 
5 4 1 21 2 27 3 21 4 27 4 9 22 10 22 11 30 12 28 4 9 14 10 29 11 22 12 24 12 5 28 6 15 7 15 8 21 9 27 10 15 11 29 12 26 13 19 14 18 15 30 16 27 4 17 18 18 18 19 22 20 21 
5 4 1 19 2 16 3 23 4 28 12 5 15 6 14 7 12 8 18 9 26 10 29 11 22 12 26 13 11 14 21 15 12 16 23 4 5 29 6 30 7 22 8 10 12 5 19 6 21 7 19 8 21 9 22 10 14 11 13 12 22 13 18 14 30 15 12 16 25 4 17 21 18 19 19 23 20 28 
5 4 1 18 2 14 3 21 4 27 12 5 15 6 15 7 29 8 18 9 21 10 25 11 11 12 30 13 18 14 25 15 15 16 25 8 5 21 6 18 7 25 8 25 13 29 14 24 15 15 16 17 4 5 21 6 14 7 14 8 17 4 17 13 18 24 19 19 20 11 
5 4 1 10 2 22 3 25 4 12 12 5 10 6 12 7 17 8 21 9 11 10 11 11 23 12 24 13 18 14 24 15 19 16 21 4 5 28 6 29 7 22 8 28 8 9 27 10 15 11 11 12 10 13 20 14 26 15 21 16 15 4 17 28 18 29 19 30 20 11 
5 4 1 21 2 17 3 14 4 17 12 5 21 6 24 7 18 8 26 9 27 10 14 11 10 12 17 13 30 14 21 15 11 16 22 8 9 30 10 28 11 17 12 11 13 15 14 26 15 12 16 24 4 5 24 6 30 7 23 8 10 4 17 12 18 22 19 18 20 24 
5 4 1 10 2 14 3 29 4 29 12 5 14 6 19 7 16 8 25 9 22 10 16 11 28 12 30 13 10 14 29 15 24 16 11 4 5 29 6 19 7 19 8 14 4 13 25 14 17 15 30 16 21 4 17 21 18 10 19 13 20 29 
5 4 1 29 2 16 3 25 4 13 12 5 30 6 25 7 19 8 11 9 15 10 28 11 14 12 23 13 10 14 12 15 29 16 13 8 5 14 6 22 7 10 8 11 9 30 10 16 11 28 12 20 12 5 17 6 12 7 25 8 18 9 27 10 10 11 23 12 12 13 10 14 10 15 27 16 18 4 17 30 18 18 19 12 20 24 
5 4 1 10 2 10 3 13 4 25 8 5 27 6 24 7 26 8 17 13 27 14 10 15 18 16 19 4 13 16 14 14 15 28 16 10 12 5 19 6 25 7 17 8 28 9 11 10 14 11 29 12 10 13 13 14 27 15 25 16 29 4 17 18 18 22 19 16 20 14 
5 4 1 10 2 18 3 14 4 23 12 5 25 6 24 7 12 8 23 9 11 10 21 11 27 12 10 13 12 14 30 15 11 16 16 8 9 13 10 17 11 23 12 19 13 23 14 25 15 15 16 20 8 9 13 10 27 11 14 12 14 13 13 14 18 15 25 16 26 4 17 12 18 25 19 19 20 27 
5 4 1 22 2 17 3 11 4 22 4 5 21 6 28 7 29 8 17 8 5 15 6 24 7 21 8 15 13 30 14 26 15 11 16 29 8 9 13 10 29 11 17 12 27 13 16 14 25 15 20 16 25 4 17 12 18 10 19 29 20 12 
5 4 1 25 2 12 3 10 4 28 8 5 24 6 20 7 16 8 28 9 11 10 29 11 21 12 23 4 9 21 10 29 11 25 12 23 8 5 27 6 17 7 25 8 27 9 11 10 22 11 25 12 16 4 17 29 18 29 19 17 20 24 
5 4 1 19 2 15 3 19 4 29 4 9 16 10 26 11 19 12 11 4 5 11 6 29 7 21 8 14 4 13 24 14 18 15 13 16 27 4 17 22 18 28 19 15 20 26 
5 4 1 26 2 26 3 13 4 20 12 5 23 6 22 7 30 8 28 9 30 10 27 11 23 12 29 13 21 14 25 15 23 16 19 4 9 21 10 28 11 19 12 25 8 9 13 10 19 11 18 12 11 13 18 14 19 15 10 16 18 4 17 15 18 16 19 27 20 18 
5 4 1 18 2 10 3 16 4 10 12 5 25 6 15 7 15 8 21 9 20 10 11 11 10 12 10 13 28 14 20 15 14 16 17 12 5 30 6 30 7 26 8 23 9 24 10 17 11 14 12 21 13 28 14 12 15 15 16 27 4 13 12 14 29 15 12 16 26 4 17 24 18 10 19 25 20 20 
5 4 1 26 2 28 3 18 4 25 8 5 17 6 19 7 29 8 27 13 24 14 11 15 26 16 27 4 13 29 14 23 15 28 16 17 4 9 24 10 26 11 19 12 25 4 17 24 18 23 19 19 20 11 
5 4 1 24 2 28 3 16 4 16 4 13 17 14 24 15 26 16 20 12 5 19 6 30 7 16 8 27 9 11 10 21 11 10 12 17 13 22 14 14 15 29 16 18 12 5 20 6 21 7 20 8 22 9 27 10 16 11 12 12 14 13 25 14 22 15 16 16 17 4 17 17 18 30 19 22 20 11 
5 4 1 30 2 26 3 30 4 25 12 5 20 6 24 7 29 8 13 9 16 10 19 11 19 12 15 13 14 14 23 15 20 16 11 4 9 20 10 29 11 12 12 14 12 5 13 6 21 7 29 8 11 9 29 10 10 11 29 12 23 13 16 14 19 15 16 16 30 4 17 16 18 24 19 14 20 19 
5 4 1 20 2 29 3 28 4 19 8 9 13 10 13 11 10 12 30 13 27 14 20 15 23 16 22 12 5 22 6 21 7 26 8 19 9 20 10 28 11 25 12 15 13 25 14 26 15 27 16 27 8 9 23 10 10 11 17 12 20 13 21 14 14 15 13 16 12 4 17 10 18 29 19 21 20 26 
5 4 1 11 2 28 3 10 4 14 12 5 10 6 14 7 18 8 11 9 16 10 16 11 23 12 16 13 19 14 13 15 12 16 25 4 9 16 10 21 11 18 12 15 12 5 30 6 24 7 19 8 10 9 13 10 26 11 13 12 23 13 20 14 24 15 16 16 17 4 17 24 18 13 19 18 20 14 
5 4 1 20 2 27 3 25 4 20 4 9 10 10 27 11 20 12 18 4 9 15 10 21 11 21 12 13 4 5 10 6 29 7 30 8 19 4 17 25 18 26 19 27 20 29 
5 4 1 21 2 14 3 12 4 16 4 5 11 6 18 7 25 8 11 4 9 22 10 19 11 16 12 14 4 5 11 6 28 7 27 8 11 4 17 15 18 13 19 22 20 14 
5 4 1 26 2 30 3 19 4 20 12 5 16 6 17 7 12 8 25 9 27 10 29 11 26 12 13 13 16 14 15 15 14 16 18 4 9 29 10 20 11 19 12 10 8 5 28 6 14 7 17 8 21 13 13 14 28 15 26 16 28 4 17 10 18 14 19 19 20 26 
5 4 1 19 2 28 3 23 4 29 8 5 27 6 14 7 29 8 28 13 17 14 17 15 19 16 17 12 5 24 6 12 7 25 8 29 9 11 10 18 11 26 12 17 13 11 14 27 15 22 16 30 4 13 16 14 13 15 27 16 17 4 17 28 18 19 19 27 20 28 
5 4 1 30 2 12 3 11 4 28 8 5 18 6 30 7 28 8 19 9 10 10 27 11 22 12 23 8 9 21 10 26 11 20 12 29 13 28 14 21 15 14 16 11 12 5 24 6 27 7 29 8 18 9 16 10 15 11 19 12 12 13 17 14 29 15 29 16 11 4 17 20 18 25 19 23 20 13 
5 4 1 24 2 29 3 29 4 30 4 9 24 10 10 11 28 12 17 12 5 27 6 26 7 21 8 16 9 27 10 30 11 30 12 22 13 26 14 13 15 11 16 29 8 9 13 10 21 11 23 12 10 13 27 14 11 15 13 16 25 4 17 12 18 30 19 13 20 12 
5 4 1 28 2 17 3 11 4 21 8 9 23 10 17 11 11 12 10 13 19 14 15 15 16 16 16 8 5 26 6 10 7 14 8 16 13 20 14 11 15 26 16 17 4 9 12 10 14 11 12 12 26 4 17 10 18 24 19 28 20 21 
5 4 1 28 2 14 3 11 4 12 8 9 13 10 10 11 13 12 14 13 18 14 19 15 20 16 13 4 5 19 6 19 7 21 8 26 12 5 14 6 18 7 28 8 27 9 21 10 17 11 13 12 24 13 17 14 12 15 14 16 13 4 17 18 18 16 19 29 20 17 
5 4 1 24 2 23 3 18 4 22 12 5 11 6 26 7 14 8 26 9 17 10 12 11 25 12 30 13 19 14 16 15 21 16 30 4 13 20 14 22 15 24 16 19 8 9 25 10 17 11 19 12 16 13 26 14 29 15 19 16 12 4 17 28 18 20 19 29 20 30 
5 4 1 10 2 10 3 15 4 30 8 5 27 6 25 7 18 8 10 9 26 10 28 11 26 12 12 4 9 19 10 10 11 17 12 19 4 13 28 14 13 15 16 16 22 4 17 23 18 16 19 19 20 16 
5 4 1 28 2 17 3 11 4 17 8 9 17 10 30 11 17 12 10 13 16 14 12 15 26 16 10 4 9 11 10 21 11 13 12 16 12 5 23 6 30 7 29 8 23 9 29 10 14 11 13 12 19 13 23 14 29 15 22 16 19 4 17 26 18 20 19 21 20 18 
5 4 1 11 2 23 3 29 4 25 4 13 18 14 13 15 11 16 20 12 5 12 6 15 7 28 8 27 9 12 10 16 11 11 12 13 13 15 14 19 15 13 16 12 12 5 15 6 12 7 29 8 28 9 30 10 25 11 18 12 14 13 23 14 12 15 25 16 16 4 17 21 18 24 19 27 20 26 
5 4 1 10 2 15 3 18 4 10 12 5 18 6 16 7 28 8 25 9 16 10 27 11 28 12 14 13 12 14 28 15 30 16 11 8 5 28 6 29 7 23 8 30 13 21 14 30 15 13 16 21 4 9 17 10 10 11 28 12 18 4 17 18 18 12 19 13 20 29 
5 4 1 19 2 25 3 21 4 11 4 13 26 14 18 15 18 16 27 12 5 22 6 19 7 11 8 26 9 28 10 13 11 22 12 25 13 17 14 15 15 10 16 19 8 9 14 10 30 11 28 12 19 13 16 14 26 15 10 16 14 4 17 19 18 19 19 23 20 28 
5 4 1 15 2 26 3 22 4 12 12 5 30 6 18 7 19 8 16 9 25 10 20 11 23 12 21 13 12 14 10 15 14 16 30 4 13 12 14 23 15 14 16 20 4 5 27 6 13 7 30 8 10 4 17 17 18 15 19 27 20 21 
5 4 1 12 2 12 3 25 4 19 12 5 27 6 11 7 28 8 25 9 13 10 26 11 13 12 30 13 17 14 19 15 30 16 27 4 5 18 6 24 7 21 8 13 4 13 25 14 24 15 25 16 23 4 17 12 18 11 19 28 20 28 
5 4 1 15 2 11 3 15 4 14 4 9 18 10 13 11 19 12 16 4 9 26 10 24 11 11 12 20 8 9 29 10 10 11 28 12 24 13 29 14 18 15 21 16 16 4 17 13 18 14 19 21 20 10 
5 4 1 27 2 20 3 22 4 28 8 5 25 6 27 7 11 8 12 13 14 14 12 15 13 16 12 8 5 27 6 25 7 21 8 30 9 14 10 16 11 18 12 14 8 9 20 10 20 11 17 12 15 13 20 14 21 15 25 16 28 4 17 23 18 19 19 14 20 26 
5 4 1 20 2 27 3 10 4 24 4 5 17 6 17 7 16 8 15 8 9 24 10 11 11 17 12 16 13 19 14 24 15 30 16 14 12 5 22 6 28 7 17 8 18 9 15 10 17 11 10 12 13 13 25 14 20 15 28 16 29 4 17 23 18 20 19 13 20 26 
5 4 1 24 2 10 3 10 4 10 8 5 18 6 30 7 21 8 25 13 17 14 19 15 12 16 28 8 5 15 6 27 7 10 8 18 9 20 10 22 11 20 12 29 4 9 24 10 22 11 10 12 26 4 17 10 18 12 19 24 20 26 
5 4 1 10 2 13 3 26 4 28 12 5 11 6 10 7 12 8 28 9 21 10 11 11 24 12 15 13 10 14 15 15 28 16 30 8 9 14 10 17 11 29 12 10 13 20 14 18 15 12 16 18 8 9 25 10 28 11 14 12 20 13 27 14 14 15 11 16 13 4 17 16 18 30 19 28 20 28 
5 4 1 14 2 13 3 14 4 15 8 5 19 6 13 7 11 8 21 13 12 14 20 15 16 16 16 12 5 19 6 17 7 11 8 16 9 11 10 22 11 23 12 18 13 14 14 26 15 28 16 10 8 9 17 10 23 11 23 12 22 13 20 14 19 15 26 16 27 4 17 12 18 24 19 11 20 26 
5 4 1 17 2 24 3 29 4 30 8 9 17 10 13 11 19 12 21 13 24 14 27 15 25 16 10 8 5 23 6 24 7 15 8 14 9 19 10 10 11 16 12 17 12 5 24 6 25 7 22 8 15 9 30 10 16 11 23 12 21 13 20 14 18 15 18 16 15 4 17 26 18 19 19 15 20 15 
3 18 20 63 24 107 142 45 180 235 
7 3 12 25 1 45 66 15 84 101 1 123 136 14 159 174 22 189 218 7 232 249 
11 4 5 17 6 27 39 8 48 62 4 73 81 3 90 108 2 118 124 2 139 147 4 159 171 9 181 193 2 203 215 2 224 238 
10 1 9 17 8 32 46 9 58 72 11 83 99 18 107 127 2 139 147 6 161 177 16 185 205 4 215 227 10 241 253 
3 8 24 52 33 89 139 19 167 213 
8 14 6 25 8 36 57 7 66 89 9 101 116 15 131 148 7 165 176 2 190 213 8 228 237 
21 2 3 9 3 13 23 7 25 35 2 39 45 2 51 57 6 61 71 6 74 82 1 86 94 7 98 106 2 112 116 1 124 128 3 136 140 7 145 155 4 159 165 4 171 177 2 182 190 1 195 201 4 206 214 2 218 226 4 231 237 5 242 250 
8 8 4 24 10 32 52 11 64 76 3 89 107 3 120 132 11 145 163 11 174 190 4 205 215 
4 9 23 42 16 84 111 8 144 181 2 214 241 
2 38 32 105 92 159 252 
9 5 9 21 7 40 50 7 67 83 9 97 113 4 128 142 9 158 172 3 190 200 13 218 232 10 248 262 
7 1 12 25 1 46 65 1 87 98 9 119 140 13 153 180 1 191 216 19 228 253 
12 2 6 15 9 24 39 8 47 58 3 67 80 7 89 100 13 108 123 8 130 143 3 154 161 14 170 187 5 191 208 5 212 229 2 237 246 
19 7 1 13 1 17 25 8 30 40 4 45 53 4 60 66 4 73 81 2 86 96 4 100 110 3 117 121 3 130 136 2 143 151 2 158 164 1 171 179 5 186 192 4 200 206 3 215 219 1 228 234 5 240 250 8 254 264 
17 4 2 13 2 19 26 2 32 43 1 49 56 10 62 73 2 79 86 4 94 101 1 110 115 5 122 133 2 137 148 5 152 163 2 169 176 1 183 192 1 197 208 4 214 221 3 230 235 3 245 250 
20 3 3 10 3 16 23 7 28 37 6 40 51 2 54 63 3 69 74 6 81 88 8 93 102 5 105 116 4 120 127 2 133 140 2 146 153 2 157 168 7 171 180 6 184 193 3 199 204 3 212 217 7 223 232 7 236 245 1 249 258 
10 1 7 17 4 31 41 6 54 66 9 77 91 1 101 115 7 128 136 10 149 163 4 173 187 3 199 209 5 224 232 
7 1 13 24 9 47 64 13 83 102 6 122 137 1 154 179 13 194 213 6 235 246 
6 8 16 28 1 55 77 16 100 120 25 137 171 4 190 206 18 232 252 
11 14 3 22 11 29 46 16 53 72 9 79 96 1 106 119 2 134 141 6 153 172 4 180 195 18 203 222 1 231 244 6 258 267 
