10 20 6.08
5 4 1 26 2 24 3 13 4 26 4 9 28 10 25 11 12 12 30 8 9 13 10 11 11 30 12 22 13 22 14 30 15 20 16 24 4 5 16 6 17 7 16 8 25 4 17 21 18 15 19 27 20 22 
5 4 1 12 2 14 3 20 4 23 4 13 12 14 14 15 19 16 27 8 5 29 6 16 7 22 8 17 13 18 14 25 15 18 16 12 8 9 12 10 24 11 12 12 11 13 10 14 13 15 25 16 10 4 17 17 18 13 19 27 20 30 
5 4 1 22 2 14 3 21 4 28 12 5 12 6 12 7 17 8 25 9 22 10 29 11 23 12 20 13 20 14 15 15 19 16 14 12 5 12 6 22 7 23 8 28 9 28 10 20 11 29 12 22 13 15 14 18 15 27 16 11 4 13 21 14 22 15 11 16 10 4 17 16 18 24 19 13 20 19 
5 4 1 29 2 19 3 28 4 28 12 5 17 6 27 7 15 8 13 9 22 10 13 11 18 12 18 13 13 14 30 15 29 16 17 4 13 25 14 29 15 10 16 24 4 13 12 14 21 15 18 16 10 4 17 29 18 21 19 25 20 12 
5 4 1 12 2 12 3 16 4 29 8 5 12 6 15 7 17 8 23 9 29 10 27 11 11 12 28 8 5 19 6 15 7 15 8 13 9 14 10 19 11 21 12 12 4 5 13 6 20 7 11 8 19 4 17 23 18 29 19 12 20 28 
5 4 1 12 2 20 3 20 4 30 4 5 19 6 30 7 18 8 20 8 5 20 6 26 7 27 8 27 13 27 14 11 15 14 16 14 12 5 28 6 24 7 27 8 25 9 13 10 24 11 21 12 28 13 16 14 28 15 20 16 22 4 17 22 18 16 19 19 20 28 
5 4 1 26 2 10 3 25 4 14 4 13 25 14 11 15 25 16 30 4 9 12 10 23 11 10 12 13 12 5 15 6 21 7 22 8 22 9 15 10 17 11 30 12 20 13 25 14 10 15 27 16 17 4 17 16 18 17 19 13 20 19 
5 4 1 15 2 16 3 30 4 13 8 9 22 10 16 11 20 12 23 13 24 14 15 15 22 16 30 12 5 17 6 16 7 25 8 18 9 22 10 11 11 29 12 15 13 23 14 28 15 22 16 14 12 5 11 6 12 7 20 8 19 9 21 10 23 11 17 12 30 13 27 14 23 15 20 16 26 4 17 29 18 24 19 18 20 30 
5 4 1 11 2 30 3 30 4 19 4 13 21 14 28 15 28 16 11 8 5 22 6 25 7 11 8 11 9 20 10 19 11 11 12 30 8 9 27 10 16 11 20 12 12 13 23 14 23 15 18 16 21 4 17 24 18 15 19 16 20 12 
5 4 1 25 2 11 3 28 4 23 8 5 11 6 14 7 12 8 28 9 29 10 14 11 11 12 12 4 9 28 10 30 11 15 12 28 12 5 24 6 11 7 30 8 29 9 30 10 16 11 12 12 30 13 20 14 25 15 29 16 17 4 17 23 18 11 19 20 20 27 
2 3 7 17 4 31 41 
3 3 4 11 4 17 28 3 33 42 
3 8 3 17 5 26 34 9 43 57 
2 11 5 25 3 39 51 
3 3 3 10 1 17 22 1 30 35 
2 9 5 17 4 26 40 
5 2 2 6 2 10 14 2 17 23 1 26 30 1 34 38 
4 3 3 9 1 15 21 3 26 34 3 38 46 
5 3 2 9 2 14 19 3 24 31 4 35 42 1 47 52 
5 5 2 9 3 13 20 8 23 32 1 36 41 1 47 52 
2 1 3 18 2 28 35 
5 4 1 10 2 13 20 4 25 30 7 34 43 3 46 53 
3 3 5 15 3 25 35 4 46 54 
5 5 3 10 2 17 22 4 28 37 9 40 51 7 54 63 
2 11 7 23 4 37 53 
3 3 5 13 5 23 31 1 41 49 
3 5 5 14 11 22 35 5 44 51 
3 2 4 12 2 21 27 4 35 45 
3 1 2 14 1 21 27 3 35 45 
2 2 8 21 5 34 53 
