100 40 12.51
5 4 1 17 2 11 3 16 4 26 8 5 21 6 13 7 24 8 17 21 14 22 24 23 27 24 23 4 33 26 34 27 35 29 36 20 12 5 18 6 11 7 27 8 30 9 15 10 19 11 19 12 19 13 13 14 12 15 12 16 12 4 37 25 38 16 39 16 40 26 
5 4 1 23 2 24 3 26 4 28 4 17 19 18 24 19 23 20 24 12 9 27 10 22 11 25 12 22 25 18 26 29 27 13 28 21 29 16 30 12 31 28 32 21 28 9 12 10 26 11 26 12 22 13 18 14 18 15 11 16 16 17 16 18 10 19 29 20 27 21 15 22 17 23 19 24 23 25 30 26 25 27 15 28 13 29 11 30 25 31 20 32 26 33 24 34 14 35 17 36 25 4 37 29 38 14 39 16 40 27 
5 4 1 26 2 17 3 19 4 30 16 5 29 6 10 7 14 8 23 9 23 10 13 11 24 12 14 21 28 22 23 23 14 24 20 33 14 34 12 35 18 36 15 32 5 25 6 17 7 14 8 25 9 12 10 20 11 30 12 22 13 26 14 24 15 18 16 19 17 15 18 16 19 13 20 23 21 23 22 12 23 14 24 22 25 21 26 17 27 16 28 22 29 27 30 14 31 22 32 28 33 15 34 12 35 14 36 11 4 25 12 26 11 27 19 28 10 4 37 17 38 22 39 16 40 18 
5 4 1 25 2 13 3 24 4 12 4 25 21 26 26 27 29 28 30 32 5 30 6 11 7 20 8 16 9 19 10 13 11 24 12 24 13 13 14 21 15 12 16 21 17 13 18 21 19 24 20 24 21 28 22 12 23 25 24 17 25 19 26 11 27 19 28 13 29 22 30 17 31 29 32 27 33 28 34 23 35 20 36 23 24 5 25 6 10 7 23 8 30 9 24 10 18 11 25 12 29 17 17 18 28 19 13 20 13 25 12 26 18 27 27 28 14 29 16 30 19 31 18 32 12 33 17 34 12 35 29 36 20 4 37 16 38 25 39 24 40 29 
5 4 1 16 2 11 3 30 4 12 12 13 24 14 11 15 27 16 16 21 29 22 18 23 17 24 21 29 30 30 22 31 14 32 18 20 9 22 10 11 11 24 12 12 13 28 14 19 15 23 16 18 17 19 18 14 19 20 20 29 21 14 22 18 23 22 24 11 25 22 26 16 27 16 28 10 32 5 20 6 10 7 26 8 21 9 15 10 24 11 11 12 30 13 12 14 25 15 15 16 20 17 10 18 28 19 19 20 22 21 26 22 26 23 15 24 20 25 16 26 24 27 23 28 24 29 26 30 25 31 19 32 28 33 16 34 10 35 25 36 13 4 37 22 38 14 39 12 40 14 
5 4 1 13 2 15 3 28 4 25 4 13 27 14 21 15 12 16 29 24 13 22 14 11 15 19 16 27 17 25 18 19 19 21 20 19 21 28 22 17 23 13 24 27 25 13 26 17 27 13 28 22 29 30 30 24 31 27 32 20 33 19 34 28 35 16 36 27 4 13 17 14 30 15 29 16 26 4 37 16 38 30 39 30 40 22 
5 4 1 11 2 10 3 12 4 29 32 5 12 6 25 7 10 8 24 9 27 10 26 11 23 12 28 13 23 14 23 15 15 16 25 17 19 18 11 19 10 20 24 21 25 22 11 23 28 24 16 25 30 26 25 27 28 28 19 29 11 30 23 31 22 32 24 33 29 34 22 35 18 36 23 28 5 24 6 22 7 17 8 27 9 17 10 26 11 26 12 28 13 15 14 23 15 16 16 24 17 15 18 10 19 29 20 23 25 24 26 26 27 27 28 18 29 17 30 12 31 23 32 22 33 10 34 27 35 10 36 19 32 5 22 6 25 7 26 8 18 9 27 10 13 11 22 12 17 13 24 14 24 15 18 16 18 17 19 18 22 19 26 20 24 21 29 22 11 23 11 24 10 25 22 26 22 27 11 28 16 29 13 30 28 31 29 32 21 33 19 34 14 35 30 36 22 4 37 24 38 17 39 16 40 28 
5 4 1 19 2 15 3 11 4 23 32 5 30 6 20 7 21 8 16 9 10 10 23 11 28 12 30 13 29 14 19 15 21 16 10 17 22 18 15 19 10 20 21 21 16 22 23 23 23 24 22 25 27 26 24 27 11 28 27 29 24 30 24 31 21 32 13 33 27 34 13 35 10 36 29 28 9 13 10 17 11 15 12 29 13 22 14 10 15 21 16 22 17 28 18 25 19 12 20 29 21 27 22 14 23 19 24 28 25 19 26 12 27 10 28 21 29 10 30 26 31 10 32 27 33 28 34 15 35 10 36 10 12 9 10 10 22 11 30 12 23 13 19 14 18 15 27 16 22 29 19 30 28 31 20 32 11 4 37 24 38 18 39 13 40 16 
5 4 1 19 2 26 3 12 4 22 8 5 12 6 29 7 21 8 16 13 23 14 22 15 23 16 19 32 5 28 6 23 7 30 8 14 9 12 10 22 11 27 12 12 13 13 14 30 15 19 16 16 17 12 18 30 19 23 20 26 21 25 22 25 23 14 24 19 25 18 26 20 27 17 28 19 29 15 30 27 31 15 32 29 33 19 34 28 35 30 36 19 8 13 24 14 11 15 30 16 14 29 24 30 10 31 21 32 19 4 37 29 38 21 39 21 40 10 
5 4 1 11 2 18 3 30 4 21 16 5 30 6 19 7 14 8 28 13 28 14 10 15 15 16 24 29 18 30 27 31 15 32 28 33 13 34 23 35 11 36 22 4 17 10 18 30 19 10 20 28 12 17 12 18 10 19 17 20 24 29 22 30 15 31 26 32 18 33 22 34 21 35 17 36 23 4 37 18 38 14 39 21 40 27 
5 4 1 25 2 10 3 19 4 19 8 21 23 22 19 23 19 24 23 25 18 26 30 27 29 28 18 24 5 15 6 22 7 19 8 17 9 16 10 12 11 30 12 16 13 27 14 17 15 18 16 12 25 19 26 24 27 26 28 28 29 23 30 26 31 30 32 18 33 29 34 14 35 22 36 30 8 17 12 18 27 19 18 20 22 21 26 22 21 23 11 24 25 4 37 18 38 12 39 20 40 21 
5 4 1 20 2 29 3 16 4 25 8 5 19 6 17 7 24 8 27 29 12 30 29 31 27 32 23 24 5 28 6 26 7 13 8 14 9 17 10 14 11 19 12 23 13 15 14 12 15 19 16 16 25 13 26 11 27 16 28 30 29 22 30 23 31 11 32 25 33 19 34 15 35 10 36 24 28 5 22 6 26 7 19 8 23 9 18 10 22 11 17 12 10 13 10 14 22 15 11 16 28 17 18 18 27 19 19 20 24 21 11 22 10 23 22 24 18 25 21 26 22 27 27 28 25 33 29 34 25 35 17 36 14 4 37 17 38 11 39 17 40 22 
5 4 1 23 2 26 3 26 4 20 20 13 20 14 25 15 14 16 21 17 30 18 15 19 26 20 20 21 10 22 25 23 25 24 20 25 15 26 12 27 19 28 17 29 19 30 29 31 28 32 13 8 29 27 30 23 31 10 32 26 33 15 34 10 35 15 36 14 20 5 19 6 23 7 30 8 18 9 25 10 11 11 22 12 14 17 15 18 19 19 19 20 26 21 30 22 27 23 15 24 30 33 11 34 30 35 20 36 30 4 37 20 38 14 39 12 40 18 
5 4 1 27 2 21 3 17 4 20 32 5 17 6 22 7 17 8 16 9 22 10 12 11 15 12 26 13 28 14 21 15 25 16 20 17 29 18 27 19 11 20 23 21 24 22 27 23 21 24 25 25 29 26 12 27 12 28 17 29 25 30 26 31 29 32 21 33 14 34 30 35 30 36 28 20 9 11 10 29 11 28 12 26 13 19 14 19 15 23 16 25 17 10 18 21 19 12 20 19 25 24 26 15 27 28 28 20 29 19 30 26 31 24 32 26 12 5 18 6 22 7 18 8 26 9 21 10 23 11 15 12 22 25 10 26 11 27 28 28 20 4 37 10 38 24 39 24 40 14 
5 4 1 21 2 15 3 25 4 25 24 5 27 6 30 7 12 8 25 9 20 10 21 11 30 12 26 13 17 14 24 15 26 16 26 25 28 26 12 27 14 28 14 29 30 30 12 31 10 32 12 33 27 34 20 35 22 36 26 8 5 18 6 24 7 26 8 18 13 19 14 18 15 11 16 12 28 9 29 10 30 11 24 12 18 13 12 14 24 15 18 16 28 17 23 18 16 19 16 20 23 21 29 22 13 23 12 24 20 25 17 26 23 27 17 28 20 29 27 30 12 31 16 32 29 33 12 34 21 35 21 36 30 4 37 21 38 24 39 27 40 15 
5 4 1 15 2 19 3 21 4 23 4 21 22 22 22 23 27 24 14 24 5 30 6 12 7 28 8 10 9 24 10 18 11 14 12 27 17 22 18 12 19 17 20 15 21 22 22 23 23 11 24 11 25 29 26 20 27 25 28 13 29 24 30 21 31 14 32 13 32 5 16 6 27 7 29 8 30 9 19 10 22 11 28 12 12 13 26 14 17 15 18 16 11 17 12 18 12 19 18 20 25 21 17 22 23 23 23 24 10 25 30 26 11 27 29 28 17 29 13 30 27 31 15 32 10 33 29 34 23 35 18 36 26 4 37 14 38 30 39 10 40 14 
5 4 1 11 2 25 3 30 4 22 20 9 11 10 22 11 30 12 18 13 13 14 25 15 14 16 24 17 15 18 13 19 17 20 26 29 15 30 18 31 10 32 20 33 23 34 22 35 25 36 21 32 5 13 6 29 7 29 8 12 9 15 10 14 11 27 12 17 13 21 14 14 15 16 16 19 17 23 18 19 19 27 20 20 21 29 22 27 23 12 24 13 25 15 26 27 27 13 28 10 29 30 30 14 31 27 32 23 33 20 34 23 35 24 36 27 24 5 18 6 30 7 24 8 12 9 14 10 26 11 18 12 24 13 16 14 29 15 12 16 15 17 27 18 27 19 11 20 17 21 19 22 29 23 13 24 22 25 24 26 20 27 22 28 28 4 37 15 38 28 39 14 40 24 
5 4 1 17 2 14 3 12 4 26 28 5 24 6 13 7 30 8 10 9 29 10 24 11 28 12 29 13 24 14 26 15 20 16 23 17 14 18 11 19 20 20 23 21 13 22 20 23 28 24 20 29 21 30 13 31 28 32 18 33 22 34 16 35 16 36 15 4 33 12 34 28 35 21 36 17 12 13 26 14 16 15 19 16 19 25 27 26 19 27 17 28 14 33 27 34 23 35 10 36 13 4 37 30 38 24 39 20 40 29 
5 4 1 21 2 16 3 23 4 18 28 5 29 6 16 7 21 8 14 9 11 10 16 11 26 12 20 13 11 14 12 15 15 16 28 17 10 18 23 19 12 20 15 21 10 22 28 23 21 24 15 29 26 30 19 31 14 32 19 33 24 34 20 35 17 36 27 28 5 21 6 22 7 11 8 17 9 17 10 24 11 20 12 16 13 25 14 11 15 28 16 10 21 13 22 17 23 14 24 14 25 28 26 21 27 12 28 17 29 16 30 16 31 23 32 15 33 20 34 29 35 26 36 16 16 9 11 10 21 11 16 12 24 13 19 14 10 15 21 16 20 17 21 18 15 19 16 20 29 29 10 30 14 31 27 32 25 4 37 24 38 30 39 15 40 20 
5 4 1 16 2 27 3 20 4 17 12 5 24 6 18 7 22 8 15 9 10 10 13 11 28 12 21 13 27 14 21 15 16 16 19 32 5 16 6 11 7 13 8 14 9 21 10 11 11 20 12 13 13 11 14 29 15 24 16 23 17 18 18 28 19 11 20 23 21 23 22 28 23 11 24 13 25 30 26 26 27 26 28 18 29 18 30 22 31 24 32 21 33 27 34 22 35 10 36 25 28 5 26 6 21 7 21 8 27 9 23 10 28 11 28 12 10 13 28 14 23 15 22 16 30 21 24 22 28 23 18 24 28 25 25 26 25 27 25 28 23 29 11 30 29 31 17 32 14 33 22 34 23 35 25 36 11 4 37 15 38 13 39 18 40 16 
5 4 1 29 2 17 3 16 4 24 24 9 24 10 23 11 27 12 12 17 26 18 25 19 14 20 10 21 14 22 28 23 26 24 23 25 22 26 19 27 18 28 12 29 18 30 22 31 16 32 16 33 19 34 14 35 27 36 20 24 13 16 14 30 15 27 16 12 17 24 18 14 19 28 20 20 21 20 22 14 23 18 24 10 25 19 26 16 27 26 28 21 29 23 30 30 31 14 32 11 33 17 34 17 35 28 36 18 8 5 25 6 10 7 13 8 10 9 13 10 24 11 29 12 11 4 37 27 38 12 39 22 40 13 
5 4 1 18 2 14 3 27 4 15 28 5 30 6 12 7 17 8 17 9 14 10 10 11 30 12 29 13 14 14 18 15 12 16 28 17 30 18 11 19 22 20 21 21 18 22 23 23 13 24 28 25 25 26 21 27 29 28 17 29 23 30 19 31 27 32 13 8 17 28 18 26 19 29 20 22 25 16 26 13 27 15 28 26 8 13 29 14 30 15 16 16 20 33 20 34 19 35 10 36 25 4 37 15 38 24 39 12 40 20 
5 4 1 28 2 18 3 20 4 28 32 5 25 6 13 7 16 8 25 9 16 10 24 11 30 12 26 13 12 14 21 15 13 16 22 17 19 18 19 19 12 20 14 21 18 22 22 23 26 24 26 25 14 26 10 27 23 28 24 29 24 30 30 31 21 32 22 33 22 34 11 35 24 36 20 12 9 21 10 25 11 17 12 13 13 12 14 29 15 21 16 28 33 21 34 14 35 30 36 26 24 5 29 6 19 7 20 8 30 13 16 14 29 15 27 16 12 21 29 22 13 23 18 24 17 25 24 26 24 27 10 28 25 29 16 30 26 31 13 32 10 33 14 34 17 35 16 36 27 4 37 25 38 29 39 19 40 30 
5 4 1 14 2 10 3 11 4 17 32 5 13 6 27 7 22 8 27 9 23 10 20 11 28 12 24 13 27 14 29 15 23 16 20 17 25 18 26 19 29 20 25 21 21 22 23 23 14 24 25 25 26 26 22 27 19 28 14 29 30 30 29 31 25 32 12 33 13 34 12 35 14 36 26 16 5 30 6 25 7 21 8 21 17 24 18 25 19 17 20 11 25 16 26 20 27 19 28 27 29 18 30 19 31 16 32 20 4 13 22 14 29 15 18 16 23 4 37 24 38 26 39 12 40 23 
5 4 1 25 2 13 3 21 4 23 16 13 23 14 26 15 23 16 11 25 22 26 12 27 25 28 14 29 21 30 27 31 16 32 19 33 23 34 13 35 29 36 18 8 21 28 22 19 23 29 24 14 29 23 30 21 31 25 32 24 28 5 28 6 19 7 17 8 21 9 18 10 10 11 24 12 26 17 20 18 16 19 11 20 27 21 15 22 22 23 30 24 16 25 13 26 19 27 17 28 10 29 18 30 22 31 27 32 23 33 13 34 14 35 27 36 13 4 37 14 38 11 39 10 40 10 
5 4 1 24 2 24 3 20 4 25 4 33 21 34 19 35 26 36 27 32 5 13 6 25 7 26 8 17 9 17 10 15 11 12 12 22 13 29 14 30 15 12 16 21 17 21 18 15 19 12 20 13 21 22 22 16 23 11 24 23 25 11 26 29 27 28 28 13 29 26 30 10 31 28 32 13 33 20 34 14 35 14 36 18 12 9 11 10 17 11 26 12 18 17 28 18 20 19 29 20 20 29 11 30 25 31 15 32 25 4 37 22 38 24 39 21 40 26 
5 4 1 16 2 22 3 20 4 29 8 13 10 14 23 15 14 16 20 33 15 34 11 35 22 36 24 32 5 16 6 21 7 27 8 30 9 23 10 23 11 19 12 21 13 15 14 22 15 27 16 21 17 30 18 21 19 14 20 10 21 14 22 17 23 13 24 14 25 19 26 30 27 22 28 30 29 26 30 12 31 20 32 12 33 30 34 14 35 23 36 11 32 5 24 6 30 7 28 8 22 9 10 10 21 11 11 12 10 13 16 14 24 15 27 16 15 17 14 18 14 19 18 20 27 21 30 22 19 23 22 24 13 25 16 26 26 27 24 28 25 29 12 30 23 31 19 32 22 33 20 34 13 35 17 36 10 4 37 22 38 19 39 17 40 11 
5 4 1 19 2 11 3 19 4 14 12 5 10 6 27 7 30 8 16 9 10 10 10 11 12 12 11 33 24 34 12 35 30 36 23 24 9 26 10 15 11 29 12 27 13 14 14 10 15 12 16 22 21 12 22 26 23 10 24 29 25 17 26 11 27 17 28 16 29 27 30 16 31 17 32 25 33 18 34 24 35 17 36 14 28 5 13 6 28 7 21 8 12 9 13 10 18 11 28 12 26 13 25 14 19 15 14 16 11 21 21 22 13 23 21 24 22 25 16 26 15 27 18 28 11 29 11 30 10 31 23 32 16 33 28 34 27 35 27 36 17 4 37 20 38 29 39 11 40 10 
5 4 1 25 2 28 3 24 4 20 4 29 27 30 24 31 14 32 30 24 5 30 6 21 7 30 8 24 13 12 14 27 15 17 16 12 17 28 18 21 19 24 20 12 21 12 22 21 23 20 24 18 25 27 26 17 27 27 28 27 29 14 30 23 31 13 32 25 12 25 25 26 19 27 23 28 21 29 16 30 28 31 11 32 12 33 25 34 16 35 29 36 24 4 37 25 38 30 39 14 40 18 
5 4 1 24 2 23 3 22 4 14 8 17 14 18 17 19 14 20 10 29 11 30 14 31 30 32 11 32 5 16 6 14 7 14 8 14 9 27 10 17 11 10 12 20 13 12 14 10 15 18 16 29 17 16 18 22 19 29 20 20 21 16 22 13 23 19 24 17 25 30 26 29 27 28 28 22 29 26 30 29 31 27 32 20 33 10 34 25 35 20 36 20 4 13 28 14 17 15 29 16 24 4 37 11 38 16 39 28 40 20 
5 4 1 19 2 26 3 16 4 20 28 5 26 6 15 7 18 8 23 9 27 10 22 11 19 12 29 17 23 18 16 19 17 20 15 21 22 22 16 23 12 24 10 25 25 26 13 27 17 28 17 29 10 30 16 31 16 32 30 33 14 34 22 35 25 36 24 16 5 20 6 11 7 10 8 22 17 17 18 27 19 19 20 27 29 12 30 21 31 19 32 19 33 19 34 13 35 24 36 22 8 21 18 22 25 23 22 24 19 29 29 30 21 31 22 32 27 4 37 16 38 25 39 25 40 21 
5 4 1 29 2 24 3 18 4 26 32 5 19 6 19 7 19 8 20 9 19 10 11 11 18 12 27 13 18 14 14 15 28 16 20 17 27 18 25 19 20 20 26 21 20 22 28 23 26 24 11 25 15 26 12 27 15 28 26 29 29 30 10 31 13 32 20 33 28 34 26 35 22 36 16 12 13 26 14 23 15 16 16 21 25 27 26 16 27 16 28 26 29 13 30 25 31 16 32 23 12 13 18 14 21 15 16 16 15 17 28 18 25 19 21 20 27 33 27 34 17 35 30 36 17 4 37 18 38 23 39 27 40 24 
5 4 1 25 2 22 3 30 4 11 32 5 28 6 27 7 14 8 11 9 18 10 15 11 14 12 10 13 26 14 28 15 14 16 19 17 10 18 27 19 29 20 12 21 11 22 25 23 11 24 29 25 21 26 20 27 10 28 12 29 29 30 28 31 23 32 20 33 19 34 30 35 15 36 10 4 13 13 14 15 15 17 16 17 32 5 13 6 22 7 15 8 17 9 17 10 25 11 15 12 28 13 10 14 18 15 10 16 14 17 10 18 30 19 30 20 27 21 29 22 21 23 18 24 10 25 14 26 25 27 11 28 24 29 10 30 30 31 17 32 23 33 16 34 27 35 26 36 19 4 37 13 38 13 39 12 40 10 
5 4 1 20 2 13 3 17 4 23 28 5 21 6 14 7 13 8 18 9 15 10 27 11 13 12 26 17 28 18 28 19 30 20 15 21 15 22 11 23 15 24 25 25 24 26 18 27 21 28 11 29 25 30 23 31 16 32 28 33 30 34 19 35 18 36 10 12 17 24 18 16 19 12 20 22 25 18 26 14 27 19 28 22 29 27 30 22 31 25 32 29 20 17 26 18 19 19 24 20 26 21 24 22 19 23 26 24 14 25 16 26 12 27 21 28 28 29 19 30 11 31 17 32 20 33 26 34 22 35 20 36 12 4 37 25 38 28 39 24 40 28 
5 4 1 11 2 23 3 29 4 27 32 5 12 6 13 7 28 8 17 9 24 10 16 11 10 12 28 13 26 14 12 15 20 16 12 17 22 18 29 19 20 20 12 21 29 22 24 23 27 24 11 25 14 26 16 27 21 28 15 29 10 30 14 31 11 32 13 33 30 34 28 35 26 36 29 28 5 11 6 21 7 14 8 25 9 26 10 15 11 15 12 27 13 26 14 18 15 21 16 14 17 27 18 30 19 14 20 16 21 29 22 15 23 27 24 15 25 23 26 17 27 26 28 22 33 10 34 16 35 25 36 25 8 13 17 14 23 15 13 16 11 33 26 34 29 35 20 36 19 4 37 19 38 10 39 10 40 29 
5 4 1 14 2 29 3 25 4 14 24 9 29 10 29 11 29 12 28 13 20 14 12 15 11 16 28 17 23 18 10 19 21 20 15 21 22 22 28 23 13 24 11 25 22 26 30 27 29 28 28 33 25 34 28 35 13 36 16 28 5 11 6 25 7 13 8 28 9 22 10 11 11 17 12 25 17 16 18 20 19 29 20 30 21 21 22 29 23 17 24 19 25 30 26 13 27 30 28 19 29 15 30 11 31 21 32 27 33 15 34 14 35 16 36 19 32 5 15 6 21 7 11 8 14 9 24 10 14 11 19 12 13 13 27 14 10 15 23 16 15 17 16 18 17 19 15 20 15 21 28 22 23 23 19 24 20 25 19 26 13 27 25 28 26 29 22 30 27 31 29 32 13 33 15 34 27 35 12 36 30 4 37 21 38 15 39 12 40 15 
5 4 1 27 2 25 3 23 4 22 32 5 25 6 16 7 13 8 17 9 14 10 11 11 22 12 16 13 19 14 18 15 13 16 14 17 15 18 29 19 14 20 11 21 26 22 22 23 22 24 29 25 30 26 20 27 22 28 21 29 27 30 24 31 13 32 30 33 26 34 27 35 19 36 30 20 9 16 10 10 11 11 12 21 17 12 18 21 19 10 20 23 21 20 22 19 23 22 24 20 29 19 30 15 31 11 32 15 33 16 34 20 35 24 36 12 16 9 22 10 30 11 21 12 25 13 28 14 10 15 29 16 19 21 16 22 25 23 16 24 29 25 23 26 16 27 14 28 30 4 37 19 38 15 39 15 40 26 
5 4 1 29 2 10 3 26 4 25 20 9 25 10 21 11 24 12 17 13 26 14 29 15 20 16 24 21 23 22 27 23 27 24 29 25 14 26 17 27 14 28 17 29 27 30 10 31 12 32 26 8 5 28 6 16 7 25 8 26 25 18 26 12 27 22 28 22 8 25 13 26 20 27 12 28 29 29 10 30 26 31 23 32 19 4 37 14 38 26 39 23 40 21 
5 4 1 25 2 13 3 26 4 25 12 5 27 6 20 7 24 8 10 9 23 10 24 11 13 12 20 29 11 30 25 31 26 32 27 20 5 21 6 11 7 23 8 29 21 30 22 10 23 24 24 22 25 29 26 29 27 30 28 29 29 25 30 14 31 19 32 14 33 30 34 16 35 25 36 16 4 29 11 30 21 31 29 32 12 4 37 22 38 12 39 15 40 19 
5 4 1 19 2 20 3 11 4 28 24 5 13 6 20 7 21 8 20 9 29 10 22 11 27 12 18 17 25 18 17 19 17 20 13 21 28 22 14 23 22 24 16 25 13 26 20 27 23 28 30 33 24 34 30 35 17 36 27 8 9 23 10 10 11 14 12 27 13 18 14 25 15 18 16 21 20 9 27 10 10 11 12 12 17 13 11 14 25 15 14 16 10 17 12 18 27 19 30 20 17 29 25 30 11 31 17 32 20 33 19 34 25 35 25 36 29 4 37 30 38 28 39 19 40 20 
5 4 1 27 2 29 3 16 4 22 4 25 27 26 25 27 18 28 25 4 29 28 30 25 31 28 32 12 12 9 29 10 23 11 27 12 13 13 14 14 27 15 13 16 15 25 16 26 13 27 29 28 17 4 37 29 38 24 39 21 40 25 
5 4 1 11 2 30 3 13 4 14 28 5 25 6 27 7 27 8 12 9 23 10 22 11 11 12 24 13 22 14 28 15 21 16 15 21 29 22 11 23 16 24 12 25 18 26 29 27 18 28 28 29 11 30 20 31 15 32 28 33 20 34 22 35 29 36 18 8 9 22 10 16 11 25 12 27 17 21 18 24 19 17 20 10 32 5 17 6 11 7 27 8 28 9 10 10 28 11 15 12 19 13 17 14 30 15 20 16 26 17 26 18 30 19 10 20 14 21 27 22 29 23 27 24 26 25 15 26 21 27 18 28 27 29 26 30 24 31 29 32 20 33 29 34 30 35 17 36 23 4 37 22 38 10 39 17 40 21 
5 4 1 19 2 28 3 29 4 15 28 5 20 6 23 7 14 8 13 9 18 10 21 11 30 12 29 13 11 14 24 15 12 16 28 21 19 22 14 23 23 24 12 25 10 26 18 27 10 28 23 29 24 30 11 31 27 32 18 33 30 34 11 35 21 36 17 4 9 23 10 15 11 25 12 24 12 9 29 10 11 11 22 12 15 29 21 30 15 31 19 32 11 33 12 34 18 35 14 36 22 4 37 13 38 28 39 21 40 29 
5 4 1 15 2 21 3 28 4 22 4 25 19 26 21 27 23 28 30 32 5 24 6 21 7 18 8 20 9 24 10 29 11 27 12 10 13 14 14 30 15 20 16 23 17 22 18 28 19 21 20 28 21 19 22 26 23 30 24 26 25 26 26 10 27 19 28 27 29 29 30 13 31 29 32 14 33 20 34 10 35 26 36 13 8 29 23 30 29 31 14 32 20 33 22 34 23 35 14 36 29 4 37 13 38 10 39 15 40 28 
5 4 1 21 2 15 3 11 4 12 4 21 15 22 18 23 23 24 29 16 9 24 10 23 11 30 12 15 17 20 18 18 19 30 20 11 29 27 30 21 31 10 32 14 33 13 34 30 35 25 36 21 20 5 17 6 24 7 20 8 16 9 20 10 13 11 11 12 17 17 21 18 13 19 13 20 11 21 12 22 17 23 11 24 16 29 17 30 27 31 23 32 18 4 37 28 38 16 39 12 40 18 
5 4 1 22 2 30 3 18 4 12 20 5 14 6 22 7 11 8 12 9 20 10 12 11 22 12 21 17 14 18 21 19 17 20 13 21 17 22 24 23 20 24 15 29 19 30 29 31 21 32 11 8 17 18 18 16 19 17 20 12 21 30 22 14 23 13 24 25 20 9 17 10 18 11 20 12 13 17 26 18 14 19 10 20 25 21 11 22 19 23 22 24 17 25 14 26 13 27 23 28 24 33 29 34 17 35 15 36 27 4 37 20 38 19 39 24 40 27 
5 4 1 10 2 15 3 28 4 17 16 9 10 10 27 11 26 12 27 17 25 18 18 19 16 20 10 21 14 22 18 23 16 24 19 25 16 26 26 27 28 28 12 8 9 12 10 14 11 25 12 22 17 20 18 24 19 14 20 29 32 5 16 6 23 7 24 8 13 9 24 10 21 11 18 12 19 13 29 14 10 15 21 16 14 17 15 18 14 19 13 20 16 21 20 22 20 23 13 24 30 25 30 26 18 27 10 28 11 29 18 30 14 31 30 32 29 33 15 34 13 35 26 36 26 4 37 22 38 14 39 24 40 21 
5 4 1 16 2 23 3 25 4 12 4 13 23 14 26 15 16 16 28 16 9 13 10 23 11 16 12 19 17 28 18 29 19 24 20 16 25 16 26 26 27 12 28 21 29 27 30 30 31 24 32 28 12 9 20 10 27 11 20 12 28 17 25 18 10 19 13 20 17 21 17 22 10 23 29 24 27 4 37 24 38 26 39 14 40 24 
5 4 1 22 2 20 3 27 4 16 4 21 18 22 11 23 17 24 23 24 5 12 6 15 7 12 8 21 9 23 10 10 11 12 12 26 21 11 22 14 23 30 24 29 25 28 26 15 27 24 28 21 29 13 30 22 31 17 32 21 33 22 34 26 35 25 36 24 20 9 28 10 16 11 13 12 29 13 11 14 25 15 13 16 17 25 27 26 18 27 18 28 27 29 14 30 27 31 27 32 30 33 15 34 17 35 10 36 12 4 37 11 38 17 39 24 40 30 
5 4 1 11 2 11 3 15 4 19 20 9 27 10 24 11 21 12 22 13 29 14 19 15 26 16 27 21 27 22 20 23 27 24 26 25 25 26 17 27 16 28 25 33 22 34 21 35 23 36 24 16 5 19 6 17 7 26 8 27 13 20 14 18 15 10 16 24 25 25 26 11 27 20 28 28 29 10 30 15 31 17 32 20 28 9 10 10 15 11 26 12 27 13 16 14 29 15 13 16 23 17 25 18 23 19 10 20 11 21 16 22 13 23 16 24 19 25 30 26 15 27 28 28 30 29 10 30 13 31 17 32 15 33 10 34 22 35 16 36 14 4 37 24 38 20 39 27 40 30 
5 4 1 11 2 12 3 11 4 12 24 9 30 10 24 11 30 12 18 13 23 14 26 15 14 16 16 17 21 18 21 19 27 20 12 25 17 26 19 27 14 28 23 29 12 30 13 31 19 32 17 33 10 34 21 35 25 36 26 28 5 24 6 23 7 11 8 22 9 27 10 25 11 13 12 14 13 17 14 17 15 17 16 14 17 16 18 30 19 25 20 28 21 13 22 26 23 25 24 30 25 30 26 18 27 14 28 16 29 22 30 15 31 21 32 20 28 5 10 6 12 7 27 8 16 9 28 10 28 11 24 12 10 17 30 18 16 19 11 20 16 21 21 22 23 23 28 24 24 25 27 26 26 27 11 28 28 29 19 30 19 31 16 32 16 33 27 34 19 35 12 36 18 4 37 22 38 23 39 25 40 27 
5 4 1 16 2 12 3 28 4 11 8 9 14 10 25 11 17 12 26 33 21 34 18 35 16 36 24 24 5 19 6 17 7 13 8 21 9 19 10 22 11 13 12 28 13 14 14 30 15 30 16 22 21 18 22 10 23 14 24 28 25 23 26 15 27 28 28 26 29 24 30 12 31 24 32 10 8 9 12 10 26 11 21 12 17 25 14 26 16 27 21 28 16 4 37 15 38 10 39 22 40 16 
5 4 1 17 2 13 3 20 4 29 4 5 20 6 30 7 26 8 20 4 21 29 22 19 23 10 24 15 4 13 27 14 15 15 11 16 13 4 37 10 38 27 39 28 40 16 
5 4 1 23 2 28 3 15 4 10 8 9 26 10 29 11 27 12 20 17 18 18 20 19 17 20 11 8 21 13 22 22 23 11 24 26 29 27 30 12 31 23 32 13 20 9 30 10 23 11 23 12 16 17 12 18 18 19 21 20 11 21 18 22 26 23 26 24 13 25 24 26 30 27 15 28 20 29 16 30 25 31 27 32 27 4 37 17 38 25 39 16 40 27 
5 4 1 27 2 20 3 15 4 10 24 5 28 6 14 7 25 8 13 9 18 10 25 11 28 12 10 17 25 18 15 19 12 20 27 21 26 22 20 23 11 24 11 29 30 30 27 31 10 32 28 33 27 34 18 35 19 36 22 8 13 29 14 30 15 13 16 27 25 27 26 28 27 29 28 25 32 5 19 6 26 7 19 8 13 9 25 10 10 11 15 12 12 13 30 14 10 15 10 16 17 17 21 18 17 19 14 20 22 21 27 22 20 23 15 24 17 25 27 26 16 27 28 28 29 29 21 30 21 31 18 32 10 33 19 34 15 35 11 36 23 4 37 24 38 20 39 19 40 29 
5 4 1 18 2 22 3 28 4 27 4 13 12 14 17 15 16 16 25 4 9 18 10 27 11 28 12 25 4 17 27 18 27 19 28 20 22 4 37 10 38 10 39 14 40 26 
5 4 1 11 2 11 3 28 4 21 20 5 17 6 26 7 11 8 24 9 28 10 20 11 29 12 24 17 27 18 27 19 24 20 26 21 19 22 24 23 14 24 26 25 23 26 29 27 11 28 24 32 5 24 6 26 7 24 8 12 9 16 10 21 11 19 12 22 13 24 14 10 15 18 16 12 17 18 18 25 19 29 20 20 21 30 22 26 23 11 24 30 25 21 26 30 27 16 28 14 29 11 30 10 31 21 32 30 33 24 34 10 35 27 36 29 8 5 27 6 28 7 10 8 19 9 19 10 10 11 20 12 13 4 37 25 38 22 39 29 40 22 
5 4 1 29 2 17 3 16 4 24 12 5 25 6 10 7 21 8 13 9 11 10 26 11 21 12 23 25 22 26 26 27 30 28 21 8 13 18 14 29 15 13 16 28 33 14 34 26 35 22 36 22 24 5 17 6 18 7 18 8 18 13 26 14 28 15 30 16 29 17 19 18 19 19 11 20 22 21 13 22 10 23 17 24 11 25 19 26 16 27 22 28 13 29 18 30 15 31 19 32 27 4 37 18 38 22 39 23 40 10 
5 4 1 30 2 27 3 26 4 21 24 5 20 6 16 7 20 8 23 9 20 10 16 11 30 12 13 13 21 14 27 15 10 16 27 17 27 18 23 19 11 20 18 21 24 22 23 23 23 24 22 29 16 30 28 31 16 32 12 8 21 24 22 26 23 29 24 23 29 18 30 11 31 14 32 19 20 5 18 6 25 7 15 8 29 9 30 10 28 11 27 12 20 13 20 14 23 15 17 16 16 21 17 22 13 23 29 24 27 25 28 26 24 27 29 28 13 4 37 13 38 22 39 17 40 19 
5 4 1 20 2 24 3 24 4 26 4 21 11 22 24 23 15 24 22 32 5 30 6 26 7 23 8 25 9 21 10 11 11 15 12 25 13 13 14 14 15 15 16 29 17 26 18 22 19 30 20 23 21 26 22 26 23 23 24 13 25 10 26 10 27 23 28 13 29 14 30 26 31 23 32 10 33 14 34 11 35 27 36 28 4 29 20 30 17 31 23 32 17 4 37 11 38 30 39 16 40 17 
5 4 1 19 2 30 3 22 4 20 28 5 15 6 29 7 23 8 21 9 25 10 24 11 29 12 16 13 24 14 13 15 14 16 29 21 21 22 20 23 10 24 24 25 23 26 30 27 17 28 23 29 18 30 17 31 29 32 15 33 18 34 23 35 11 36 26 24 5 13 6 20 7 16 8 23 9 25 10 11 11 14 12 21 13 28 14 10 15 25 16 12 17 23 18 20 19 22 20 22 21 22 22 23 23 25 24 22 33 23 34 29 35 22 36 11 12 17 18 18 30 19 11 20 21 21 17 22 15 23 18 24 20 33 11 34 20 35 15 36 25 4 37 22 38 19 39 25 40 27 
5 4 1 12 2 19 3 29 4 26 4 21 29 22 18 23 15 24 17 28 5 30 6 13 7 15 8 30 13 14 14 26 15 14 16 20 17 21 18 17 19 28 20 16 21 30 22 22 23 22 24 11 25 10 26 16 27 30 28 13 29 15 30 22 31 19 32 17 33 15 34 29 35 17 36 28 16 5 18 6 26 7 26 8 18 9 13 10 28 11 20 12 20 13 12 14 21 15 24 16 10 21 26 22 11 23 13 24 11 4 37 14 38 13 39 20 40 29 
5 4 1 21 2 13 3 30 4 29 20 5 17 6 24 7 25 8 15 9 18 10 21 11 19 12 21 21 29 22 24 23 29 24 24 25 13 26 14 27 17 28 25 33 15 34 18 35 30 36 12 32 5 27 6 29 7 19 8 16 9 23 10 23 11 29 12 26 13 14 14 11 15 19 16 11 17 19 18 16 19 14 20 27 21 27 22 10 23 16 24 22 25 16 26 10 27 13 28 23 29 22 30 15 31 14 32 12 33 12 34 11 35 10 36 17 16 13 13 14 13 15 20 16 22 21 21 22 30 23 22 24 11 25 19 26 11 27 19 28 29 29 28 30 18 31 10 32 24 4 37 30 38 24 39 17 40 11 
5 4 1 14 2 30 3 10 4 29 4 17 21 18 30 19 14 20 18 32 5 13 6 24 7 12 8 29 9 14 10 12 11 23 12 16 13 28 14 17 15 16 16 21 17 17 18 23 19 27 20 13 21 26 22 14 23 11 24 12 25 21 26 26 27 20 28 10 29 29 30 25 31 25 32 15 33 27 34 18 35 27 36 27 16 5 15 6 22 7 29 8 23 9 25 10 30 11 11 12 27 17 17 18 18 19 24 20 12 33 29 34 22 35 30 36 15 4 37 13 38 15 39 26 40 26 
5 4 1 13 2 22 3 13 4 18 4 9 28 10 17 11 17 12 11 28 5 24 6 16 7 23 8 10 9 27 10 13 11 27 12 25 13 19 14 28 15 19 16 14 17 17 18 26 19 15 20 18 21 18 22 12 23 16 24 25 29 29 30 15 31 14 32 16 33 19 34 12 35 24 36 16 12 5 21 6 16 7 28 8 22 9 13 10 30 11 25 12 23 29 19 30 28 31 29 32 27 4 37 26 38 27 39 29 40 11 
5 4 1 18 2 19 3 26 4 21 4 33 10 34 24 35 14 36 19 32 5 17 6 15 7 25 8 13 9 11 10 23 11 19 12 28 13 27 14 12 15 12 16 10 17 14 18 23 19 20 20 26 21 29 22 22 23 15 24 26 25 26 26 14 27 23 28 19 29 16 30 18 31 28 32 26 33 12 34 21 35 14 36 23 16 5 10 6 27 7 24 8 13 9 28 10 15 11 13 12 10 17 11 18 18 19 14 20 12 29 19 30 25 31 13 32 11 4 37 18 38 17 39 13 40 23 
5 4 1 18 2 26 3 13 4 18 20 5 12 6 18 7 15 8 11 9 24 10 19 11 13 12 28 17 14 18 17 19 17 20 21 29 11 30 21 31 30 32 29 33 18 34 15 35 25 36 22 16 13 16 14 14 15 25 16 23 17 12 18 28 19 13 20 29 25 10 26 14 27 16 28 14 33 10 34 20 35 11 36 21 32 5 29 6 24 7 25 8 17 9 26 10 18 11 10 12 18 13 22 14 10 15 28 16 27 17 29 18 12 19 26 20 25 21 16 22 27 23 14 24 13 25 17 26 20 27 29 28 28 29 10 30 20 31 25 32 30 33 21 34 17 35 28 36 16 4 37 15 38 14 39 24 40 22 
5 4 1 27 2 17 3 25 4 19 12 5 20 6 26 7 19 8 29 17 29 18 19 19 22 20 26 25 12 26 14 27 29 28 22 8 13 13 14 11 15 13 16 15 29 10 30 13 31 24 32 27 28 5 27 6 29 7 21 8 20 13 27 14 23 15 27 16 28 17 21 18 14 19 27 20 12 21 17 22 17 23 11 24 27 25 18 26 26 27 21 28 21 29 30 30 12 31 17 32 29 33 16 34 28 35 18 36 11 4 37 26 38 23 39 28 40 16 
5 4 1 12 2 24 3 22 4 10 4 21 25 22 14 23 13 24 26 16 5 30 6 24 7 14 8 21 13 10 14 25 15 23 16 29 21 12 22 25 23 24 24 21 29 22 30 15 31 24 32 11 32 5 27 6 22 7 18 8 18 9 30 10 12 11 10 12 14 13 12 14 22 15 21 16 26 17 27 18 11 19 10 20 15 21 19 22 19 23 18 24 19 25 16 26 18 27 21 28 27 29 14 30 24 31 26 32 26 33 15 34 20 35 18 36 29 4 37 18 38 13 39 20 40 16 
5 4 1 24 2 15 3 10 4 14 20 5 16 6 16 7 30 8 18 17 14 18 11 19 17 20 30 25 13 26 16 27 19 28 20 29 11 30 27 31 12 32 19 33 21 34 20 35 18 36 19 16 5 28 6 27 7 24 8 22 13 28 14 23 15 27 16 10 17 21 18 12 19 28 20 23 25 14 26 15 27 23 28 19 32 5 13 6 19 7 24 8 19 9 29 10 13 11 21 12 30 13 29 14 10 15 15 16 28 17 13 18 10 19 27 20 17 21 16 22 29 23 27 24 21 25 12 26 23 27 15 28 29 29 16 30 21 31 20 32 18 33 14 34 16 35 23 36 25 4 37 11 38 15 39 13 40 25 
5 4 1 25 2 11 3 24 4 17 28 9 12 10 28 11 11 12 24 13 22 14 24 15 30 16 12 17 19 18 15 19 10 20 27 21 30 22 13 23 30 24 14 25 14 26 29 27 12 28 30 29 25 30 16 31 16 32 27 33 13 34 20 35 17 36 25 20 5 21 6 21 7 24 8 10 13 21 14 26 15 14 16 27 17 22 18 28 19 13 20 28 25 24 26 21 27 27 28 27 29 23 30 27 31 15 32 16 32 5 18 6 19 7 15 8 24 9 10 10 28 11 10 12 15 13 17 14 24 15 15 16 19 17 27 18 10 19 26 20 17 21 28 22 12 23 22 24 20 25 13 26 21 27 14 28 20 29 21 30 26 31 13 32 14 33 18 34 11 35 26 36 16 4 37 27 38 28 39 29 40 19 
5 4 1 20 2 23 3 21 4 12 20 9 21 10 23 11 22 12 14 13 13 14 17 15 16 16 11 17 16 18 15 19 15 20 26 21 12 22 29 23 14 24 18 33 30 34 10 35 29 36 13 24 5 12 6 26 7 21 8 22 9 29 10 24 11 20 12 13 17 15 18 13 19 10 20 15 21 30 22 13 23 21 24 13 29 26 30 19 31 25 32 23 33 25 34 10 35 17 36 20 8 13 20 14 15 15 12 16 22 21 14 22 27 23 13 24 28 4 37 20 38 23 39 27 40 22 
5 4 1 14 2 25 3 13 4 29 32 5 20 6 23 7 13 8 16 9 14 10 17 11 16 12 21 13 12 14 20 15 19 16 26 17 13 18 22 19 24 20 29 21 26 22 30 23 13 24 24 25 20 26 30 27 27 28 23 29 24 30 11 31 27 32 14 33 10 34 22 35 18 36 11 24 5 10 6 10 7 15 8 13 13 25 14 20 15 11 16 19 21 16 22 27 23 25 24 13 25 12 26 26 27 28 28 27 29 14 30 26 31 21 32 24 33 10 34 19 35 27 36 19 32 5 23 6 28 7 25 8 19 9 23 10 15 11 30 12 14 13 24 14 21 15 13 16 27 17 24 18 22 19 23 20 19 21 28 22 25 23 27 24 10 25 30 26 23 27 10 28 12 29 13 30 12 31 26 32 17 33 19 34 15 35 18 36 17 4 37 21 38 15 39 16 40 13 
5 4 1 14 2 11 3 20 4 11 20 9 26 10 26 11 21 12 23 17 10 18 11 19 29 20 30 21 19 22 14 23 18 24 10 25 29 26 26 27 17 28 12 33 25 34 15 35 17 36 29 20 5 12 6 22 7 25 8 16 9 14 10 12 11 17 12 27 21 10 22 13 23 24 24 13 29 26 30 10 31 11 32 23 33 24 34 30 35 10 36 27 24 5 26 6 21 7 15 8 21 9 28 10 26 11 26 12 15 13 17 14 14 15 17 16 16 17 18 18 24 19 25 20 19 21 21 22 23 23 29 24 30 29 14 30 18 31 21 32 23 4 37 14 38 28 39 13 40 18 
5 4 1 30 2 21 3 14 4 30 32 5 17 6 17 7 26 8 23 9 28 10 27 11 15 12 15 13 28 14 23 15 19 16 30 17 15 18 20 19 12 20 22 21 29 22 13 23 15 24 23 25 25 26 18 27 19 28 22 29 27 30 11 31 17 32 25 33 26 34 10 35 26 36 12 32 5 10 6 21 7 15 8 27 9 10 10 16 11 19 12 20 13 10 14 13 15 26 16 14 17 16 18 27 19 22 20 29 21 24 22 14 23 10 24 17 25 26 26 12 27 28 28 28 29 29 30 12 31 26 32 29 33 20 34 23 35 26 36 15 4 21 24 22 12 23 30 24 12 4 37 29 38 29 39 13 40 13 
5 4 1 27 2 11 3 16 4 11 4 21 30 22 24 23 22 24 18 12 5 26 6 25 7 26 8 20 9 22 10 19 11 28 12 22 21 25 22 23 23 20 24 12 4 29 12 30 26 31 30 32 30 4 37 13 38 21 39 28 40 28 
5 4 1 15 2 15 3 11 4 12 32 5 15 6 25 7 21 8 25 9 26 10 24 11 21 12 21 13 27 14 16 15 28 16 14 17 22 18 17 19 11 20 28 21 20 22 12 23 30 24 18 25 14 26 27 27 11 28 13 29 24 30 17 31 23 32 10 33 26 34 22 35 13 36 20 20 5 25 6 30 7 18 8 24 9 18 10 10 11 10 12 10 13 18 14 24 15 10 16 23 29 13 30 28 31 22 32 26 33 13 34 22 35 15 36 18 12 13 20 14 28 15 27 16 14 17 28 18 13 19 22 20 27 29 13 30 10 31 10 32 28 4 37 28 38 29 39 12 40 17 
5 4 1 11 2 14 3 24 4 27 16 9 24 10 30 11 26 12 11 17 18 18 20 19 26 20 30 25 30 26 11 27 21 28 22 33 13 34 13 35 26 36 21 32 5 29 6 28 7 19 8 18 9 12 10 13 11 25 12 30 13 23 14 21 15 24 16 28 17 24 18 24 19 20 20 27 21 20 22 23 23 28 24 12 25 30 26 22 27 13 28 19 29 19 30 14 31 15 32 17 33 10 34 18 35 23 36 25 32 5 24 6 19 7 18 8 30 9 10 10 12 11 19 12 14 13 26 14 25 15 12 16 16 17 18 18 26 19 11 20 25 21 19 22 27 23 26 24 22 25 18 26 11 27 10 28 16 29 20 30 10 31 11 32 10 33 10 34 14 35 20 36 14 4 37 13 38 27 39 30 40 26 
5 4 1 26 2 12 3 17 4 10 8 5 29 6 21 7 26 8 16 17 11 18 27 19 11 20 21 12 5 29 6 11 7 12 8 20 13 13 14 28 15 15 16 21 17 18 18 24 19 29 20 25 16 5 22 6 27 7 24 8 27 17 23 18 13 19 28 20 15 25 28 26 15 27 29 28 29 33 15 34 26 35 30 36 20 4 37 18 38 15 39 28 40 12 
5 4 1 24 2 21 3 30 4 24 12 9 19 10 11 11 27 12 13 17 10 18 11 19 18 20 15 29 27 30 30 31 14 32 27 24 5 12 6 11 7 14 8 11 13 27 14 16 15 10 16 20 17 15 18 14 19 28 20 16 21 27 22 30 23 23 24 23 25 22 26 22 27 30 28 26 29 29 30 30 31 24 32 14 8 5 20 6 11 7 19 8 11 13 28 14 23 15 20 16 25 4 37 12 38 14 39 21 40 23 
5 4 1 17 2 14 3 28 4 30 32 5 23 6 28 7 18 8 17 9 21 10 30 11 30 12 18 13 16 14 23 15 16 16 20 17 13 18 13 19 28 20 28 21 20 22 20 23 20 24 25 25 17 26 21 27 18 28 25 29 18 30 13 31 20 32 25 33 29 34 21 35 30 36 29 32 5 13 6 16 7 25 8 26 9 26 10 29 11 29 12 18 13 15 14 28 15 17 16 28 17 29 18 27 19 17 20 29 21 16 22 26 23 14 24 13 25 10 26 25 27 18 28 25 29 25 30 19 31 27 32 29 33 28 34 25 35 13 36 22 4 9 12 10 27 11 14 12 12 4 37 15 38 13 39 30 40 11 
5 4 1 13 2 17 3 12 4 19 4 33 17 34 11 35 16 36 16 12 13 16 14 26 15 11 16 12 17 24 18 25 19 25 20 15 25 15 26 16 27 19 28 12 4 21 29 22 16 23 24 24 19 4 37 24 38 25 39 12 40 26 
5 4 1 18 2 28 3 21 4 12 4 21 20 22 26 23 17 24 20 24 5 20 6 13 7 24 8 27 9 15 10 14 11 28 12 28 13 11 14 16 15 29 16 15 17 25 18 21 19 24 20 25 25 30 26 13 27 28 28 18 29 27 30 21 31 18 32 13 16 5 11 6 29 7 17 8 21 17 24 18 30 19 11 20 14 21 29 22 18 23 12 24 25 29 24 30 16 31 20 32 29 4 37 10 38 14 39 20 40 28 
5 4 1 10 2 28 3 15 4 14 12 5 13 6 17 7 26 8 25 17 20 18 14 19 10 20 26 25 16 26 10 27 16 28 15 12 5 14 6 24 7 21 8 19 29 13 30 28 31 19 32 28 33 12 34 28 35 15 36 21 32 5 26 6 27 7 15 8 30 9 11 10 24 11 20 12 28 13 17 14 18 15 19 16 23 17 17 18 13 19 18 20 16 21 20 22 21 23 13 24 22 25 11 26 24 27 15 28 10 29 22 30 18 31 22 32 30 33 26 34 17 35 11 36 21 4 37 27 38 20 39 14 40 17 
5 4 1 30 2 28 3 30 4 16 24 9 11 10 20 11 23 12 27 13 21 14 25 15 19 16 29 17 26 18 21 19 25 20 20 21 21 22 23 23 12 24 29 25 27 26 13 27 25 28 14 29 23 30 12 31 15 32 29 20 9 17 10 29 11 27 12 21 21 15 22 14 23 11 24 23 25 21 26 23 27 13 28 20 29 20 30 13 31 29 32 18 33 10 34 16 35 19 36 13 28 9 17 10 29 11 13 12 10 13 25 14 29 15 27 16 17 17 14 18 30 19 12 20 12 21 26 22 26 23 23 24 13 25 23 26 28 27 27 28 26 29 23 30 26 31 23 32 11 33 16 34 29 35 12 36 10 4 37 24 38 10 39 16 40 22 
5 4 1 20 2 29 3 12 4 23 24 5 29 6 11 7 11 8 21 9 30 10 17 11 12 12 11 13 11 14 21 15 16 16 18 21 10 22 14 23 22 24 19 25 22 26 23 27 17 28 21 33 16 34 22 35 17 36 12 28 9 19 10 29 11 17 12 29 13 30 14 14 15 20 16 12 17 27 18 23 19 23 20 29 21 26 22 16 23 26 24 22 25 21 26 20 27 13 28 30 29 24 30 12 31 19 32 29 33 28 34 11 35 19 36 23 24 9 16 10 14 11 23 12 29 13 30 14 28 15 28 16 10 21 26 22 15 23 20 24 27 25 25 26 30 27 29 28 18 29 26 30 18 31 29 32 14 33 18 34 20 35 11 36 10 4 37 11 38 18 39 20 40 27 
5 4 1 15 2 24 3 27 4 25 28 5 14 6 19 7 26 8 23 9 25 10 15 11 15 12 25 13 18 14 11 15 29 16 30 17 12 18 29 19 11 20 16 25 21 26 19 27 28 28 17 29 17 30 12 31 16 32 18 33 15 34 11 35 25 36 22 12 5 27 6 25 7 24 8 29 9 12 10 21 11 23 12 22 13 15 14 13 15 21 16 21 20 9 13 10 13 11 27 12 23 13 11 14 22 15 19 16 19 17 26 18 24 19 29 20 16 25 10 26 23 27 11 28 30 33 27 34 11 35 24 36 30 4 37 10 38 18 39 25 40 13 
5 4 1 19 2 11 3 19 4 26 28 5 22 6 23 7 30 8 20 9 26 10 24 11 11 12 23 13 11 14 29 15 16 16 10 17 19 18 20 19 24 20 11 21 22 22 16 23 27 24 12 25 18 26 20 27 24 28 20 29 12 30 24 31 25 32 12 24 5 26 6 12 7 29 8 14 13 23 14 20 15 24 16 12 17 14 18 17 19 29 20 16 21 28 22 18 23 13 24 30 25 13 26 15 27 25 28 16 29 29 30 29 31 19 32 16 28 5 17 6 25 7 18 8 14 9 10 10 12 11 19 12 28 13 16 14 16 15 13 16 19 21 21 22 17 23 30 24 18 25 10 26 23 27 20 28 11 29 24 30 11 31 26 32 18 33 29 34 15 35 24 36 25 4 37 17 38 21 39 26 40 16 
5 4 1 13 2 19 3 12 4 17 16 5 23 6 23 7 11 8 15 9 28 10 20 11 20 12 28 13 26 14 10 15 12 16 17 25 12 26 15 27 13 28 15 20 9 18 10 20 11 10 12 18 13 15 14 18 15 14 16 18 25 15 26 13 27 12 28 23 29 24 30 20 31 20 32 21 33 24 34 29 35 11 36 24 28 5 14 6 10 7 30 8 27 9 11 10 30 11 11 12 17 17 26 18 13 19 18 20 23 21 21 22 22 23 26 24 12 25 28 26 22 27 13 28 11 29 27 30 22 31 13 32 27 33 13 34 24 35 20 36 30 4 37 21 38 19 39 28 40 16 
5 4 1 13 2 23 3 23 4 19 32 5 19 6 14 7 18 8 17 9 30 10 15 11 16 12 15 13 13 14 24 15 29 16 26 17 19 18 14 19 11 20 30 21 13 22 21 23 16 24 14 25 29 26 27 27 23 28 21 29 10 30 13 31 28 32 16 33 12 34 12 35 25 36 28 20 5 24 6 16 7 29 8 12 9 13 10 30 11 11 12 23 17 30 18 29 19 14 20 19 21 11 22 20 23 12 24 11 29 14 30 22 31 16 32 30 12 5 30 6 27 7 28 8 13 25 21 26 21 27 22 28 21 29 22 30 21 31 11 32 26 4 37 20 38 23 39 10 40 11 
5 4 1 26 2 18 3 24 4 11 4 13 13 14 20 15 29 16 15 24 9 27 10 26 11 11 12 29 13 27 14 18 15 20 16 30 21 28 22 14 23 18 24 21 25 20 26 25 27 11 28 14 29 24 30 19 31 16 32 16 33 26 34 14 35 14 36 22 12 25 10 26 17 27 16 28 30 29 14 30 16 31 15 32 10 33 26 34 24 35 29 36 20 4 37 10 38 21 39 24 40 26 
5 4 1 17 2 20 3 16 4 26 12 17 24 18 26 19 18 20 28 25 22 26 20 27 16 28 24 33 21 34 10 35 25 36 14 24 9 26 10 21 11 23 12 19 17 10 18 28 19 18 20 22 21 28 22 19 23 20 24 14 25 16 26 19 27 29 28 30 29 21 30 24 31 28 32 24 33 14 34 17 35 26 36 17 20 5 15 6 23 7 20 8 29 21 15 22 13 23 22 24 12 25 23 26 19 27 21 28 24 29 15 30 18 31 20 32 24 33 13 34 20 35 29 36 18 4 37 26 38 27 39 27 40 14 
5 4 1 29 2 25 3 22 4 22 12 5 28 6 19 7 29 8 15 9 25 10 20 11 23 12 14 29 22 30 12 31 28 32 23 24 9 15 10 16 11 23 12 23 13 15 14 28 15 15 16 24 17 22 18 18 19 20 20 12 21 12 22 14 23 19 24 13 25 16 26 15 27 17 28 17 29 11 30 11 31 10 32 20 32 5 17 6 15 7 27 8 25 9 22 10 24 11 13 12 29 13 20 14 29 15 20 16 22 17 23 18 13 19 10 20 26 21 11 22 20 23 19 24 15 25 13 26 23 27 18 28 14 29 26 30 11 31 30 32 23 33 14 34 22 35 22 36 26 4 37 11 38 23 39 24 40 29 
5 4 1 17 2 20 3 14 4 16 24 5 19 6 22 7 15 8 25 13 30 14 23 15 12 16 14 17 24 18 22 19 25 20 22 25 12 26 30 27 13 28 16 29 17 30 19 31 23 32 25 33 19 34 21 35 15 36 29 24 5 10 6 20 7 10 8 21 9 21 10 29 11 29 12 11 17 23 18 13 19 29 20 17 21 12 22 26 23 28 24 13 25 19 26 12 27 21 28 24 29 21 30 27 31 12 32 17 32 5 10 6 24 7 28 8 16 9 20 10 24 11 13 12 10 13 26 14 11 15 17 16 17 17 26 18 16 19 16 20 29 21 19 22 28 23 29 24 18 25 14 26 18 27 26 28 14 29 25 30 18 31 27 32 26 33 23 34 27 35 10 36 23 4 37 23 38 30 39 10 40 22 
5 4 1 21 2 13 3 12 4 25 28 5 22 6 26 7 25 8 26 9 19 10 18 11 25 12 23 13 29 14 30 15 14 16 25 17 26 18 30 19 30 20 19 21 19 22 26 23 24 24 26 25 29 26 10 27 30 28 30 33 23 34 11 35 28 36 23 16 5 17 6 20 7 18 8 17 25 29 26 20 27 11 28 10 29 26 30 11 31 29 32 11 33 17 34 12 35 11 36 30 4 29 20 30 27 31 30 32 13 4 37 30 38 10 39 18 40 12 
5 4 1 11 2 21 3 19 4 13 4 21 19 22 22 23 16 24 18 20 9 29 10 29 11 16 12 21 13 17 14 14 15 25 16 17 17 25 18 19 19 18 20 25 25 23 26 13 27 12 28 30 33 13 34 27 35 28 36 13 28 5 26 6 18 7 29 8 10 9 29 10 28 11 21 12 29 13 26 14 27 15 19 16 11 17 13 18 18 19 23 20 29 21 18 22 26 23 28 24 25 29 14 30 26 31 16 32 30 33 17 34 19 35 30 36 28 4 37 13 38 11 39 24 40 17 
5 4 1 12 2 30 3 13 4 23 8 9 25 10 22 11 11 12 17 17 20 18 24 19 26 20 21 16 5 10 6 15 7 10 8 26 9 19 10 24 11 25 12 24 17 10 18 26 19 20 20 26 21 16 22 25 23 28 24 17 8 5 21 6 19 7 25 8 11 25 23 26 25 27 30 28 11 4 37 29 38 14 39 14 40 29 
5 4 1 14 2 27 3 26 4 29 12 13 30 14 24 15 16 16 22 17 26 18 22 19 15 20 17 21 14 22 29 23 23 24 30 28 5 23 6 20 7 12 8 21 9 26 10 16 11 25 12 27 17 15 18 27 19 26 20 18 21 29 22 19 23 21 24 12 25 16 26 19 27 23 28 26 29 13 30 25 31 17 32 12 33 18 34 23 35 23 36 15 16 5 28 6 13 7 18 8 16 9 27 10 29 11 20 12 30 21 20 22 30 23 20 24 12 33 10 34 10 35 12 36 21 4 37 23 38 29 39 20 40 18 
5 4 1 19 2 29 3 26 4 27 4 25 12 26 27 27 27 28 28 8 5 27 6 13 7 25 8 26 21 26 22 10 23 20 24 23 32 5 21 6 25 7 23 8 25 9 10 10 25 11 29 12 23 13 25 14 10 15 21 16 15 17 19 18 14 19 14 20 24 21 20 22 13 23 27 24 13 25 14 26 16 27 19 28 13 29 21 30 28 31 28 32 13 33 20 34 11 35 27 36 23 4 37 20 38 19 39 10 40 22 
5 4 1 23 2 10 3 25 4 17 28 5 27 6 25 7 15 8 25 9 22 10 17 11 14 12 15 13 22 14 23 15 29 16 23 17 12 18 13 19 14 20 21 21 16 22 12 23 13 24 26 29 11 30 10 31 23 32 14 33 16 34 29 35 26 36 10 20 5 29 6 29 7 23 8 20 13 21 14 18 15 25 16 14 17 21 18 27 19 14 20 24 21 14 22 29 23 24 24 24 29 17 30 10 31 10 32 12 28 9 27 10 19 11 14 12 14 13 26 14 21 15 18 16 26 17 10 18 19 19 26 20 10 21 10 22 15 23 28 24 13 25 18 26 10 27 25 28 16 29 23 30 14 31 12 32 30 33 18 34 30 35 15 36 13 4 37 13 38 16 39 11 40 24 
10 23 7 42 20 57 90 12 109 136 5 163 180 7 213 228 20 251 288 5 301 336 16 355 380 2 400 433 26 448 483 
25 7 4 16 7 23 37 13 42 58 5 63 77 3 87 93 1 106 114 6 126 134 2 144 156 1 164 176 7 184 196 2 205 215 4 225 235 1 243 257 10 262 278 6 285 295 11 303 317 5 325 335 5 346 354 6 365 375 1 384 396 4 407 413 2 424 436 7 445 455 4 462 478 6 485 495 
16 8 9 23 16 39 57 5 68 92 6 106 118 14 134 154 9 171 181 13 198 218 9 234 246 3 267 277 9 299 309 9 330 342 5 362 374 5 395 405 7 427 437 7 452 476 2 488 504 
20 5 3 23 4 32 46 2 57 73 4 85 97 5 112 122 6 136 150 18 159 179 5 187 203 3 211 231 7 237 257 9 266 280 4 294 304 4 320 330 7 345 357 1 370 384 7 398 408 11 419 439 4 449 461 14 471 491 9 502 512 
25 2 2 5 4 8 13 2 16 19 3 22 27 1 30 33 1 36 41 2 43 48 2 51 54 2 58 61 1 64 69 1 72 75 3 78 83 2 85 90 2 93 96 1 100 103 2 106 111 2 114 117 1 121 124 2 128 131 1 133 140 2 142 145 3 148 153 2 155 160 2 163 166 1 169 174 
30 1 1 5 2 7 11 1 13 17 3 19 23 1 25 29 4 30 36 1 38 40 1 44 46 3 49 53 1 55 59 2 61 65 1 67 71 1 73 77 1 79 83 1 86 88 1 92 94 2 97 101 1 104 106 1 109 113 1 115 119 2 121 125 1 127 131 2 132 138 2 139 143 2 145 149 1 151 155 1 158 160 1 164 166 2 169 173 1 176 178 
35 1 1 4 1 6 9 2 10 15 1 16 19 1 20 25 1 26 29 1 31 34 1 36 39 2 41 44 1 46 49 1 51 54 2 55 60 1 60 65 2 65 70 1 71 74 1 76 79 1 81 84 1 86 89 1 91 94 2 96 99 1 100 105 1 106 109 1 111 114 3 115 120 1 121 124 2 126 129 2 130 135 1 136 139 1 141 144 1 146 149 1 151 154 1 156 159 3 160 165 1 166 169 1 171 174 
9 2 5 13 2 21 33 2 42 48 7 59 67 6 75 87 5 95 103 3 113 121 5 128 142 4 149 157 
44 2 1 4 1 6 9 1 11 14 3 15 20 1 21 24 1 26 29 2 30 35 2 36 39 1 41 44 1 46 49 2 51 54 2 55 60 3 60 65 1 66 69 1 71 74 2 75 80 1 81 84 2 86 89 2 91 94 3 95 100 1 101 104 3 105 110 2 111 114 1 115 120 2 121 124 3 125 130 1 131 134 1 136 139 2 141 144 3 145 150 1 151 154 2 156 159 2 161 164 2 166 169 1 171 174 2 176 179 1 181 184 2 186 189 2 190 195 1 196 199 3 200 205 1 206 209 2 211 214 2 215 220 
24 2 1 8 1 12 15 2 20 25 1 29 34 2 39 42 5 46 53 1 56 61 4 64 71 2 74 79 3 83 88 4 91 98 6 100 107 3 110 115 2 119 124 5 127 134 5 136 143 3 146 151 2 155 160 3 163 170 2 173 178 1 182 187 3 191 196 3 199 206 1 209 214 
36 1 1 5 3 7 11 1 13 17 1 19 23 1 24 30 1 31 35 1 38 40 2 43 47 1 49 53 3 55 59 1 61 65 1 67 71 1 73 77 1 79 83 2 85 89 2 91 95 1 98 100 1 104 106 1 109 113 1 115 119 1 121 125 3 127 131 1 134 136 2 139 143 1 146 148 1 152 154 1 156 162 2 163 167 1 169 173 1 175 179 1 181 185 3 187 191 1 194 196 1 200 202 2 205 209 2 211 215 
30 2 2 5 3 8 13 3 15 20 2 22 27 2 30 33 3 36 41 4 43 48 1 51 54 5 56 63 2 63 70 2 71 76 3 78 83 1 86 89 2 92 97 1 99 104 1 107 110 1 114 117 2 120 125 1 127 132 1 135 138 2 141 146 1 149 152 1 156 159 2 162 167 1 169 174 1 176 181 3 183 188 3 190 195 1 198 201 3 204 209 
21 1 1 9 2 12 18 5 22 28 6 31 39 1 41 49 4 51 59 2 61 69 4 72 78 1 82 88 4 91 99 2 102 108 3 113 117 2 123 127 4 132 138 1 143 147 4 152 158 1 163 167 2 171 179 2 183 187 1 193 197 2 203 207 
14 10 2 13 6 19 26 1 31 44 4 50 55 3 62 73 3 79 86 3 92 103 7 108 117 2 123 132 1 137 148 8 152 163 7 167 178 4 184 191 3 197 208 
38 2 1 4 1 6 9 2 10 15 1 16 19 2 20 25 2 26 29 1 31 34 1 36 39 1 41 44 3 45 50 2 51 54 1 56 59 1 61 64 2 65 70 2 71 74 1 76 79 1 81 84 2 85 90 2 91 94 2 96 99 3 100 105 1 106 109 1 110 115 2 115 120 1 121 124 2 126 129 2 131 134 1 135 140 2 141 144 1 146 149 2 150 155 1 156 159 1 161 164 2 165 170 1 171 174 2 176 179 1 180 185 1 186 189 
14 2 2 13 3 17 28 3 35 40 6 49 56 4 64 71 4 79 86 5 92 103 5 108 117 7 123 132 4 138 147 2 154 161 5 168 177 9 182 193 1 200 205 
14 6 3 10 2 17 22 4 29 36 1 40 51 4 54 63 1 69 74 2 80 89 2 95 100 5 106 115 3 120 127 4 131 142 1 147 152 2 160 165 2 172 179 
27 2 2 5 1 9 12 2 15 20 2 23 26 1 30 33 1 37 40 2 44 47 1 51 54 1 58 61 1 64 69 3 71 76 1 79 82 3 85 90 4 92 97 1 100 103 1 107 110 1 114 117 4 120 125 3 126 133 5 133 140 1 140 147 2 149 152 1 155 160 2 162 167 1 169 174 5 175 182 1 183 188 
28 2 2 5 5 7 14 3 15 20 2 22 27 2 29 34 1 36 41 1 44 47 3 50 55 1 58 61 3 64 69 1 70 77 3 78 83 2 84 91 4 92 97 2 100 103 2 106 111 1 113 118 2 120 125 1 128 131 3 133 140 1 142 145 3 148 153 2 156 159 4 162 167 1 169 174 1 176 181 2 183 188 1 191 194 
7 11 4 23 3 31 50 2 63 72 9 88 101 4 114 129 12 140 157 7 171 180 
27 2 3 6 1 11 16 5 19 26 2 28 35 2 38 43 1 48 51 2 56 61 1 66 69 1 75 78 2 83 88 4 91 98 2 101 106 4 109 116 4 118 125 6 127 134 1 137 142 2 146 151 2 156 159 3 163 170 3 173 178 1 182 187 3 191 196 4 199 206 1 209 214 2 218 223 2 227 232 5 235 242 
12 5 5 12 12 19 32 8 38 47 3 56 63 1 72 81 3 90 97 2 107 114 2 124 131 3 139 150 5 155 168 3 175 182 5 190 201 
36 1 2 4 3 6 12 2 13 17 1 20 22 1 26 28 1 31 35 1 37 41 3 43 47 2 49 53 2 55 59 3 61 65 3 67 71 1 73 77 1 79 83 1 86 88 4 90 96 1 98 100 1 103 107 1 109 113 1 115 119 1 121 125 2 127 131 1 133 137 4 138 144 2 145 149 1 151 155 3 156 162 2 163 167 1 169 173 1 175 179 2 181 185 1 187 191 1 193 197 1 199 203 1 206 208 2 211 215 
29 3 2 6 1 10 14 1 18 22 1 25 31 3 34 38 1 41 47 1 50 54 1 58 62 2 65 71 1 74 78 1 82 86 3 90 94 1 97 103 3 106 110 5 113 119 1 121 127 2 130 134 4 137 143 1 146 150 2 153 159 3 161 167 1 170 174 3 178 182 1 185 191 4 193 199 2 202 206 3 210 214 2 217 223 3 225 231 
27 2 2 5 1 8 13 2 16 19 1 23 26 1 29 34 1 37 40 2 43 48 1 50 55 1 58 61 2 64 69 1 72 75 2 79 82 4 85 90 1 93 96 1 99 104 2 106 111 2 113 118 1 121 124 1 128 131 1 134 139 4 141 146 1 148 153 3 155 160 2 162 167 3 169 174 3 176 181 2 183 188 
43 1 0 5 1 6 9 1 11 14 1 15 20 1 21 24 2 26 29 2 30 35 1 36 39 1 41 44 2 46 49 1 51 54 2 56 59 1 61 64 2 65 70 2 71 74 2 76 79 2 81 84 3 85 90 1 90 95 2 95 100 2 101 104 3 105 110 3 110 115 1 116 119 1 121 124 1 126 129 3 130 135 1 136 139 2 141 144 1 145 150 1 151 154 2 155 160 1 161 164 3 165 170 2 170 175 1 176 179 1 181 184 2 186 189 2 191 194 2 195 200 1 201 204 3 205 210 1 210 215 
38 1 1 4 2 6 9 3 10 15 2 16 19 1 21 24 1 26 29 1 31 34 2 36 39 1 40 45 1 45 50 2 51 54 1 56 59 1 61 64 1 66 69 1 70 75 1 76 79 1 80 85 1 86 89 1 91 94 1 96 99 2 101 104 1 106 109 2 111 114 3 115 120 1 121 124 1 126 129 2 130 135 1 136 139 2 141 144 1 146 149 1 151 154 2 156 159 2 161 164 1 166 169 3 170 175 2 176 179 1 180 185 1 186 189 
5 11 8 31 14 46 71 9 92 103 11 127 146 22 163 188 
8 2 6 20 9 30 48 15 56 74 11 85 97 10 111 123 4 139 147 6 164 174 10 187 203 
8 6 9 17 1 32 46 3 59 71 5 86 96 13 109 125 2 139 147 2 160 178 4 189 201 
7 9 10 21 13 35 58 16 65 90 1 101 116 7 133 146 13 162 179 5 191 212 
44 1 1 4 1 6 9 2 10 15 3 15 20 1 21 24 1 25 30 3 30 35 1 35 40 2 41 44 1 46 49 1 50 55 1 55 60 3 60 65 1 66 69 1 71 74 1 75 80 1 81 84 1 86 89 2 91 94 2 96 99 1 101 104 1 106 109 1 111 114 1 116 119 2 121 124 1 126 129 1 131 134 2 136 139 1 141 144 2 146 149 3 150 155 1 156 159 1 161 164 3 165 170 2 170 175 1 176 179 2 180 185 1 186 189 1 190 195 2 196 199 1 201 204 3 205 210 3 210 215 3 215 220 
24 4 1 6 3 8 13 1 15 20 5 21 28 2 29 34 4 36 41 2 44 47 3 50 55 3 57 62 1 64 69 1 70 77 1 79 82 3 85 90 2 92 97 1 100 103 3 106 111 2 112 119 3 120 125 1 126 133 1 135 138 4 140 147 1 149 152 1 155 160 1 163 166 
10 6 5 12 6 20 31 2 38 47 4 54 65 2 71 82 7 89 98 9 104 117 3 125 130 4 140 149 9 156 167 
14 5 3 10 4 16 23 3 28 37 2 43 48 3 55 62 7 67 76 2 82 87 3 94 101 1 107 114 2 118 129 6 132 141 1 146 153 3 160 165 3 172 179 
35 3 0 5 2 6 9 1 11 14 2 15 20 2 20 25 2 26 29 1 31 34 1 36 39 1 41 44 1 45 50 3 50 55 1 55 60 1 61 64 3 65 70 2 70 75 2 76 79 1 81 84 3 85 90 1 91 94 2 96 99 2 101 104 2 106 109 1 111 114 1 116 119 3 120 125 3 125 130 3 130 135 2 136 139 1 140 145 2 145 150 2 151 154 1 156 159 2 161 164 1 166 169 2 170 175 
5 28 22 76 29 110 184 29 210 280 52 316 370 63 409 473 
13 7 7 32 18 44 73 19 84 111 10 131 142 21 161 190 3 205 224 7 242 265 21 280 305 10 317 346 4 364 377 17 395 424 5 439 458 7 481 494 
15 7 6 27 6 41 58 17 73 92 9 106 125 5 142 155 7 176 187 12 205 224 18 237 258 6 272 289 12 306 321 8 335 358 18 370 389 14 405 420 4 440 451 7 467 490 
2 46 63 195 58 335 439 
