100 20 6.33
5 4 1 23 2 23 3 25 4 30 4 13 10 14 17 15 22 16 30 12 5 11 6 28 7 12 8 20 9 12 10 23 11 28 12 10 13 15 14 12 15 25 16 23 12 5 15 6 23 7 29 8 14 9 18 10 21 11 16 12 29 13 22 14 29 15 10 16 25 4 17 18 18 10 19 17 20 23 
5 4 1 24 2 29 3 17 4 29 12 5 16 6 30 7 19 8 19 9 17 10 22 11 24 12 25 13 23 14 15 15 11 16 28 12 5 17 6 18 7 18 8 12 9 30 10 28 11 20 12 19 13 12 14 24 15 11 16 28 12 5 23 6 22 7 10 8 10 9 12 10 11 11 26 12 26 13 30 14 24 15 30 16 28 4 17 29 18 19 19 23 20 24 
5 4 1 14 2 30 3 19 4 19 4 5 14 6 20 7 13 8 27 8 5 20 6 26 7 10 8 17 9 20 10 15 11 19 12 23 4 9 28 10 14 11 30 12 11 4 17 20 18 11 19 13 20 25 
5 4 1 12 2 20 3 26 4 30 12 5 24 6 24 7 28 8 14 9 16 10 20 11 30 12 23 13 11 14 18 15 23 16 21 4 9 12 10 28 11 30 12 25 8 5 21 6 14 7 16 8 13 13 10 14 20 15 14 16 16 4 17 26 18 30 19 11 20 15 
5 4 1 24 2 25 3 25 4 26 8 5 27 6 29 7 13 8 24 13 11 14 23 15 20 16 28 4 5 30 6 22 7 11 8 23 8 5 16 6 23 7 16 8 19 9 17 10 21 11 16 12 11 4 17 28 18 24 19 24 20 21 
5 4 1 29 2 20 3 11 4 13 12 5 13 6 25 7 29 8 24 9 22 10 18 11 21 12 29 13 27 14 20 15 10 16 12 12 5 21 6 19 7 29 8 19 9 29 10 19 11 12 12 24 13 21 14 22 15 13 16 18 12 5 17 6 16 7 17 8 27 9 28 10 15 11 19 12 11 13 12 14 30 15 17 16 27 4 17 25 18 19 19 23 20 15 
5 4 1 17 2 24 3 21 4 23 4 13 16 14 21 15 26 16 17 4 5 18 6 14 7 13 8 24 8 5 23 6 22 7 14 8 27 9 11 10 28 11 27 12 11 4 17 27 18 22 19 20 20 18 
5 4 1 11 2 29 3 14 4 10 8 5 29 6 27 7 10 8 24 13 24 14 10 15 11 16 27 4 13 11 14 13 15 18 16 15 8 5 27 6 20 7 10 8 26 9 27 10 16 11 30 12 24 4 17 30 18 15 19 14 20 19 
5 4 1 27 2 24 3 19 4 12 4 9 30 10 12 11 25 12 23 4 9 17 10 23 11 30 12 27 4 9 16 10 18 11 29 12 17 4 17 22 18 22 19 15 20 18 
5 4 1 20 2 29 3 28 4 10 4 9 10 10 23 11 25 12 30 4 9 15 10 27 11 20 12 13 12 5 15 6 12 7 24 8 15 9 11 10 30 11 26 12 24 13 24 14 22 15 13 16 22 4 17 24 18 15 19 18 20 15 
5 4 1 26 2 23 3 21 4 24 12 5 29 6 11 7 13 8 11 9 10 10 26 11 16 12 15 13 10 14 14 15 30 16 19 4 13 26 14 16 15 10 16 19 12 5 16 6 29 7 21 8 13 9 25 10 26 11 21 12 15 13 16 14 18 15 17 16 19 4 17 29 18 22 19 13 20 28 
5 4 1 25 2 23 3 14 4 11 4 13 19 14 16 15 19 16 20 8 9 15 10 29 11 10 12 19 13 11 14 10 15 16 16 10 4 9 26 10 22 11 11 12 19 4 17 29 18 16 19 26 20 14 
5 4 1 28 2 28 3 26 4 23 4 13 24 14 12 15 13 16 26 12 5 19 6 13 7 23 8 25 9 12 10 14 11 18 12 21 13 28 14 24 15 13 16 19 8 5 19 6 17 7 23 8 24 9 30 10 11 11 18 12 19 4 17 19 18 25 19 28 20 12 
5 4 1 19 2 19 3 16 4 26 4 5 19 6 24 7 26 8 18 8 9 18 10 27 11 11 12 17 13 12 14 27 15 10 16 23 12 5 12 6 28 7 19 8 21 9 27 10 20 11 20 12 20 13 14 14 29 15 23 16 26 4 17 18 18 21 19 27 20 18 
5 4 1 11 2 10 3 28 4 10 12 5 18 6 13 7 17 8 30 9 21 10 28 11 10 12 29 13 13 14 24 15 11 16 28 8 9 12 10 16 11 24 12 21 13 27 14 28 15 27 16 24 4 5 21 6 23 7 17 8 23 4 17 16 18 11 19 14 20 29 
5 4 1 18 2 30 3 17 4 24 8 5 29 6 21 7 24 8 19 9 13 10 25 11 27 12 15 4 5 21 6 11 7 15 8 30 4 13 11 14 15 15 17 16 14 4 17 26 18 29 19 22 20 26 
5 4 1 23 2 29 3 17 4 14 8 9 27 10 13 11 14 12 13 13 18 14 14 15 16 16 20 4 13 19 14 21 15 26 16 15 4 5 16 6 16 7 14 8 14 4 17 19 18 30 19 25 20 21 
5 4 1 17 2 20 3 12 4 30 8 9 30 10 16 11 22 12 10 13 13 14 23 15 18 16 22 8 5 15 6 22 7 27 8 11 13 15 14 30 15 22 16 29 8 5 16 6 13 7 17 8 14 9 15 10 21 11 29 12 22 4 17 13 18 24 19 24 20 17 
5 4 1 27 2 24 3 22 4 30 8 9 20 10 22 11 10 12 11 13 12 14 17 15 19 16 10 8 5 29 6 25 7 21 8 25 9 16 10 17 11 14 12 10 8 5 27 6 10 7 20 8 10 9 10 10 24 11 21 12 18 4 17 27 18 11 19 24 20 24 
5 4 1 10 2 30 3 14 4 24 12 5 19 6 16 7 24 8 29 9 27 10 23 11 23 12 21 13 21 14 19 15 18 16 28 12 5 26 6 19 7 10 8 27 9 23 10 18 11 24 12 24 13 10 14 11 15 26 16 16 8 5 10 6 25 7 10 8 16 9 20 10 20 11 25 12 19 4 17 22 18 26 19 17 20 23 
5 4 1 21 2 15 3 29 4 30 8 5 12 6 28 7 29 8 12 9 10 10 22 11 28 12 17 8 5 29 6 27 7 30 8 11 13 25 14 28 15 11 16 27 8 5 20 6 25 7 15 8 24 13 18 14 22 15 21 16 16 4 17 26 18 30 19 13 20 20 
5 4 1 19 2 12 3 28 4 23 12 5 11 6 25 7 27 8 15 9 19 10 20 11 17 12 26 13 24 14 25 15 21 16 20 8 9 15 10 25 11 26 12 27 13 29 14 11 15 18 16 28 4 13 27 14 20 15 28 16 27 4 17 25 18 16 19 14 20 28 
5 4 1 19 2 19 3 27 4 16 8 5 19 6 21 7 25 8 24 13 14 14 13 15 17 16 19 8 5 19 6 17 7 29 8 16 13 15 14 22 15 29 16 10 12 5 22 6 15 7 11 8 12 9 30 10 22 11 22 12 27 13 28 14 16 15 18 16 28 4 17 23 18 26 19 29 20 11 
5 4 1 11 2 13 3 15 4 19 4 9 14 10 25 11 12 12 27 12 5 28 6 22 7 13 8 28 9 23 10 11 11 30 12 15 13 12 14 30 15 23 16 20 4 5 18 6 12 7 23 8 13 4 17 10 18 12 19 27 20 10 
5 4 1 28 2 24 3 26 4 16 12 5 25 6 21 7 12 8 19 9 15 10 25 11 27 12 11 13 15 14 23 15 21 16 26 12 5 18 6 11 7 10 8 24 9 19 10 15 11 14 12 22 13 16 14 13 15 11 16 11 12 5 15 6 23 7 10 8 12 9 17 10 17 11 25 12 10 13 25 14 13 15 20 16 21 4 17 18 18 20 19 24 20 12 
5 4 1 13 2 11 3 18 4 28 4 5 20 6 28 7 20 8 21 4 13 29 14 28 15 22 16 17 8 5 30 6 30 7 16 8 26 13 30 14 24 15 18 16 13 4 17 23 18 14 19 15 20 12 
5 4 1 17 2 13 3 15 4 14 12 5 14 6 13 7 10 8 18 9 26 10 16 11 28 12 29 13 14 14 22 15 11 16 13 4 13 20 14 24 15 27 16 12 4 9 27 10 18 11 24 12 16 4 17 10 18 29 19 14 20 21 
5 4 1 13 2 23 3 13 4 19 12 5 11 6 28 7 21 8 24 9 10 10 27 11 13 12 12 13 16 14 17 15 25 16 18 12 5 28 6 12 7 22 8 29 9 25 10 20 11 10 12 17 13 18 14 17 15 20 16 25 8 5 16 6 25 7 26 8 28 9 22 10 17 11 23 12 22 4 17 25 18 26 19 28 20 14 
5 4 1 19 2 20 3 22 4 21 12 5 10 6 17 7 25 8 14 9 30 10 13 11 10 12 23 13 29 14 30 15 23 16 29 12 5 13 6 14 7 22 8 25 9 17 10 21 11 19 12 10 13 17 14 22 15 22 16 10 4 13 15 14 22 15 13 16 27 4 17 22 18 24 19 10 20 30 
5 4 1 18 2 26 3 30 4 11 4 9 13 10 26 11 26 12 26 12 5 25 6 30 7 27 8 28 9 11 10 11 11 28 12 11 13 14 14 17 15 12 16 17 8 9 19 10 25 11 16 12 21 13 15 14 10 15 23 16 15 4 17 15 18 19 19 28 20 18 
5 4 1 15 2 20 3 12 4 14 4 9 25 10 18 11 23 12 16 4 13 12 14 14 15 17 16 23 4 13 18 14 29 15 14 16 10 4 17 10 18 12 19 22 20 16 
5 4 1 30 2 17 3 14 4 28 4 9 17 10 30 11 22 12 13 4 13 25 14 27 15 13 16 29 4 9 12 10 25 11 13 12 28 4 17 25 18 19 19 14 20 18 
5 4 1 23 2 23 3 29 4 18 12 5 23 6 22 7 19 8 19 9 14 10 25 11 16 12 25 13 11 14 17 15 27 16 14 12 5 15 6 23 7 18 8 19 9 28 10 10 11 18 12 29 13 22 14 20 15 28 16 27 12 5 13 6 18 7 16 8 23 9 22 10 16 11 27 12 27 13 27 14 29 15 24 16 16 4 17 10 18 30 19 25 20 13 
5 4 1 15 2 29 3 10 4 15 8 5 17 6 30 7 18 8 24 13 13 14 10 15 17 16 21 12 5 20 6 10 7 11 8 28 9 14 10 12 11 13 12 24 13 16 14 29 15 29 16 28 4 13 27 14 10 15 21 16 23 4 17 27 18 29 19 26 20 29 
5 4 1 25 2 23 3 11 4 20 12 5 16 6 25 7 30 8 12 9 17 10 25 11 16 12 27 13 22 14 17 15 27 16 23 8 9 18 10 29 11 21 12 17 13 14 14 19 15 12 16 11 12 5 15 6 10 7 29 8 27 9 28 10 30 11 28 12 22 13 22 14 10 15 19 16 15 4 17 24 18 10 19 29 20 23 
5 4 1 23 2 19 3 12 4 27 12 5 26 6 15 7 26 8 24 9 23 10 28 11 28 12 29 13 23 14 18 15 14 16 26 4 13 30 14 21 15 22 16 11 12 5 14 6 13 7 26 8 15 9 22 10 27 11 23 12 25 13 10 14 16 15 15 16 28 4 17 20 18 14 19 10 20 23 
5 4 1 21 2 11 3 10 4 14 12 5 13 6 20 7 24 8 18 9 27 10 17 11 10 12 16 13 19 14 25 15 20 16 14 8 9 19 10 17 11 28 12 23 13 29 14 27 15 26 16 11 4 9 22 10 22 11 15 12 29 4 17 29 18 25 19 26 20 29 
5 4 1 24 2 28 3 12 4 28 12 5 29 6 28 7 11 8 16 9 10 10 18 11 11 12 11 13 30 14 11 15 10 16 29 12 5 26 6 23 7 25 8 18 9 16 10 20 11 25 12 20 13 10 14 14 15 24 16 13 12 5 27 6 11 7 30 8 27 9 15 10 29 11 27 12 19 13 16 14 17 15 23 16 24 4 17 12 18 25 19 17 20 14 
5 4 1 30 2 18 3 23 4 23 4 13 20 14 18 15 25 16 11 4 5 21 6 29 7 28 8 10 4 9 20 10 11 11 19 12 24 4 17 13 18 12 19 16 20 17 
5 4 1 16 2 14 3 14 4 21 12 5 19 6 20 7 29 8 29 9 14 10 11 11 16 12 10 13 27 14 27 15 15 16 24 8 9 18 10 10 11 22 12 14 13 17 14 30 15 27 16 29 8 5 16 6 12 7 15 8 22 13 21 14 18 15 12 16 18 4 17 18 18 14 19 10 20 15 
5 4 1 21 2 20 3 27 4 29 12 5 22 6 11 7 26 8 28 9 15 10 24 11 13 12 18 13 27 14 22 15 13 16 29 12 5 25 6 16 7 10 8 20 9 20 10 18 11 28 12 27 13 20 14 26 15 25 16 11 4 5 23 6 16 7 25 8 23 4 17 20 18 30 19 23 20 12 
5 4 1 12 2 25 3 29 4 19 4 5 22 6 25 7 10 8 25 4 9 17 10 17 11 29 12 25 4 5 29 6 28 7 12 8 10 4 17 24 18 18 19 23 20 11 
5 4 1 10 2 24 3 25 4 15 8 9 16 10 13 11 26 12 16 13 20 14 11 15 18 16 10 8 5 19 6 26 7 17 8 12 13 16 14 27 15 21 16 10 12 5 12 6 17 7 20 8 14 9 30 10 21 11 28 12 26 13 26 14 21 15 30 16 19 4 17 23 18 15 19 20 20 26 
5 4 1 25 2 30 3 17 4 28 8 5 29 6 28 7 22 8 15 13 21 14 20 15 29 16 17 12 5 28 6 26 7 20 8 11 9 27 10 27 11 15 12 20 13 20 14 30 15 10 16 22 8 9 10 10 22 11 20 12 27 13 29 14 19 15 25 16 26 4 17 23 18 28 19 25 20 12 
5 4 1 26 2 18 3 30 4 21 4 5 19 6 19 7 28 8 21 12 5 23 6 21 7 19 8 20 9 11 10 15 11 22 12 24 13 14 14 17 15 12 16 27 12 5 11 6 20 7 15 8 29 9 10 10 10 11 11 12 12 13 23 14 28 15 22 16 24 4 17 25 18 14 19 14 20 18 
5 4 1 11 2 18 3 25 4 10 8 9 13 10 29 11 16 12 11 13 17 14 15 15 12 16 29 8 5 20 6 30 7 29 8 22 13 16 14 17 15 18 16 26 4 5 19 6 10 7 25 8 25 4 17 10 18 23 19 29 20 23 
5 4 1 10 2 27 3 23 4 15 4 5 19 6 25 7 25 8 18 8 9 20 10 15 11 30 12 22 13 18 14 18 15 11 16 14 8 5 21 6 14 7 19 8 28 9 20 10 13 11 11 12 21 4 17 25 18 12 19 25 20 24 
5 4 1 17 2 21 3 27 4 30 12 5 12 6 11 7 14 8 25 9 15 10 17 11 22 12 17 13 17 14 13 15 17 16 10 8 5 17 6 30 7 21 8 28 13 26 14 26 15 13 16 19 4 5 21 6 24 7 18 8 13 4 17 16 18 28 19 30 20 23 
5 4 1 18 2 14 3 19 4 11 12 5 22 6 10 7 26 8 19 9 28 10 15 11 11 12 25 13 10 14 13 15 18 16 27 8 5 15 6 25 7 29 8 20 13 26 14 24 15 14 16 25 8 5 26 6 14 7 18 8 29 9 28 10 27 11 13 12 20 4 17 14 18 23 19 24 20 15 
5 4 1 25 2 30 3 12 4 12 4 9 21 10 30 11 27 12 13 12 5 18 6 19 7 29 8 23 9 16 10 25 11 19 12 16 13 11 14 18 15 13 16 22 4 5 30 6 16 7 24 8 27 4 17 23 18 10 19 13 20 11 
5 4 1 23 2 21 3 27 4 11 4 9 24 10 23 11 24 12 25 4 13 24 14 15 15 12 16 17 12 5 28 6 10 7 19 8 13 9 15 10 28 11 22 12 18 13 27 14 19 15 26 16 24 4 17 11 18 11 19 11 20 26 
5 4 1 25 2 18 3 27 4 20 12 5 27 6 21 7 28 8 22 9 25 10 19 11 30 12 28 13 14 14 15 15 16 16 28 4 9 20 10 17 11 27 12 15 8 5 29 6 26 7 18 8 19 13 21 14 27 15 24 16 22 4 17 16 18 10 19 23 20 24 
5 4 1 21 2 23 3 11 4 14 8 5 13 6 21 7 20 8 26 13 18 14 19 15 29 16 20 12 5 30 6 18 7 23 8 10 9 17 10 16 11 30 12 10 13 24 14 21 15 22 16 15 12 5 14 6 28 7 21 8 16 9 29 10 23 11 29 12 19 13 10 14 13 15 23 16 10 4 17 19 18 26 19 28 20 23 
5 4 1 10 2 18 3 22 4 30 8 5 23 6 17 7 21 8 22 13 16 14 21 15 15 16 15 8 5 22 6 22 7 24 8 29 9 21 10 25 11 18 12 17 8 9 23 10 12 11 12 12 20 13 11 14 29 15 27 16 16 4 17 17 18 21 19 14 20 24 
5 4 1 16 2 11 3 20 4 12 12 5 28 6 12 7 20 8 11 9 27 10 15 11 23 12 25 13 18 14 13 15 25 16 26 12 5 12 6 25 7 16 8 21 9 17 10 12 11 11 12 23 13 11 14 26 15 15 16 29 4 13 14 14 14 15 26 16 14 4 17 10 18 14 19 19 20 11 
5 4 1 26 2 28 3 22 4 25 8 9 29 10 21 11 22 12 14 13 26 14 22 15 27 16 20 4 9 27 10 22 11 22 12 23 4 9 27 10 23 11 25 12 14 4 17 16 18 23 19 25 20 27 
5 4 1 26 2 24 3 23 4 22 4 9 19 10 28 11 16 12 23 12 5 21 6 18 7 25 8 26 9 21 10 28 11 16 12 21 13 16 14 23 15 17 16 10 12 5 25 6 29 7 28 8 18 9 28 10 13 11 26 12 12 13 27 14 23 15 18 16 12 4 17 13 18 28 19 19 20 17 
5 4 1 15 2 18 3 13 4 26 12 5 11 6 24 7 26 8 16 9 17 10 26 11 30 12 14 13 13 14 21 15 19 16 21 12 5 19 6 17 7 15 8 28 9 27 10 23 11 27 12 27 13 24 14 28 15 23 16 20 8 5 10 6 27 7 10 8 25 9 11 10 17 11 21 12 13 4 17 13 18 20 19 19 20 17 
5 4 1 25 2 16 3 11 4 28 4 9 12 10 10 11 28 12 20 12 5 22 6 13 7 14 8 22 9 24 10 30 11 27 12 24 13 26 14 22 15 15 16 25 4 9 30 10 25 11 28 12 17 4 17 28 18 26 19 16 20 29 
5 4 1 26 2 27 3 25 4 12 8 9 16 10 18 11 23 12 13 13 26 14 22 15 25 16 16 8 5 29 6 25 7 26 8 19 9 21 10 11 11 17 12 14 8 5 14 6 29 7 27 8 14 13 12 14 21 15 26 16 10 4 17 14 18 28 19 22 20 29 
5 4 1 30 2 12 3 14 4 19 8 9 10 10 11 11 13 12 18 13 16 14 20 15 30 16 18 12 5 17 6 22 7 29 8 14 9 15 10 29 11 24 12 21 13 18 14 27 15 22 16 19 4 13 24 14 11 15 23 16 30 4 17 15 18 14 19 27 20 19 
5 4 1 17 2 20 3 14 4 18 4 13 18 14 25 15 26 16 28 8 5 11 6 22 7 16 8 12 9 16 10 16 11 15 12 20 8 9 20 10 20 11 30 12 29 13 27 14 12 15 21 16 11 4 17 27 18 21 19 23 20 15 
5 4 1 26 2 23 3 10 4 28 12 5 24 6 10 7 28 8 27 9 20 10 11 11 28 12 29 13 14 14 11 15 17 16 28 12 5 29 6 15 7 12 8 20 9 19 10 21 11 25 12 20 13 11 14 29 15 17 16 21 4 13 13 14 27 15 20 16 27 4 17 13 18 26 19 21 20 30 
5 4 1 15 2 10 3 20 4 12 4 13 21 14 10 15 13 16 25 4 5 15 6 21 7 13 8 12 4 13 19 14 15 15 17 16 14 4 17 15 18 27 19 18 20 26 
5 4 1 13 2 14 3 13 4 11 4 9 12 10 21 11 13 12 29 4 5 21 6 30 7 27 8 20 12 5 12 6 18 7 24 8 15 9 25 10 18 11 25 12 12 13 25 14 23 15 11 16 20 4 17 20 18 30 19 10 20 29 
5 4 1 19 2 22 3 24 4 14 8 5 22 6 30 7 28 8 19 13 20 14 27 15 20 16 18 4 13 23 14 25 15 10 16 12 12 5 25 6 15 7 11 8 11 9 27 10 28 11 12 12 28 13 10 14 20 15 27 16 14 4 17 18 18 15 19 19 20 22 
5 4 1 24 2 22 3 30 4 27 12 5 17 6 12 7 22 8 16 9 24 10 27 11 24 12 22 13 12 14 13 15 16 16 22 4 5 29 6 16 7 30 8 22 4 5 17 6 10 7 18 8 23 4 17 15 18 20 19 19 20 21 
5 4 1 14 2 24 3 29 4 11 8 9 28 10 28 11 11 12 17 13 22 14 19 15 30 16 26 12 5 23 6 10 7 25 8 22 9 27 10 19 11 10 12 10 13 26 14 11 15 15 16 19 12 5 29 6 13 7 17 8 30 9 18 10 14 11 13 12 17 13 22 14 24 15 11 16 10 4 17 16 18 13 19 11 20 17 
5 4 1 25 2 26 3 16 4 26 12 5 27 6 27 7 30 8 20 9 22 10 25 11 10 12 19 13 11 14 15 15 28 16 29 8 5 20 6 18 7 29 8 27 13 27 14 25 15 24 16 16 8 5 11 6 18 7 25 8 13 13 17 14 14 15 20 16 14 4 17 27 18 10 19 30 20 26 
5 4 1 26 2 18 3 19 4 18 12 5 19 6 30 7 22 8 11 9 24 10 23 11 27 12 16 13 26 14 24 15 21 16 10 12 5 19 6 11 7 11 8 19 9 17 10 16 11 11 12 28 13 13 14 28 15 20 16 14 4 5 19 6 19 7 17 8 18 4 17 12 18 25 19 11 20 29 
5 4 1 30 2 30 3 11 4 21 8 9 29 10 17 11 11 12 29 13 18 14 28 15 10 16 16 12 5 18 6 11 7 13 8 16 9 11 10 19 11 25 12 11 13 16 14 25 15 16 16 23 4 5 16 6 16 7 12 8 19 4 17 10 18 29 19 14 20 14 
5 4 1 26 2 16 3 18 4 23 8 9 17 10 13 11 27 12 15 13 20 14 13 15 21 16 29 12 5 25 6 19 7 25 8 11 9 22 10 24 11 14 12 27 13 17 14 24 15 15 16 25 8 9 23 10 22 11 10 12 18 13 30 14 29 15 29 16 19 4 17 17 18 23 19 10 20 24 
5 4 1 27 2 10 3 23 4 17 8 5 13 6 11 7 15 8 18 9 10 10 17 11 29 12 26 12 5 23 6 20 7 10 8 26 9 10 10 24 11 28 12 28 13 27 14 12 15 16 16 10 12 5 13 6 21 7 12 8 27 9 21 10 26 11 11 12 24 13 17 14 20 15 30 16 16 4 17 28 18 14 19 25 20 10 
5 4 1 10 2 21 3 29 4 11 12 5 17 6 30 7 18 8 19 9 16 10 21 11 12 12 29 13 18 14 14 15 29 16 23 12 5 24 6 19 7 13 8 27 9 10 10 27 11 17 12 16 13 28 14 10 15 20 16 14 8 5 15 6 16 7 15 8 30 13 14 14 19 15 15 16 28 4 17 21 18 15 19 27 20 18 
5 4 1 23 2 12 3 18 4 19 12 5 21 6 24 7 10 8 24 9 26 10 25 11 14 12 26 13 13 14 10 15 13 16 20 4 5 26 6 21 7 16 8 17 12 5 25 6 11 7 12 8 25 9 25 10 27 11 29 12 20 13 22 14 15 15 10 16 13 4 17 12 18 10 19 13 20 20 
5 4 1 29 2 20 3 19 4 13 8 5 18 6 10 7 25 8 22 13 28 14 27 15 27 16 12 4 5 17 6 29 7 10 8 21 12 5 25 6 13 7 26 8 20 9 11 10 30 11 11 12 19 13 16 14 26 15 25 16 24 4 17 15 18 20 19 26 20 28 
5 4 1 15 2 22 3 23 4 15 4 13 26 14 17 15 18 16 22 4 13 21 14 15 15 23 16 14 12 5 11 6 27 7 11 8 15 9 28 10 27 11 22 12 24 13 16 14 22 15 27 16 12 4 17 23 18 26 19 22 20 16 
5 4 1 16 2 19 3 11 4 14 8 5 24 6 29 7 19 8 23 13 19 14 11 15 18 16 14 12 5 16 6 22 7 15 8 22 9 29 10 27 11 27 12 23 13 28 14 17 15 23 16 14 8 5 11 6 30 7 16 8 26 13 23 14 10 15 16 16 23 4 17 11 18 27 19 12 20 18 
5 4 1 16 2 23 3 10 4 28 8 5 19 6 14 7 19 8 13 9 22 10 24 11 10 12 19 4 5 10 6 18 7 27 8 25 8 5 23 6 11 7 20 8 22 13 30 14 29 15 13 16 18 4 17 16 18 12 19 11 20 15 
5 4 1 19 2 19 3 25 4 21 4 9 14 10 16 11 14 12 11 4 13 25 14 19 15 11 16 22 12 5 28 6 30 7 12 8 13 9 22 10 21 11 17 12 22 13 28 14 23 15 24 16 17 4 17 26 18 16 19 14 20 19 
5 4 1 14 2 24 3 21 4 17 8 9 30 10 27 11 19 12 21 13 23 14 19 15 23 16 25 4 13 14 14 17 15 25 16 10 4 13 28 14 14 15 24 16 17 4 17 17 18 13 19 20 20 19 
5 4 1 17 2 30 3 15 4 17 4 13 26 14 29 15 27 16 12 4 13 21 14 25 15 16 16 25 12 5 23 6 27 7 18 8 12 9 27 10 14 11 26 12 22 13 28 14 21 15 26 16 10 4 17 16 18 13 19 16 20 22 
5 4 1 10 2 11 3 29 4 16 12 5 16 6 24 7 27 8 16 9 28 10 14 11 13 12 13 13 19 14 17 15 29 16 24 12 5 19 6 29 7 10 8 30 9 18 10 26 11 28 12 20 13 28 14 12 15 26 16 11 8 9 30 10 22 11 15 12 12 13 21 14 15 15 23 16 14 4 17 25 18 28 19 26 20 24 
5 4 1 14 2 14 3 13 4 13 12 5 13 6 28 7 18 8 11 9 12 10 29 11 10 12 21 13 22 14 13 15 20 16 23 4 5 21 6 12 7 23 8 18 8 9 12 10 27 11 17 12 19 13 28 14 21 15 14 16 26 4 17 29 18 29 19 15 20 20 
5 4 1 21 2 18 3 17 4 11 8 5 29 6 18 7 14 8 26 13 13 14 25 15 15 16 26 12 5 22 6 25 7 14 8 27 9 11 10 24 11 13 12 22 13 26 14 27 15 13 16 16 8 9 18 10 30 11 27 12 14 13 27 14 20 15 13 16 20 4 17 24 18 24 19 28 20 24 
5 4 1 25 2 30 3 10 4 25 8 9 28 10 11 11 25 12 12 13 17 14 18 15 17 16 19 8 5 13 6 11 7 21 8 28 9 14 10 26 11 18 12 23 4 9 13 10 15 11 22 12 21 4 17 18 18 22 19 23 20 29 
5 4 1 27 2 11 3 16 4 29 12 5 12 6 15 7 29 8 18 9 12 10 18 11 17 12 29 13 15 14 23 15 27 16 16 12 5 12 6 19 7 26 8 30 9 17 10 17 11 30 12 22 13 22 14 15 15 24 16 21 12 5 28 6 12 7 25 8 19 9 12 10 19 11 21 12 18 13 12 14 21 15 30 16 11 4 17 15 18 19 19 27 20 10 
5 4 1 25 2 25 3 25 4 15 8 9 17 10 12 11 11 12 29 13 29 14 11 15 22 16 27 8 9 10 10 24 11 28 12 13 13 27 14 16 15 20 16 21 4 9 14 10 18 11 15 12 15 4 17 15 18 28 19 17 20 11 
5 4 1 15 2 23 3 18 4 16 12 5 22 6 16 7 30 8 15 9 19 10 11 11 15 12 21 13 25 14 25 15 13 16 22 8 9 17 10 23 11 24 12 24 13 18 14 30 15 29 16 25 4 13 20 14 14 15 29 16 17 4 17 18 18 16 19 18 20 21 
5 4 1 27 2 11 3 19 4 27 12 5 21 6 29 7 13 8 24 9 13 10 18 11 20 12 15 13 12 14 22 15 13 16 29 4 9 20 10 26 11 16 12 18 4 13 27 14 18 15 27 16 17 4 17 22 18 28 19 14 20 30 
5 4 1 11 2 23 3 17 4 20 4 5 27 6 27 7 17 8 15 8 5 24 6 29 7 28 8 27 9 26 10 23 11 16 12 17 12 5 24 6 24 7 18 8 15 9 15 10 11 11 18 12 19 13 24 14 27 15 26 16 11 4 17 11 18 22 19 28 20 18 
5 4 1 30 2 24 3 30 4 16 4 5 13 6 13 7 28 8 20 8 5 28 6 20 7 28 8 28 9 18 10 16 11 26 12 21 8 5 15 6 25 7 18 8 24 13 28 14 11 15 16 16 20 4 17 27 18 21 19 12 20 21 
5 4 1 15 2 29 3 30 4 12 4 9 27 10 20 11 26 12 27 12 5 28 6 30 7 20 8 22 9 19 10 19 11 22 12 24 13 11 14 19 15 19 16 10 4 9 22 10 14 11 10 12 28 4 17 26 18 15 19 18 20 19 
5 4 1 16 2 29 3 15 4 27 4 5 23 6 14 7 14 8 10 4 9 13 10 20 11 12 12 24 4 5 13 6 12 7 19 8 30 4 17 15 18 18 19 20 20 25 
5 4 1 21 2 27 3 27 4 19 4 9 30 10 10 11 21 12 17 8 9 16 10 23 11 22 12 17 13 27 14 24 15 12 16 28 12 5 28 6 15 7 19 8 27 9 10 10 14 11 25 12 15 13 23 14 20 15 16 16 10 4 17 15 18 18 19 23 20 30 
5 4 1 12 2 26 3 15 4 28 12 5 23 6 19 7 29 8 28 9 29 10 29 11 11 12 22 13 17 14 24 15 12 16 24 4 9 10 10 28 11 10 12 18 12 5 12 6 28 7 18 8 16 9 18 10 24 11 30 12 20 13 20 14 26 15 29 16 15 4 17 15 18 20 19 18 20 18 
5 4 1 13 2 25 3 18 4 16 4 13 18 14 12 15 15 16 21 4 5 14 6 17 7 28 8 19 4 9 26 10 30 11 17 12 22 4 17 25 18 21 19 12 20 18 
5 4 1 21 2 24 3 22 4 23 8 5 20 6 17 7 14 8 22 13 14 14 14 15 12 16 29 8 5 17 6 25 7 28 8 24 9 28 10 29 11 27 12 14 4 13 20 14 11 15 20 16 20 4 17 27 18 17 19 28 20 19 
5 4 1 14 2 21 3 16 4 12 8 5 21 6 13 7 18 8 28 13 25 14 16 15 16 16 24 4 9 19 10 17 11 13 12 29 8 9 15 10 13 11 11 12 10 13 29 14 16 15 28 16 22 4 17 17 18 12 19 28 20 12 
5 4 1 15 2 15 3 23 4 24 4 13 25 14 21 15 15 16 30 8 5 20 6 22 7 28 8 17 13 23 14 15 15 23 16 23 4 5 12 6 30 7 14 8 20 4 17 26 18 27 19 23 20 16 
4 37 21 103 35 156 216 45 274 346 59 392 476 
14 14 7 31 8 42 72 5 82 108 20 121 145 13 164 178 14 201 217 3 241 253 20 271 299 1 309 337 12 352 370 16 388 410 15 424 450 13 465 485 13 500 526 
11 15 7 38 5 61 74 19 99 126 6 145 170 7 188 217 18 236 259 11 283 302 8 325 350 14 373 392 11 420 435 13 460 485 
11 6 12 33 9 54 81 18 103 122 20 147 168 5 196 209 5 240 255 11 282 303 2 326 349 13 365 400 21 414 441 2 466 479 
30 2 3 13 1 19 29 1 36 44 3 52 60 1 69 75 6 84 92 7 99 109 7 115 125 6 132 140 2 149 155 4 165 171 9 179 189 5 194 206 10 210 222 5 227 237 2 245 251 7 258 270 5 276 284 4 293 299 3 309 315 4 323 333 5 338 350 3 356 364 6 372 380 3 388 396 3 404 412 7 418 430 1 435 445 1 453 459 1 468 476 
29 1 3 14 7 19 32 3 39 46 2 57 62 2 72 81 1 89 98 8 105 116 5 122 133 2 139 150 5 158 165 4 174 183 4 193 198 7 208 217 4 227 232 6 243 250 5 260 267 5 274 287 7 291 304 5 309 320 6 327 336 4 343 354 6 359 372 7 376 389 3 395 404 3 412 421 8 427 440 11 444 457 1 462 473 6 479 490 
14 11 9 25 4 46 56 12 77 93 10 113 125 2 140 166 7 182 192 12 213 229 17 246 264 1 282 296 12 311 335 18 347 367 4 386 396 24 412 438 15 448 470 
25 7 6 14 5 26 34 3 46 54 2 67 73 7 85 95 4 107 113 11 123 137 1 145 155 2 163 177 6 186 194 4 206 214 5 222 238 6 246 254 7 265 275 6 286 294 7 303 317 7 324 336 8 344 356 7 363 377 1 384 396 3 405 415 6 426 434 7 442 458 6 464 476 2 485 495 
26 2 5 14 9 22 35 4 43 52 10 59 74 6 79 92 7 99 110 9 117 130 12 136 149 7 156 167 3 177 184 8 192 207 12 212 225 12 230 245 6 250 263 1 271 280 1 290 299 7 309 318 1 327 338 1 347 356 3 366 375 1 387 392 1 402 415 2 423 432 2 442 451 7 460 471 4 481 488 
33 4 2 14 10 18 30 6 36 44 4 51 61 5 66 78 10 82 94 2 99 109 2 116 124 3 133 139 8 147 157 10 162 174 3 181 187 5 194 206 2 212 220 2 229 235 1 242 254 6 259 269 2 276 284 2 292 300 10 306 318 8 322 334 2 341 347 3 355 365 4 373 379 9 387 397 2 404 412 7 420 428 4 437 443 4 453 459 1 468 476 3 483 493 9 498 510 7 515 525 
10 3 15 36 5 59 94 7 114 141 22 159 198 23 211 248 30 265 296 14 312 351 4 366 399 3 417 450 23 469 500 
47 1 2 9 1 13 20 3 24 31 3 36 41 1 47 52 6 56 65 3 67 76 2 79 86 6 89 98 3 101 108 3 112 119 3 123 130 4 134 141 7 144 153 1 156 163 3 167 174 2 178 185 4 189 196 3 199 208 2 212 217 6 222 229 5 233 240 4 245 250 2 256 261 2 266 273 2 276 285 5 287 296 3 300 305 1 311 316 3 322 327 6 331 340 5 343 350 2 355 360 5 365 372 7 375 384 1 389 392 1 399 404 3 410 415 2 420 427 2 431 438 3 442 449 6 452 461 2 465 470 2 475 482 4 485 494 2 497 504 1 508 515 
36 9 2 13 5 18 27 6 33 42 1 49 56 3 65 70 2 78 87 5 94 101 2 110 115 2 125 130 2 140 145 5 154 161 3 167 178 8 183 192 5 199 206 2 213 222 3 227 238 5 242 253 2 259 266 1 273 282 3 290 295 4 304 311 8 316 329 5 332 343 6 349 356 6 364 371 4 379 386 2 394 401 5 409 416 4 425 430 3 440 445 5 454 461 5 469 476 1 484 491 4 500 505 4 515 520 1 528 537 
2 80 54 201 47 299 466 
13 14 8 32 9 51 69 2 92 108 4 126 154 19 168 192 21 206 234 4 253 267 7 292 308 7 326 354 2 373 387 12 411 429 4 448 472 2 489 511 
20 7 4 22 4 33 45 3 59 71 3 84 98 10 111 123 6 139 147 6 163 175 11 186 204 12 214 228 17 238 256 13 264 282 4 291 307 7 317 333 3 343 359 3 370 384 4 393 413 3 424 434 7 446 464 1 472 490 3 498 516 
10 17 16 34 21 60 90 22 113 137 6 167 183 4 215 235 30 258 292 28 310 340 8 363 387 9 406 444 15 466 484 
16 7 8 24 9 39 57 6 69 91 1 104 120 2 137 151 7 166 186 12 198 218 10 234 246 9 266 278 7 296 312 8 329 343 8 360 376 11 388 412 4 427 437 11 457 471 9 488 504 
15 4 9 25 17 40 62 4 77 93 10 113 125 1 142 164 10 178 196 5 216 226 8 248 262 2 284 294 11 315 331 2 348 366 21 378 404 16 412 438 5 446 472 4 484 502 
4 24 46 80 73 142 236 33 272 358 37 412 470 
