50 20 6.27
5 4 1 11 2 11 3 25 4 23 4 5 13 6 19 7 30 8 12 4 5 15 6 27 7 11 8 24 4 5 15 6 28 7 19 8 10 4 17 12 18 23 19 26 20 12 
5 4 1 12 2 30 3 28 4 21 8 5 17 6 14 7 21 8 12 9 21 10 13 11 25 12 11 8 5 13 6 19 7 21 8 22 9 16 10 16 11 25 12 18 12 5 13 6 15 7 30 8 21 9 16 10 16 11 10 12 14 13 17 14 22 15 19 16 12 4 17 15 18 15 19 18 20 27 
5 4 1 20 2 22 3 27 4 19 12 5 17 6 10 7 27 8 22 9 22 10 10 11 27 12 29 13 24 14 21 15 30 16 15 4 13 29 14 24 15 24 16 10 8 5 16 6 20 7 18 8 10 9 16 10 25 11 11 12 10 4 17 19 18 15 19 24 20 11 
5 4 1 10 2 24 3 10 4 20 8 5 17 6 10 7 26 8 25 9 14 10 11 11 28 12 30 4 13 21 14 14 15 12 16 23 12 5 30 6 15 7 23 8 23 9 21 10 20 11 23 12 12 13 13 14 23 15 11 16 14 4 17 13 18 23 19 26 20 22 
5 4 1 27 2 24 3 23 4 28 4 9 30 10 14 11 13 12 27 12 5 21 6 17 7 16 8 15 9 14 10 19 11 13 12 23 13 21 14 17 15 10 16 24 12 5 28 6 28 7 11 8 19 9 15 10 16 11 29 12 13 13 24 14 16 15 14 16 26 4 17 25 18 17 19 15 20 16 
5 4 1 10 2 30 3 12 4 19 4 13 22 14 28 15 30 16 28 12 5 16 6 25 7 18 8 11 9 12 10 12 11 14 12 17 13 18 14 21 15 23 16 20 8 9 29 10 17 11 22 12 28 13 24 14 21 15 14 16 30 4 17 21 18 23 19 29 20 23 
5 4 1 17 2 20 3 26 4 14 8 5 27 6 13 7 15 8 12 9 30 10 27 11 29 12 27 4 13 30 14 20 15 25 16 17 4 9 30 10 27 11 25 12 21 4 17 22 18 27 19 25 20 22 
5 4 1 23 2 18 3 23 4 15 4 9 23 10 26 11 10 12 29 4 9 25 10 10 11 17 12 11 4 5 22 6 10 7 21 8 15 4 17 16 18 29 19 18 20 26 
5 4 1 14 2 13 3 29 4 28 4 13 26 14 12 15 13 16 11 12 5 22 6 17 7 23 8 17 9 10 10 16 11 25 12 28 13 28 14 17 15 21 16 21 8 5 29 6 24 7 16 8 30 9 18 10 20 11 30 12 18 4 17 10 18 21 19 22 20 10 
5 4 1 29 2 23 3 13 4 29 8 9 16 10 22 11 14 12 29 13 12 14 25 15 27 16 22 12 5 27 6 10 7 27 8 23 9 30 10 16 11 11 12 21 13 25 14 23 15 20 16 22 4 5 10 6 16 7 18 8 27 4 17 28 18 13 19 10 20 12 
5 4 1 17 2 15 3 14 4 17 4 13 20 14 29 15 19 16 28 12 5 30 6 30 7 24 8 16 9 20 10 13 11 14 12 28 13 17 14 25 15 11 16 25 12 5 22 6 11 7 23 8 21 9 19 10 21 11 12 12 17 13 24 14 19 15 28 16 26 4 17 14 18 21 19 18 20 27 
5 4 1 22 2 28 3 29 4 13 4 13 20 14 11 15 17 16 16 12 5 26 6 17 7 30 8 13 9 24 10 10 11 22 12 13 13 16 14 14 15 28 16 21 8 5 30 6 24 7 25 8 13 9 26 10 21 11 18 12 27 4 17 24 18 14 19 18 20 12 
5 4 1 30 2 22 3 23 4 18 4 9 27 10 15 11 19 12 14 12 5 22 6 16 7 22 8 18 9 18 10 23 11 28 12 29 13 25 14 14 15 27 16 27 4 13 12 14 10 15 20 16 10 4 17 17 18 24 19 25 20 28 
5 4 1 17 2 30 3 20 4 29 8 5 29 6 19 7 13 8 20 9 21 10 28 11 19 12 15 8 5 22 6 22 7 29 8 26 13 25 14 28 15 15 16 22 8 9 25 10 30 11 30 12 17 13 21 14 20 15 12 16 27 4 17 25 18 14 19 18 20 11 
5 4 1 19 2 27 3 11 4 10 12 5 21 6 11 7 30 8 19 9 23 10 19 11 20 12 25 13 28 14 17 15 11 16 13 12 5 11 6 22 7 12 8 13 9 26 10 14 11 26 12 20 13 23 14 24 15 25 16 10 8 5 17 6 26 7 14 8 20 9 10 10 20 11 13 12 18 4 17 18 18 10 19 16 20 18 
5 4 1 30 2 26 3 12 4 18 4 9 16 10 30 11 26 12 11 8 5 11 6 14 7 11 8 25 9 19 10 23 11 26 12 16 4 9 26 10 20 11 15 12 26 4 17 12 18 15 19 10 20 22 
5 4 1 15 2 17 3 29 4 15 4 5 18 6 28 7 10 8 27 12 5 16 6 16 7 27 8 18 9 10 10 20 11 12 12 27 13 21 14 10 15 27 16 25 4 9 23 10 17 11 14 12 16 4 17 12 18 22 19 27 20 14 
5 4 1 15 2 25 3 14 4 28 8 5 10 6 19 7 24 8 29 13 18 14 30 15 12 16 19 4 9 10 10 27 11 16 12 30 8 5 28 6 21 7 27 8 26 13 24 14 26 15 24 16 29 4 17 20 18 25 19 12 20 29 
5 4 1 24 2 23 3 15 4 24 4 5 15 6 19 7 11 8 10 4 9 13 10 22 11 30 12 19 4 9 30 10 18 11 21 12 11 4 17 15 18 14 19 16 20 22 
5 4 1 20 2 18 3 22 4 13 4 9 19 10 15 11 17 12 10 4 5 11 6 22 7 17 8 19 4 5 28 6 14 7 17 8 14 4 17 20 18 22 19 27 20 26 
5 4 1 30 2 23 3 22 4 13 12 5 24 6 22 7 20 8 17 9 19 10 24 11 14 12 10 13 28 14 12 15 12 16 15 12 5 19 6 14 7 18 8 15 9 12 10 20 11 11 12 30 13 16 14 18 15 11 16 26 12 5 23 6 30 7 17 8 18 9 14 10 15 11 13 12 17 13 30 14 16 15 24 16 26 4 17 19 18 29 19 14 20 24 
5 4 1 21 2 19 3 22 4 29 12 5 29 6 12 7 27 8 13 9 23 10 20 11 12 12 14 13 30 14 20 15 19 16 20 4 9 12 10 12 11 30 12 27 12 5 16 6 21 7 19 8 16 9 19 10 13 11 30 12 12 13 17 14 28 15 14 16 24 4 17 15 18 21 19 28 20 21 
5 4 1 28 2 30 3 17 4 27 4 9 20 10 30 11 15 12 13 4 13 20 14 30 15 11 16 24 8 5 29 6 30 7 28 8 10 9 30 10 15 11 24 12 19 4 17 24 18 22 19 23 20 27 
5 4 1 10 2 18 3 27 4 19 4 5 17 6 26 7 19 8 13 12 5 15 6 21 7 27 8 21 9 11 10 24 11 24 12 13 13 12 14 21 15 27 16 16 12 5 16 6 12 7 18 8 15 9 29 10 17 11 24 12 27 13 10 14 16 15 22 16 17 4 17 12 18 19 19 13 20 28 
5 4 1 15 2 12 3 25 4 18 8 5 21 6 29 7 13 8 14 13 22 14 10 15 20 16 20 8 5 16 6 22 7 15 8 21 9 13 10 14 11 24 12 11 12 5 19 6 11 7 10 8 16 9 26 10 30 11 16 12 20 13 12 14 30 15 28 16 22 4 17 16 18 24 19 21 20 10 
5 4 1 16 2 17 3 26 4 10 4 5 30 6 19 7 15 8 14 8 9 13 10 22 11 24 12 12 13 19 14 18 15 25 16 15 12 5 12 6 13 7 20 8 14 9 14 10 15 11 29 12 15 13 21 14 14 15 17 16 21 4 17 29 18 25 19 13 20 27 
5 4 1 30 2 28 3 15 4 11 4 5 21 6 10 7 17 8 19 8 9 15 10 14 11 29 12 23 13 29 14 22 15 13 16 17 12 5 12 6 20 7 19 8 20 9 28 10 20 11 21 12 25 13 14 14 11 15 20 16 20 4 17 21 18 18 19 15 20 15 
5 4 1 26 2 13 3 30 4 10 8 5 30 6 17 7 25 8 18 13 18 14 14 15 14 16 29 12 5 23 6 24 7 18 8 19 9 14 10 28 11 19 12 15 13 17 14 27 15 25 16 26 4 5 13 6 14 7 10 8 12 4 17 15 18 22 19 12 20 14 
5 4 1 15 2 22 3 29 4 13 12 5 15 6 28 7 27 8 24 9 16 10 14 11 28 12 12 13 18 14 13 15 29 16 28 12 5 11 6 12 7 10 8 15 9 28 10 22 11 15 12 23 13 24 14 14 15 16 16 11 12 5 18 6 13 7 25 8 22 9 16 10 15 11 26 12 16 13 27 14 22 15 25 16 14 4 17 22 18 19 19 19 20 22 
5 4 1 24 2 26 3 23 4 29 12 5 24 6 29 7 15 8 23 9 13 10 15 11 11 12 27 13 30 14 23 15 13 16 23 12 5 12 6 22 7 18 8 27 9 27 10 10 11 13 12 11 13 22 14 30 15 21 16 14 12 5 14 6 25 7 13 8 11 9 13 10 29 11 10 12 29 13 17 14 20 15 18 16 16 4 17 10 18 28 19 21 20 28 
5 4 1 30 2 12 3 23 4 18 4 5 23 6 29 7 11 8 19 4 9 19 10 19 11 26 12 17 8 5 14 6 11 7 19 8 21 9 11 10 26 11 25 12 29 4 17 15 18 12 19 23 20 16 
5 4 1 23 2 10 3 13 4 19 12 5 19 6 12 7 27 8 26 9 16 10 21 11 29 12 29 13 30 14 27 15 10 16 16 12 5 21 6 19 7 12 8 19 9 11 10 20 11 18 12 29 13 24 14 24 15 13 16 27 8 9 10 10 17 11 27 12 17 13 18 14 10 15 10 16 29 4 17 10 18 17 19 18 20 29 
5 4 1 14 2 19 3 17 4 26 8 5 12 6 23 7 10 8 13 9 18 10 20 11 29 12 22 4 5 15 6 11 7 28 8 16 8 5 29 6 25 7 28 8 16 13 26 14 21 15 11 16 24 4 17 28 18 29 19 17 20 13 
5 4 1 22 2 26 3 11 4 20 4 13 29 14 10 15 24 16 11 12 5 29 6 16 7 15 8 10 9 12 10 20 11 15 12 29 13 25 14 21 15 27 16 22 8 9 22 10 16 11 20 12 23 13 27 14 18 15 14 16 17 4 17 24 18 25 19 23 20 16 
5 4 1 15 2 18 3 12 4 23 4 5 18 6 28 7 19 8 23 12 5 15 6 10 7 12 8 11 9 30 10 24 11 18 12 12 13 28 14 21 15 11 16 16 8 5 17 6 26 7 16 8 24 13 18 14 14 15 26 16 17 4 17 13 18 14 19 20 20 27 
5 4 1 25 2 18 3 23 4 27 12 5 10 6 27 7 10 8 17 9 22 10 24 11 17 12 13 13 27 14 30 15 11 16 10 4 9 18 10 10 11 10 12 23 4 13 24 14 10 15 12 16 19 4 17 18 18 26 19 11 20 10 
5 4 1 20 2 28 3 20 4 19 8 9 15 10 18 11 13 12 25 13 22 14 27 15 19 16 11 12 5 25 6 20 7 21 8 12 9 25 10 20 11 14 12 24 13 22 14 10 15 27 16 21 4 13 23 14 11 15 28 16 18 4 17 10 18 30 19 15 20 13 
5 4 1 15 2 29 3 18 4 15 8 9 27 10 27 11 20 12 23 13 26 14 22 15 14 16 11 4 13 10 14 17 15 11 16 11 4 5 24 6 19 7 27 8 19 4 17 26 18 24 19 25 20 29 
5 4 1 25 2 29 3 10 4 16 12 5 25 6 30 7 24 8 18 9 27 10 17 11 16 12 30 13 30 14 13 15 25 16 29 12 5 12 6 28 7 10 8 17 9 30 10 14 11 27 12 21 13 15 14 26 15 17 16 21 4 5 13 6 23 7 25 8 22 4 17 20 18 12 19 29 20 18 
5 4 1 14 2 14 3 19 4 15 8 9 15 10 10 11 13 12 16 13 21 14 22 15 28 16 16 8 5 26 6 28 7 25 8 12 13 17 14 26 15 10 16 13 12 5 25 6 15 7 13 8 25 9 10 10 15 11 25 12 19 13 12 14 25 15 18 16 20 4 17 22 18 30 19 22 20 17 
5 4 1 20 2 21 3 25 4 12 12 5 25 6 25 7 28 8 28 9 26 10 25 11 10 12 28 13 14 14 27 15 13 16 19 4 9 12 10 22 11 26 12 27 8 9 13 10 27 11 16 12 26 13 30 14 13 15 15 16 14 4 17 13 18 26 19 14 20 11 
5 4 1 16 2 15 3 12 4 19 12 5 14 6 29 7 16 8 16 9 20 10 25 11 17 12 10 13 17 14 28 15 22 16 11 4 13 17 14 10 15 18 16 29 8 5 30 6 16 7 25 8 25 9 13 10 26 11 21 12 27 4 17 18 18 18 19 17 20 18 
5 4 1 25 2 15 3 14 4 20 4 13 29 14 17 15 30 16 24 4 5 17 6 12 7 17 8 23 12 5 12 6 16 7 22 8 10 9 11 10 16 11 19 12 15 13 14 14 25 15 26 16 27 4 17 23 18 24 19 30 20 25 
5 4 1 17 2 19 3 12 4 29 12 5 19 6 22 7 22 8 23 9 21 10 11 11 17 12 19 13 11 14 20 15 23 16 16 4 5 16 6 29 7 20 8 20 8 9 13 10 27 11 10 12 21 13 21 14 11 15 14 16 19 4 17 22 18 11 19 13 20 19 
5 4 1 11 2 18 3 15 4 23 12 5 12 6 30 7 17 8 27 9 11 10 11 11 23 12 19 13 30 14 17 15 19 16 23 12 5 23 6 16 7 15 8 26 9 22 10 12 11 20 12 24 13 26 14 11 15 12 16 23 8 5 22 6 27 7 26 8 13 9 18 10 20 11 26 12 18 4 17 13 18 12 19 25 20 30 
5 4 1 24 2 28 3 27 4 22 12 5 29 6 19 7 15 8 19 9 11 10 13 11 20 12 23 13 19 14 16 15 10 16 25 4 5 29 6 27 7 17 8 17 4 9 13 10 29 11 27 12 23 4 17 23 18 24 19 17 20 19 
5 4 1 22 2 11 3 14 4 15 4 13 25 14 23 15 27 16 27 4 5 15 6 10 7 14 8 18 8 9 30 10 28 11 17 12 11 13 14 14 12 15 28 16 30 4 17 18 18 21 19 12 20 19 
5 4 1 10 2 20 3 12 4 15 12 5 15 6 30 7 12 8 28 9 11 10 14 11 16 12 14 13 30 14 26 15 22 16 19 4 13 22 14 25 15 12 16 27 4 13 14 14 19 15 24 16 28 4 17 10 18 28 19 17 20 26 
5 4 1 24 2 11 3 25 4 11 8 5 14 6 29 7 25 8 16 13 28 14 27 15 10 16 15 8 5 28 6 17 7 22 8 28 13 20 14 10 15 11 16 11 4 5 18 6 21 7 24 8 10 4 17 29 18 30 19 24 20 21 
5 4 1 22 2 13 3 18 4 19 12 5 26 6 22 7 19 8 24 9 22 10 21 11 19 12 18 13 23 14 17 15 25 16 28 12 5 13 6 30 7 22 8 13 9 29 10 30 11 11 12 21 13 20 14 23 15 21 16 16 8 5 21 6 29 7 19 8 29 9 26 10 29 11 14 12 22 4 17 17 18 17 19 10 20 12 
8 7 7 24 13 39 54 9 70 85 12 101 116 4 131 148 2 163 178 4 194 209 9 225 240 
6 17 9 34 15 54 75 10 96 119 8 137 164 7 181 206 3 229 244 
2 18 41 82 49 139 230 
6 4 6 35 8 55 68 10 96 109 6 129 158 10 174 195 2 217 234 
2 30 44 86 19 169 221 
18 2 5 11 4 18 30 5 34 46 2 52 60 1 66 78 4 83 93 4 98 110 4 116 124 2 131 141 8 147 157 1 165 171 3 178 190 2 194 206 6 210 222 10 226 238 10 242 254 3 260 268 4 276 284 
20 2 3 10 6 16 23 1 30 35 3 42 49 2 56 61 2 68 75 1 81 88 5 94 101 4 106 115 1 120 127 4 133 140 4 146 153 5 159 166 2 172 179 1 185 192 5 197 206 3 212 217 1 224 231 5 236 245 3 251 256 
14 5 4 14 7 21 33 8 40 50 5 56 70 4 78 84 5 96 102 5 113 121 11 128 142 7 149 157 3 168 174 7 185 193 5 201 213 12 218 232 3 239 247 
3 7 18 63 3 111 132 3 178 227 
24 3 1 10 2 12 21 6 23 32 4 35 42 2 46 53 6 57 64 1 68 75 2 78 87 5 90 97 1 101 108 7 111 120 1 124 129 2 134 141 1 145 152 2 156 163 1 166 175 2 178 185 2 190 195 5 200 207 5 211 218 3 222 229 3 233 240 2 245 250 4 255 262 
9 14 3 25 17 31 53 16 60 80 7 89 107 8 120 132 5 148 160 12 172 192 9 204 216 1 233 243 
20 5 3 10 4 15 24 2 28 37 2 43 48 1 55 62 1 69 74 8 80 89 7 93 102 2 107 114 7 119 128 4 134 139 2 147 152 3 157 168 1 173 178 3 185 192 2 199 204 2 212 217 3 223 232 2 238 243 1 251 256 
8 3 10 22 18 36 60 4 73 87 5 104 120 7 137 151 1 170 182 7 200 216 2 230 250 
7 5 8 24 8 43 53 2 74 86 6 105 119 16 134 154 13 167 185 15 198 218 
16 1 1 13 5 18 24 3 31 39 1 45 53 1 60 66 1 74 80 3 87 95 1 102 108 3 116 122 1 130 136 3 144 150 2 159 163 3 171 179 9 184 194 1 198 208 5 214 220 
18 7 1 12 4 14 25 4 29 36 2 43 48 3 53 64 2 69 74 1 81 88 4 95 100 4 107 114 3 119 128 7 131 142 5 146 153 3 158 167 1 173 178 2 184 193 3 196 207 4 211 218 1 224 231 
12 9 4 16 10 23 37 10 44 56 12 63 77 1 85 95 2 105 115 1 124 136 5 143 157 5 166 174 1 186 194 4 206 214 4 222 238 
2 30 18 113 22 155 238 
5 15 10 39 6 67 80 2 107 138 2 153 190 12 204 237 
11 16 3 20 6 30 39 6 52 63 3 75 86 3 99 108 1 119 134 1 146 153 9 166 179 1 192 199 8 214 223 10 236 247 
