100 20 6.33
5 4 1 13 2 11 3 26 4 12 8 5 26 6 26 7 24 8 26 9 28 10 18 11 18 12 10 4 9 17 10 26 11 18 12 22 4 5 15 6 21 7 28 8 27 4 17 24 18 27 19 16 20 28 
5 4 1 10 2 20 3 22 4 15 12 5 16 6 24 7 20 8 27 9 14 10 13 11 13 12 20 13 21 14 14 15 27 16 26 8 9 23 10 30 11 17 12 27 13 18 14 18 15 29 16 18 12 5 14 6 11 7 22 8 16 9 19 10 29 11 12 12 15 13 14 14 19 15 26 16 30 4 17 12 18 10 19 10 20 22 
5 4 1 12 2 14 3 27 4 14 12 5 17 6 19 7 11 8 16 9 15 10 15 11 20 12 28 13 16 14 12 15 28 16 26 8 5 14 6 22 7 15 8 11 9 30 10 30 11 15 12 10 4 13 24 14 19 15 19 16 19 4 17 26 18 18 19 14 20 12 
5 4 1 27 2 30 3 27 4 29 8 9 20 10 29 11 10 12 16 13 23 14 12 15 25 16 20 4 13 26 14 12 15 13 16 10 12 5 26 6 22 7 20 8 11 9 24 10 16 11 28 12 13 13 17 14 16 15 16 16 12 4 17 25 18 10 19 16 20 29 
5 4 1 21 2 10 3 19 4 29 12 5 29 6 28 7 20 8 14 9 23 10 12 11 14 12 17 13 26 14 10 15 28 16 22 8 5 22 6 11 7 23 8 24 9 11 10 26 11 22 12 26 4 9 27 10 18 11 27 12 17 4 17 28 18 28 19 10 20 17 
5 4 1 28 2 27 3 10 4 20 8 5 14 6 10 7 10 8 30 13 26 14 29 15 24 16 15 8 9 14 10 21 11 11 12 14 13 18 14 10 15 29 16 16 8 5 25 6 15 7 15 8 28 13 23 14 12 15 14 16 25 4 17 25 18 20 19 12 20 27 
5 4 1 28 2 30 3 19 4 17 8 9 14 10 14 11 10 12 16 13 22 14 19 15 19 16 26 12 5 29 6 11 7 15 8 22 9 13 10 25 11 16 12 19 13 27 14 27 15 27 16 27 12 5 19 6 19 7 30 8 24 9 30 10 21 11 13 12 14 13 28 14 24 15 14 16 28 4 17 24 18 17 19 27 20 21 
5 4 1 23 2 22 3 17 4 27 12 5 26 6 23 7 23 8 26 9 14 10 26 11 15 12 13 13 30 14 16 15 19 16 22 8 5 12 6 25 7 29 8 13 13 15 14 26 15 29 16 20 8 9 18 10 22 11 10 12 24 13 27 14 14 15 30 16 22 4 17 11 18 14 19 14 20 25 
5 4 1 29 2 20 3 26 4 14 12 5 24 6 24 7 22 8 16 9 11 10 25 11 30 12 11 13 29 14 14 15 13 16 10 12 5 24 6 26 7 17 8 13 9 15 10 16 11 16 12 12 13 29 14 18 15 16 16 20 8 5 12 6 20 7 29 8 25 13 21 14 30 15 30 16 19 4 17 14 18 15 19 18 20 13 
5 4 1 18 2 28 3 17 4 27 8 9 28 10 24 11 20 12 30 13 14 14 13 15 30 16 21 12 5 28 6 10 7 14 8 10 9 19 10 26 11 30 12 18 13 28 14 17 15 17 16 24 4 9 24 10 24 11 14 12 11 4 17 27 18 21 19 13 20 27 
5 4 1 20 2 24 3 26 4 10 8 5 21 6 19 7 24 8 24 13 24 14 27 15 21 16 23 8 9 30 10 18 11 17 12 17 13 22 14 30 15 25 16 13 4 9 17 10 25 11 17 12 15 4 17 12 18 10 19 12 20 21 
5 4 1 21 2 15 3 22 4 13 12 5 11 6 11 7 14 8 25 9 25 10 19 11 22 12 22 13 13 14 25 15 21 16 10 8 9 24 10 20 11 28 12 24 13 15 14 25 15 30 16 29 4 5 11 6 15 7 18 8 21 4 17 21 18 17 19 12 20 25 
5 4 1 14 2 22 3 25 4 26 8 5 23 6 14 7 16 8 19 9 23 10 15 11 12 12 16 8 9 21 10 30 11 23 12 18 13 18 14 18 15 26 16 13 12 5 26 6 29 7 24 8 26 9 13 10 19 11 17 12 19 13 15 14 15 15 14 16 23 4 17 20 18 11 19 22 20 14 
5 4 1 12 2 19 3 23 4 27 12 5 27 6 15 7 18 8 29 9 18 10 24 11 12 12 19 13 18 14 16 15 21 16 14 4 13 21 14 10 15 28 16 21 4 13 30 14 11 15 13 16 14 4 17 13 18 27 19 10 20 26 
5 4 1 30 2 24 3 21 4 13 12 5 13 6 28 7 24 8 25 9 17 10 27 11 11 12 29 13 24 14 20 15 25 16 16 12 5 22 6 25 7 26 8 27 9 17 10 25 11 29 12 26 13 25 14 17 15 10 16 29 8 5 30 6 26 7 29 8 30 9 16 10 15 11 25 12 21 4 17 26 18 10 19 22 20 21 
5 4 1 11 2 12 3 26 4 16 12 5 27 6 28 7 30 8 17 9 15 10 21 11 17 12 20 13 29 14 29 15 14 16 30 8 9 28 10 20 11 27 12 23 13 17 14 22 15 23 16 17 12 5 26 6 23 7 19 8 24 9 12 10 15 11 19 12 27 13 10 14 14 15 16 16 27 4 17 28 18 28 19 12 20 18 
5 4 1 27 2 18 3 29 4 24 12 5 24 6 29 7 25 8 13 9 19 10 26 11 24 12 20 13 12 14 19 15 17 16 30 12 5 20 6 12 7 23 8 26 9 20 10 25 11 20 12 26 13 11 14 16 15 30 16 24 8 5 17 6 11 7 28 8 16 9 20 10 29 11 14 12 14 4 17 27 18 10 19 25 20 17 
5 4 1 22 2 17 3 16 4 16 8 9 13 10 27 11 29 12 21 13 26 14 25 15 25 16 22 12 5 18 6 14 7 15 8 30 9 12 10 29 11 26 12 27 13 14 14 21 15 25 16 27 8 5 10 6 26 7 27 8 29 13 15 14 29 15 30 16 27 4 17 22 18 19 19 14 20 16 
5 4 1 27 2 20 3 12 4 17 12 5 22 6 19 7 27 8 15 9 11 10 30 11 19 12 11 13 21 14 19 15 16 16 18 12 5 17 6 14 7 20 8 28 9 20 10 22 11 10 12 19 13 12 14 21 15 26 16 19 4 13 24 14 30 15 21 16 10 4 17 27 18 10 19 16 20 19 
5 4 1 17 2 20 3 20 4 17 8 5 30 6 27 7 20 8 15 13 13 14 27 15 21 16 25 8 5 26 6 15 7 10 8 17 9 28 10 24 11 28 12 19 12 5 21 6 22 7 12 8 27 9 14 10 28 11 28 12 25 13 11 14 21 15 10 16 22 4 17 12 18 21 19 19 20 25 
5 4 1 10 2 11 3 24 4 10 12 5 15 6 25 7 22 8 11 9 26 10 26 11 12 12 13 13 21 14 26 15 30 16 21 8 5 16 6 10 7 11 8 10 13 27 14 21 15 20 16 11 4 5 23 6 16 7 16 8 20 4 17 17 18 19 19 20 20 27 
5 4 1 16 2 30 3 14 4 15 12 5 23 6 23 7 27 8 18 9 30 10 28 11 23 12 24 13 30 14 23 15 13 16 23 12 5 28 6 19 7 16 8 19 9 29 10 28 11 10 12 14 13 26 14 27 15 14 16 30 8 9 10 10 30 11 12 12 17 13 10 14 12 15 14 16 14 4 17 19 18 18 19 28 20 24 
5 4 1 10 2 24 3 27 4 14 8 5 30 6 26 7 29 8 11 13 20 14 18 15 10 16 14 4 9 23 10 29 11 16 12 12 4 9 24 10 11 11 27 12 10 4 17 30 18 28 19 20 20 15 
5 4 1 26 2 15 3 15 4 27 8 9 25 10 17 11 18 12 10 13 26 14 24 15 22 16 20 8 5 12 6 20 7 17 8 23 9 24 10 24 11 27 12 30 8 9 23 10 16 11 23 12 18 13 29 14 30 15 26 16 22 4 17 20 18 14 19 30 20 30 
5 4 1 23 2 19 3 11 4 20 12 5 11 6 12 7 17 8 23 9 11 10 18 11 11 12 12 13 16 14 17 15 12 16 11 8 9 27 10 26 11 24 12 20 13 13 14 17 15 29 16 29 12 5 19 6 23 7 29 8 13 9 15 10 22 11 27 12 25 13 26 14 20 15 30 16 29 4 17 24 18 26 19 22 20 16 
5 4 1 23 2 13 3 22 4 16 4 5 12 6 23 7 19 8 10 8 9 18 10 22 11 27 12 26 13 15 14 24 15 23 16 21 12 5 21 6 15 7 16 8 21 9 12 10 14 11 21 12 29 13 10 14 24 15 27 16 16 4 17 13 18 17 19 10 20 30 
5 4 1 19 2 18 3 28 4 24 8 5 11 6 19 7 18 8 13 9 15 10 16 11 26 12 19 4 13 22 14 17 15 27 16 23 8 9 18 10 30 11 22 12 26 13 20 14 21 15 11 16 21 4 17 29 18 14 19 17 20 18 
5 4 1 20 2 14 3 10 4 21 12 5 10 6 20 7 20 8 12 9 17 10 17 11 28 12 30 13 11 14 25 15 12 16 28 12 5 13 6 18 7 13 8 24 9 15 10 14 11 21 12 11 13 23 14 19 15 11 16 10 4 9 13 10 17 11 15 12 25 4 17 25 18 24 19 28 20 20 
5 4 1 27 2 17 3 16 4 29 12 5 19 6 14 7 18 8 15 9 22 10 15 11 23 12 27 13 13 14 11 15 10 16 30 8 5 20 6 16 7 21 8 14 9 25 10 11 11 14 12 19 4 5 12 6 27 7 13 8 19 4 17 12 18 14 19 23 20 29 
5 4 1 20 2 17 3 16 4 16 8 5 29 6 18 7 22 8 20 13 30 14 13 15 30 16 23 12 5 11 6 11 7 13 8 28 9 15 10 29 11 10 12 22 13 13 14 11 15 17 16 10 8 9 21 10 18 11 16 12 19 13 26 14 16 15 17 16 21 4 17 30 18 29 19 21 20 28 
5 4 1 14 2 18 3 16 4 13 12 5 10 6 24 7 29 8 28 9 13 10 21 11 25 12 22 13 16 14 20 15 16 16 10 12 5 23 6 12 7 13 8 19 9 11 10 24 11 17 12 22 13 15 14 14 15 30 16 15 8 5 29 6 25 7 14 8 12 13 27 14 12 15 12 16 22 4 17 23 18 13 19 28 20 28 
5 4 1 23 2 26 3 15 4 30 4 13 19 14 15 15 17 16 30 8 5 25 6 11 7 30 8 23 9 24 10 22 11 19 12 17 8 5 27 6 27 7 27 8 23 9 19 10 18 11 26 12 27 4 17 17 18 11 19 24 20 11 
5 4 1 17 2 26 3 20 4 17 4 9 12 10 22 11 29 12 25 8 9 13 10 28 11 15 12 24 13 27 14 20 15 19 16 24 4 9 15 10 18 11 19 12 22 4 17 13 18 21 19 22 20 24 
5 4 1 17 2 24 3 22 4 11 4 5 16 6 12 7 15 8 19 12 5 30 6 16 7 12 8 26 9 14 10 26 11 25 12 16 13 26 14 24 15 20 16 25 12 5 22 6 16 7 28 8 27 9 23 10 12 11 30 12 23 13 11 14 19 15 21 16 28 4 17 13 18 27 19 29 20 15 
5 4 1 21 2 29 3 14 4 10 8 5 22 6 21 7 15 8 19 9 21 10 29 11 16 12 23 8 9 29 10 22 11 29 12 26 13 20 14 18 15 23 16 30 12 5 21 6 18 7 13 8 15 9 23 10 18 11 19 12 27 13 24 14 11 15 13 16 26 4 17 15 18 18 19 14 20 22 
5 4 1 13 2 12 3 11 4 21 4 13 22 14 27 15 30 16 23 8 5 18 6 30 7 23 8 11 9 21 10 27 11 18 12 13 8 5 13 6 27 7 30 8 23 9 16 10 15 11 26 12 25 4 17 21 18 10 19 17 20 15 
5 4 1 25 2 27 3 19 4 28 4 13 25 14 28 15 10 16 28 12 5 26 6 15 7 11 8 27 9 13 10 18 11 10 12 29 13 12 14 24 15 18 16 30 4 9 29 10 10 11 30 12 23 4 17 26 18 14 19 26 20 15 
5 4 1 25 2 27 3 28 4 19 8 9 19 10 28 11 21 12 22 13 30 14 17 15 10 16 22 12 5 27 6 18 7 27 8 23 9 25 10 12 11 10 12 26 13 21 14 29 15 23 16 14 4 13 30 14 21 15 19 16 28 4 17 12 18 20 19 13 20 21 
5 4 1 24 2 25 3 19 4 17 8 5 21 6 26 7 26 8 22 13 26 14 28 15 30 16 12 12 5 11 6 16 7 28 8 29 9 30 10 10 11 22 12 17 13 10 14 12 15 28 16 10 4 9 26 10 10 11 10 12 23 4 17 11 18 16 19 16 20 18 
5 4 1 23 2 30 3 25 4 16 12 5 16 6 19 7 12 8 19 9 15 10 28 11 28 12 30 13 17 14 22 15 16 16 22 8 9 24 10 14 11 17 12 11 13 24 14 29 15 24 16 20 4 9 28 10 13 11 22 12 13 4 17 30 18 24 19 26 20 13 
5 4 1 17 2 15 3 24 4 17 12 5 10 6 17 7 30 8 19 9 21 10 29 11 25 12 14 13 10 14 19 15 15 16 19 4 5 19 6 20 7 28 8 25 12 5 20 6 11 7 16 8 30 9 16 10 26 11 23 12 15 13 18 14 23 15 17 16 13 4 17 13 18 10 19 25 20 21 
5 4 1 25 2 24 3 22 4 25 4 9 27 10 23 11 19 12 13 4 5 25 6 18 7 20 8 18 8 5 11 6 15 7 30 8 25 13 22 14 20 15 17 16 14 4 17 17 18 29 19 27 20 24 
5 4 1 18 2 12 3 12 4 13 4 13 29 14 21 15 18 16 18 12 5 20 6 13 7 28 8 11 9 14 10 23 11 27 12 23 13 18 14 10 15 10 16 13 4 9 16 10 13 11 29 12 30 4 17 26 18 25 19 18 20 10 
5 4 1 25 2 21 3 18 4 11 4 5 16 6 15 7 19 8 15 8 5 18 6 26 7 16 8 19 9 13 10 14 11 28 12 29 12 5 24 6 16 7 26 8 24 9 16 10 13 11 23 12 17 13 22 14 30 15 19 16 26 4 17 11 18 17 19 23 20 18 
5 4 1 25 2 10 3 14 4 27 4 5 17 6 14 7 26 8 21 4 9 25 10 27 11 13 12 24 4 13 29 14 24 15 20 16 21 4 17 16 18 17 19 30 20 13 
5 4 1 26 2 19 3 29 4 15 4 13 19 14 18 15 11 16 27 4 9 13 10 16 11 18 12 15 8 5 28 6 29 7 17 8 28 13 18 14 25 15 18 16 15 4 17 27 18 27 19 13 20 12 
5 4 1 12 2 12 3 25 4 17 12 5 11 6 25 7 17 8 19 9 14 10 11 11 26 12 16 13 18 14 13 15 16 16 19 4 9 28 10 22 11 15 12 10 4 9 29 10 26 11 28 12 10 4 17 11 18 19 19 17 20 12 
5 4 1 19 2 28 3 29 4 21 4 13 23 14 18 15 16 16 17 8 5 23 6 18 7 16 8 26 13 26 14 26 15 25 16 11 8 9 22 10 11 11 19 12 22 13 16 14 28 15 15 16 23 4 17 20 18 13 19 10 20 14 
5 4 1 16 2 12 3 22 4 20 12 5 23 6 18 7 10 8 30 9 30 10 14 11 28 12 11 13 26 14 13 15 24 16 18 8 5 17 6 29 7 28 8 30 9 13 10 29 11 22 12 25 4 9 26 10 26 11 10 12 10 4 17 22 18 18 19 16 20 23 
5 4 1 24 2 30 3 10 4 11 12 5 21 6 22 7 14 8 13 9 10 10 14 11 25 12 10 13 28 14 16 15 13 16 15 12 5 28 6 16 7 28 8 22 9 16 10 30 11 12 12 16 13 17 14 24 15 24 16 20 4 5 15 6 25 7 24 8 14 4 17 17 18 27 19 30 20 15 
5 4 1 11 2 30 3 22 4 19 4 13 16 14 22 15 23 16 23 8 5 23 6 30 7 13 8 24 9 29 10 28 11 19 12 13 12 5 20 6 21 7 27 8 25 9 30 10 27 11 15 12 17 13 17 14 14 15 15 16 14 4 17 14 18 18 19 24 20 12 
5 4 1 25 2 30 3 13 4 24 8 9 17 10 10 11 18 12 29 13 16 14 23 15 21 16 23 8 9 16 10 15 11 13 12 20 13 24 14 20 15 27 16 29 4 9 17 10 30 11 27 12 29 4 17 26 18 26 19 29 20 30 
5 4 1 12 2 29 3 22 4 26 12 5 21 6 23 7 26 8 25 9 16 10 15 11 17 12 21 13 13 14 20 15 13 16 22 8 5 25 6 14 7 18 8 13 13 20 14 30 15 26 16 23 4 5 11 6 16 7 23 8 17 4 17 26 18 12 19 11 20 12 
5 4 1 13 2 19 3 10 4 14 4 5 19 6 27 7 15 8 21 4 5 24 6 30 7 30 8 10 4 13 30 14 29 15 27 16 11 4 17 29 18 11 19 16 20 27 
5 4 1 11 2 14 3 11 4 17 12 5 30 6 26 7 25 8 19 9 22 10 21 11 30 12 22 13 20 14 29 15 30 16 24 12 5 23 6 26 7 25 8 21 9 29 10 16 11 23 12 12 13 12 14 18 15 23 16 19 4 13 11 14 20 15 14 16 17 4 17 16 18 29 19 13 20 27 
5 4 1 26 2 30 3 21 4 21 12 5 13 6 29 7 25 8 17 9 14 10 12 11 14 12 25 13 17 14 29 15 25 16 12 4 9 17 10 22 11 22 12 17 12 5 18 6 16 7 10 8 17 9 17 10 27 11 26 12 26 13 24 14 18 15 13 16 13 4 17 16 18 10 19 23 20 29 
5 4 1 14 2 18 3 18 4 30 12 5 28 6 13 7 17 8 26 9 26 10 18 11 18 12 21 13 21 14 17 15 16 16 16 4 5 26 6 30 7 26 8 28 12 5 15 6 21 7 27 8 22 9 13 10 18 11 24 12 17 13 11 14 15 15 23 16 28 4 17 10 18 23 19 27 20 13 
5 4 1 14 2 29 3 12 4 27 8 5 28 6 20 7 21 8 24 13 26 14 22 15 25 16 24 12 5 15 6 29 7 14 8 29 9 18 10 10 11 26 12 10 13 13 14 23 15 28 16 30 12 5 21 6 28 7 25 8 28 9 24 10 16 11 21 12 23 13 18 14 23 15 22 16 12 4 17 12 18 12 19 18 20 10 
5 4 1 27 2 10 3 20 4 14 12 5 23 6 30 7 29 8 26 9 19 10 26 11 16 12 29 13 26 14 16 15 25 16 14 4 13 22 14 10 15 27 16 18 4 9 26 10 11 11 28 12 10 4 17 18 18 11 19 21 20 18 
5 4 1 29 2 20 3 19 4 10 12 5 23 6 28 7 25 8 11 9 12 10 12 11 17 12 22 13 13 14 17 15 10 16 11 12 5 10 6 10 7 21 8 16 9 10 10 25 11 21 12 21 13 16 14 14 15 25 16 27 12 5 29 6 28 7 18 8 13 9 21 10 12 11 19 12 24 13 11 14 20 15 21 16 10 4 17 20 18 29 19 17 20 12 
5 4 1 29 2 27 3 29 4 18 8 5 17 6 12 7 10 8 10 13 29 14 29 15 30 16 30 12 5 22 6 30 7 29 8 11 9 28 10 13 11 28 12 18 13 12 14 22 15 28 16 17 8 5 28 6 29 7 14 8 13 9 23 10 22 11 15 12 27 4 17 16 18 10 19 17 20 12 
5 4 1 12 2 28 3 25 4 29 8 5 25 6 26 7 11 8 28 9 24 10 10 11 28 12 22 8 9 17 10 13 11 19 12 13 13 10 14 30 15 13 16 14 4 13 20 14 13 15 28 16 10 4 17 30 18 29 19 18 20 12 
5 4 1 20 2 17 3 15 4 28 12 5 22 6 29 7 21 8 27 9 18 10 29 11 18 12 25 13 18 14 11 15 13 16 17 12 5 15 6 18 7 23 8 13 9 25 10 24 11 13 12 27 13 18 14 28 15 24 16 21 4 9 15 10 13 11 13 12 30 4 17 10 18 24 19 24 20 25 
5 4 1 13 2 22 3 22 4 18 4 5 13 6 26 7 21 8 20 8 9 17 10 26 11 15 12 28 13 19 14 21 15 24 16 18 8 9 23 10 19 11 25 12 24 13 12 14 24 15 27 16 24 4 17 16 18 23 19 13 20 21 
5 4 1 18 2 21 3 25 4 29 8 5 11 6 10 7 17 8 19 13 26 14 14 15 12 16 23 4 13 13 14 12 15 15 16 27 8 9 26 10 22 11 18 12 30 13 27 14 27 15 14 16 14 4 17 11 18 10 19 19 20 12 
5 4 1 15 2 29 3 16 4 14 8 5 22 6 16 7 24 8 12 13 11 14 13 15 28 16 12 8 9 19 10 25 11 28 12 28 13 21 14 16 15 25 16 26 8 9 29 10 29 11 26 12 10 13 17 14 23 15 29 16 25 4 17 14 18 18 19 18 20 19 
5 4 1 21 2 23 3 28 4 13 12 5 18 6 23 7 16 8 25 9 11 10 16 11 30 12 20 13 22 14 17 15 29 16 15 4 5 17 6 10 7 11 8 11 4 13 28 14 29 15 12 16 12 4 17 30 18 15 19 23 20 26 
5 4 1 30 2 19 3 25 4 17 8 5 13 6 29 7 28 8 25 13 14 14 13 15 25 16 12 4 5 20 6 17 7 14 8 24 4 13 21 14 14 15 24 16 10 4 17 29 18 20 19 17 20 23 
5 4 1 24 2 16 3 18 4 17 4 9 10 10 27 11 11 12 13 8 5 30 6 19 7 18 8 24 9 10 10 18 11 21 12 25 12 5 19 6 24 7 30 8 10 9 16 10 13 11 14 12 25 13 11 14 17 15 16 16 24 4 17 13 18 15 19 27 20 14 
5 4 1 25 2 10 3 11 4 29 4 9 16 10 24 11 17 12 17 8 5 25 6 11 7 28 8 13 9 17 10 16 11 23 12 28 4 9 27 10 12 11 13 12 25 4 17 17 18 22 19 26 20 14 
5 4 1 19 2 13 3 24 4 10 8 9 20 10 24 11 15 12 18 13 15 14 26 15 16 16 27 8 5 12 6 10 7 19 8 30 9 21 10 22 11 12 12 24 12 5 25 6 14 7 22 8 17 9 19 10 24 11 28 12 30 13 10 14 13 15 23 16 29 4 17 16 18 11 19 18 20 22 
5 4 1 12 2 22 3 23 4 12 8 5 26 6 30 7 23 8 30 13 24 14 23 15 28 16 14 4 5 17 6 15 7 15 8 27 8 9 27 10 28 11 21 12 22 13 30 14 30 15 25 16 26 4 17 23 18 29 19 25 20 11 
5 4 1 23 2 23 3 16 4 24 8 5 30 6 11 7 14 8 29 13 29 14 14 15 23 16 29 12 5 25 6 25 7 16 8 19 9 11 10 18 11 13 12 10 13 23 14 10 15 12 16 24 8 9 17 10 14 11 21 12 20 13 13 14 20 15 18 16 20 4 17 29 18 24 19 15 20 27 
5 4 1 27 2 27 3 29 4 20 12 5 20 6 29 7 12 8 29 9 11 10 24 11 12 12 24 13 17 14 18 15 28 16 17 4 5 27 6 18 7 26 8 22 8 5 30 6 13 7 22 8 23 9 21 10 26 11 24 12 15 4 17 20 18 29 19 30 20 12 
5 4 1 18 2 24 3 19 4 10 12 5 20 6 22 7 12 8 13 9 19 10 14 11 13 12 22 13 19 14 12 15 17 16 30 4 5 21 6 30 7 26 8 22 4 9 10 10 11 11 24 12 22 4 17 24 18 10 19 17 20 11 
5 4 1 30 2 22 3 16 4 11 12 5 27 6 18 7 20 8 30 9 22 10 24 11 29 12 28 13 26 14 21 15 26 16 19 8 9 13 10 27 11 22 12 13 13 22 14 13 15 20 16 18 4 13 13 14 21 15 23 16 10 4 17 13 18 10 19 17 20 20 
5 4 1 22 2 16 3 18 4 28 8 9 23 10 19 11 21 12 13 13 13 14 21 15 16 16 23 8 9 27 10 24 11 22 12 25 13 12 14 20 15 23 16 17 4 13 14 14 20 15 19 16 30 4 17 22 18 10 19 28 20 12 
5 4 1 26 2 10 3 12 4 28 8 5 21 6 27 7 12 8 27 9 15 10 29 11 23 12 23 4 5 23 6 16 7 10 8 18 12 5 28 6 23 7 14 8 18 9 23 10 24 11 15 12 11 13 13 14 22 15 19 16 18 4 17 11 18 29 19 28 20 22 
5 4 1 17 2 30 3 21 4 13 4 13 22 14 24 15 11 16 15 4 9 22 10 11 11 29 12 11 4 9 21 10 18 11 17 12 30 4 17 26 18 30 19 24 20 18 
5 4 1 28 2 22 3 18 4 13 12 5 16 6 13 7 14 8 23 9 25 10 24 11 28 12 18 13 17 14 28 15 28 16 20 4 9 27 10 14 11 23 12 21 8 9 19 10 12 11 16 12 29 13 19 14 22 15 15 16 27 4 17 10 18 18 19 22 20 30 
5 4 1 26 2 16 3 19 4 20 4 5 25 6 28 7 20 8 28 12 5 30 6 13 7 24 8 21 9 23 10 12 11 29 12 14 13 23 14 23 15 17 16 26 4 13 10 14 19 15 12 16 22 4 17 29 18 10 19 10 20 18 
5 4 1 29 2 20 3 20 4 20 12 5 15 6 29 7 17 8 21 9 19 10 23 11 22 12 26 13 27 14 12 15 19 16 22 12 5 21 6 22 7 23 8 21 9 18 10 28 11 18 12 14 13 16 14 18 15 14 16 28 8 9 14 10 17 11 17 12 23 13 14 14 28 15 10 16 27 4 17 25 18 26 19 19 20 11 
5 4 1 14 2 30 3 11 4 29 8 5 24 6 25 7 17 8 25 13 12 14 29 15 30 16 28 8 5 26 6 24 7 15 8 30 9 15 10 18 11 28 12 29 12 5 22 6 24 7 23 8 12 9 15 10 12 11 26 12 10 13 19 14 12 15 11 16 19 4 17 12 18 15 19 15 20 21 
5 4 1 28 2 12 3 30 4 15 12 5 29 6 19 7 15 8 19 9 13 10 17 11 16 12 24 13 14 14 12 15 21 16 20 4 9 18 10 28 11 10 12 14 4 13 13 14 28 15 11 16 21 4 17 14 18 10 19 12 20 15 
5 4 1 16 2 12 3 16 4 16 4 9 26 10 12 11 20 12 22 4 5 22 6 21 7 14 8 18 12 5 18 6 14 7 23 8 26 9 29 10 24 11 23 12 12 13 20 14 22 15 21 16 16 4 17 11 18 12 19 25 20 22 
5 4 1 30 2 13 3 20 4 15 12 5 10 6 29 7 25 8 28 9 29 10 15 11 13 12 26 13 19 14 17 15 24 16 24 4 13 22 14 29 15 26 16 20 4 5 30 6 21 7 20 8 29 4 17 11 18 29 19 21 20 22 
5 4 1 21 2 13 3 21 4 17 4 9 30 10 30 11 13 12 21 8 5 23 6 10 7 22 8 28 9 16 10 22 11 22 12 27 8 5 23 6 26 7 16 8 24 13 21 14 11 15 24 16 11 4 17 30 18 21 19 19 20 30 
5 4 1 25 2 22 3 15 4 27 12 5 30 6 13 7 17 8 29 9 28 10 14 11 24 12 14 13 23 14 14 15 23 16 17 8 5 16 6 22 7 10 8 27 13 20 14 12 15 15 16 28 8 5 30 6 20 7 13 8 18 9 18 10 10 11 20 12 16 4 17 16 18 16 19 22 20 22 
5 4 1 15 2 29 3 23 4 10 8 9 19 10 19 11 12 12 30 13 10 14 14 15 17 16 25 4 5 25 6 11 7 14 8 27 4 5 16 6 28 7 20 8 22 4 17 27 18 16 19 20 20 16 
5 4 1 23 2 18 3 15 4 30 12 5 14 6 22 7 21 8 19 9 21 10 15 11 29 12 25 13 17 14 13 15 20 16 19 4 9 30 10 13 11 29 12 20 4 5 19 6 14 7 16 8 13 4 17 26 18 25 19 29 20 18 
5 4 1 11 2 27 3 19 4 30 8 5 23 6 16 7 19 8 24 9 14 10 22 11 16 12 19 4 5 30 6 30 7 13 8 24 8 5 16 6 12 7 25 8 15 13 14 14 23 15 27 16 17 4 17 28 18 20 19 24 20 21 
5 4 1 10 2 22 3 15 4 11 4 9 29 10 30 11 27 12 30 8 5 12 6 18 7 12 8 11 13 12 14 17 15 24 16 19 12 5 21 6 25 7 12 8 18 9 12 10 29 11 13 12 14 13 27 14 27 15 13 16 23 4 17 20 18 24 19 15 20 23 
5 4 1 14 2 15 3 25 4 22 8 5 12 6 12 7 14 8 10 13 24 14 28 15 25 16 10 4 9 11 10 28 11 14 12 20 12 5 11 6 21 7 27 8 26 9 16 10 27 11 17 12 13 13 18 14 10 15 25 16 19 4 17 29 18 18 19 30 20 29 
5 4 1 19 2 21 3 27 4 27 8 5 13 6 14 7 28 8 15 13 11 14 26 15 22 16 10 4 5 17 6 15 7 30 8 29 4 9 20 10 10 11 12 12 18 4 17 28 18 22 19 23 20 23 
5 4 1 29 2 30 3 18 4 29 12 5 13 6 15 7 16 8 12 9 12 10 12 11 16 12 19 13 12 14 21 15 28 16 17 12 5 13 6 18 7 21 8 12 9 26 10 14 11 27 12 26 13 18 14 16 15 26 16 15 12 5 11 6 15 7 27 8 11 9 12 10 21 11 12 12 16 13 17 14 19 15 17 16 16 4 17 28 18 22 19 20 20 12 
5 4 1 25 2 21 3 24 4 27 8 9 15 10 19 11 27 12 11 13 22 14 11 15 16 16 20 8 5 13 6 20 7 13 8 16 13 25 14 18 15 23 16 16 8 5 30 6 17 7 24 8 13 9 16 10 21 11 14 12 25 4 17 12 18 19 19 27 20 23 
5 4 1 23 2 12 3 26 4 21 4 13 22 14 29 15 11 16 24 4 5 25 6 10 7 14 8 23 8 5 12 6 19 7 15 8 19 13 12 14 13 15 27 16 10 4 17 23 18 13 19 12 20 29 
5 4 1 28 2 29 3 27 4 16 4 13 10 14 12 15 22 16 16 4 13 13 14 13 15 16 16 22 8 9 30 10 30 11 30 12 26 13 17 14 24 15 29 16 17 4 17 18 18 18 19 24 20 25 
5 4 1 23 2 18 3 17 4 25 4 13 16 14 23 15 19 16 30 4 13 28 14 23 15 18 16 29 4 13 22 14 27 15 15 16 30 4 17 19 18 11 19 10 20 25 
5 4 1 25 2 27 3 15 4 17 8 5 19 6 28 7 24 8 29 9 22 10 14 11 22 12 26 12 5 19 6 15 7 18 8 30 9 19 10 25 11 16 12 11 13 14 14 28 15 21 16 16 12 5 12 6 27 7 25 8 14 9 24 10 23 11 30 12 22 13 19 14 15 15 16 16 27 4 17 16 18 19 19 27 20 10 
17 7 8 23 4 37 56 9 70 85 8 99 118 4 131 148 15 159 182 22 190 213 14 224 241 12 254 273 14 286 303 3 317 334 11 345 368 19 376 399 1 412 425 7 444 455 11 472 489 12 502 521 
11 13 12 35 13 53 88 17 108 127 16 154 175 17 202 221 7 251 266 4 291 320 7 345 360 7 392 407 15 432 461 5 482 505 
3 17 59 107 36 224 274 79 359 471 
21 7 7 17 5 32 40 12 52 68 15 75 93 4 104 112 4 125 139 7 148 164 13 173 187 2 198 210 1 221 235 1 243 261 3 272 280 7 293 307 14 316 332 6 343 353 6 366 378 14 388 404 6 412 428 5 436 452 6 462 474 2 487 497 
17 5 7 21 19 31 53 6 63 77 4 91 105 9 121 131 6 146 162 4 177 187 7 199 221 12 229 247 4 256 276 6 285 303 13 314 330 14 340 360 7 367 389 1 399 413 5 427 441 13 455 469 
35 6 3 11 4 18 24 2 31 39 5 45 53 5 60 66 4 71 83 1 86 96 3 102 108 5 114 124 3 131 135 8 142 152 2 158 164 2 172 178 4 185 193 1 197 209 4 213 221 4 227 235 7 241 249 4 254 264 7 269 277 3 281 293 5 296 306 5 310 320 7 325 333 3 341 345 4 353 361 7 366 376 6 381 389 3 396 402 2 409 417 1 423 431 3 437 445 3 451 459 7 464 474 4 479 487 
10 5 16 31 15 55 86 10 110 125 23 152 177 4 205 218 6 246 271 14 294 317 19 338 367 20 386 413 10 435 458 
41 3 3 9 5 14 22 2 28 32 5 38 46 2 52 56 1 63 69 5 75 81 2 87 93 1 97 107 7 110 118 3 124 128 5 135 141 3 148 152 6 157 167 4 171 177 1 183 189 2 196 200 1 206 214 2 220 224 3 231 237 4 243 249 1 254 262 7 265 275 3 280 284 6 290 298 1 304 308 5 315 321 4 326 334 1 338 346 7 349 359 3 361 371 3 375 381 3 387 393 5 398 406 1 411 417 1 422 430 3 434 442 4 447 453 8 457 467 4 471 477 5 483 489 
49 1 1 10 1 13 20 2 25 30 4 35 42 4 46 53 4 58 63 1 69 74 4 79 86 6 90 97 3 101 108 4 113 118 1 124 129 6 134 141 4 146 151 4 155 164 2 169 172 1 179 184 4 188 197 2 200 207 3 212 217 5 222 229 4 233 240 1 246 249 2 255 262 6 265 274 6 277 284 2 289 294 3 300 305 1 310 317 3 322 327 2 332 339 3 344 349 6 354 361 3 364 373 3 377 382 7 386 395 3 398 405 2 410 415 2 420 427 3 432 437 4 443 448 3 453 460 5 464 471 3 476 481 6 485 494 3 498 503 2 510 513 6 518 527 1 529 538 
28 5 5 14 7 22 35 2 45 50 5 61 72 1 78 93 1 100 109 2 119 128 2 136 149 3 155 168 3 174 187 3 193 206 2 214 223 2 234 241 3 252 261 6 272 279 4 287 302 1 310 317 1 326 339 6 347 356 7 366 375 11 382 397 1 404 413 3 424 431 1 444 449 6 462 469 4 481 488 5 500 507 10 515 530 
17 7 6 25 1 40 53 6 70 85 3 100 117 12 131 148 13 159 182 4 194 209 2 223 242 14 254 273 10 284 305 12 317 334 3 352 361 3 383 392 5 414 423 6 439 460 1 473 488 5 499 524 
39 2 5 9 2 19 23 3 33 37 2 47 51 6 59 67 2 74 80 6 85 97 1 101 109 5 114 124 6 129 137 1 143 151 8 156 166 2 172 178 7 184 194 4 200 206 2 214 220 4 228 234 3 241 249 4 254 264 6 269 277 2 284 290 5 298 304 5 311 319 7 324 334 9 337 349 6 353 361 6 367 375 2 380 390 3 395 403 5 410 416 4 422 432 5 436 446 1 452 458 1 466 472 6 478 488 1 494 500 1 508 514 9 520 530 7 534 544 
29 5 4 14 1 23 31 3 38 52 7 58 68 2 78 84 4 92 106 9 111 123 5 129 141 9 147 159 3 167 175 8 184 194 4 204 210 11 219 231 11 237 249 3 257 265 2 275 283 2 294 300 2 311 319 2 330 336 1 348 354 6 364 374 8 380 394 5 400 410 6 419 427 11 434 448 3 452 466 7 470 484 2 489 501 3 509 517 
41 2 1 12 4 17 22 3 30 35 8 41 50 9 53 64 3 67 76 5 80 89 3 93 102 1 106 115 8 118 129 3 133 140 2 146 153 5 159 166 3 173 178 3 183 194 5 197 206 2 209 220 4 224 231 2 237 244 9 248 259 4 261 272 6 274 285 9 287 298 6 302 309 7 314 323 2 328 335 5 340 349 4 355 360 3 368 373 4 381 386 3 392 401 5 406 413 1 419 426 2 432 439 5 445 452 1 459 464 5 471 478 6 483 492 1 498 503 3 510 517 1 524 529 
11 7 16 32 21 60 84 16 105 135 7 159 177 30 199 233 24 251 277 9 295 329 7 353 367 3 399 417 11 438 474 14 496 512 
15 12 11 24 8 44 61 8 78 97 4 117 128 6 144 171 10 187 198 2 222 233 9 251 274 1 292 303 17 321 344 19 356 379 1 394 411 23 424 451 11 463 482 7 502 513 
24 6 4 17 3 26 37 1 47 58 5 70 77 2 91 98 5 108 123 9 129 144 6 149 166 8 171 186 13 192 207 4 213 228 2 238 245 2 258 267 7 276 291 2 301 308 2 322 329 4 343 350 5 360 375 5 382 395 4 404 415 3 422 439 10 446 457 10 465 480 1 490 497 
23 14 2 19 14 24 39 6 47 58 5 69 78 6 88 101 5 109 122 7 130 143 6 153 162 4 174 183 3 196 203 7 213 228 7 234 249 8 257 268 6 277 290 3 298 311 11 318 333 1 340 353 4 364 371 11 381 396 1 406 413 2 423 438 2 444 459 12 465 480 
2 90 76 173 67 332 415 
5 19 28 71 3 132 165 41 223 272 36 325 368 14 420 471 
