50 40 12.34
5 4 1 10 2 10 3 30 4 23 32 5 11 6 30 7 26 8 15 9 11 10 20 11 26 12 16 13 19 14 10 15 19 16 11 17 17 18 24 19 17 20 26 21 10 22 27 23 27 24 29 25 14 26 25 27 26 28 11 29 19 30 18 31 19 32 14 33 11 34 25 35 18 36 30 8 5 13 6 28 7 14 8 14 17 29 18 11 19 22 20 19 16 13 29 14 29 15 25 16 13 17 27 18 25 19 13 20 18 21 23 22 30 23 29 24 16 33 25 34 12 35 18 36 20 4 37 25 38 11 39 12 40 18 
5 4 1 24 2 21 3 29 4 20 24 9 24 10 14 11 18 12 22 17 13 18 28 19 20 20 20 21 29 22 24 23 30 24 14 25 30 26 17 27 15 28 16 29 13 30 30 31 19 32 11 33 10 34 11 35 11 36 24 28 5 27 6 20 7 19 8 22 9 28 10 17 11 18 12 14 13 16 14 24 15 23 16 14 17 15 18 19 19 10 20 22 25 27 26 12 27 16 28 13 29 29 30 28 31 21 32 26 33 14 34 20 35 20 36 20 4 9 19 10 10 11 20 12 21 4 37 11 38 27 39 24 40 18 
5 4 1 26 2 28 3 15 4 26 8 13 20 14 20 15 19 16 27 21 30 22 15 23 24 24 24 4 5 13 6 29 7 20 8 24 32 5 10 6 13 7 15 8 30 9 19 10 18 11 20 12 26 13 22 14 13 15 18 16 16 17 15 18 20 19 24 20 24 21 17 22 20 23 15 24 27 25 18 26 14 27 13 28 23 29 13 30 30 31 15 32 26 33 30 34 11 35 12 36 17 4 37 26 38 17 39 12 40 13 
5 4 1 23 2 14 3 29 4 17 32 5 28 6 18 7 21 8 11 9 21 10 27 11 26 12 18 13 18 14 14 15 10 16 27 17 23 18 11 19 16 20 28 21 25 22 13 23 19 24 29 25 11 26 29 27 28 28 14 29 27 30 23 31 20 32 29 33 25 34 10 35 10 36 15 28 9 15 10 10 11 27 12 11 13 28 14 21 15 19 16 11 17 23 18 24 19 20 20 12 21 20 22 11 23 23 24 14 25 11 26 15 27 30 28 24 29 15 30 30 31 26 32 14 33 24 34 22 35 22 36 10 16 9 23 10 26 11 14 12 10 13 10 14 22 15 15 16 26 17 19 18 17 19 14 20 20 25 15 26 19 27 15 28 15 4 37 29 38 11 39 29 40 18 
5 4 1 16 2 19 3 29 4 20 32 5 26 6 15 7 17 8 18 9 13 10 23 11 13 12 14 13 29 14 22 15 18 16 13 17 26 18 26 19 16 20 28 21 25 22 23 23 10 24 18 25 23 26 14 27 20 28 17 29 17 30 22 31 10 32 11 33 30 34 12 35 19 36 26 4 29 20 30 25 31 24 32 30 32 5 12 6 13 7 11 8 19 9 24 10 30 11 23 12 16 13 30 14 11 15 21 16 27 17 20 18 18 19 11 20 14 21 28 22 13 23 11 24 11 25 24 26 17 27 11 28 10 29 21 30 13 31 25 32 13 33 26 34 26 35 23 36 28 4 37 13 38 15 39 25 40 17 
5 4 1 19 2 24 3 12 4 15 4 33 15 34 23 35 29 36 21 12 9 27 10 24 11 30 12 18 13 16 14 19 15 18 16 15 33 21 34 22 35 14 36 12 20 5 27 6 19 7 14 8 23 9 24 10 20 11 12 12 23 13 11 14 24 15 28 16 18 25 17 26 21 27 26 28 10 33 22 34 13 35 21 36 22 4 37 17 38 12 39 18 40 29 
5 4 1 27 2 25 3 11 4 11 28 5 27 6 21 7 13 8 18 9 17 10 22 11 11 12 17 13 19 14 23 15 22 16 21 17 30 18 19 19 20 20 21 25 27 26 20 27 17 28 21 29 16 30 18 31 12 32 21 33 30 34 22 35 22 36 19 4 5 18 6 10 7 18 8 19 8 17 25 18 23 19 27 20 28 25 11 26 10 27 20 28 21 4 37 13 38 10 39 16 40 24 
5 4 1 27 2 15 3 29 4 10 28 5 26 6 13 7 12 8 26 9 30 10 13 11 20 12 19 13 20 14 30 15 15 16 28 17 12 18 22 19 11 20 24 21 25 22 12 23 28 24 23 29 16 30 19 31 12 32 22 33 16 34 13 35 26 36 10 28 5 11 6 14 7 10 8 21 9 23 10 29 11 24 12 12 13 25 14 22 15 29 16 23 17 13 18 22 19 15 20 11 21 11 22 22 23 27 24 10 25 30 26 18 27 20 28 21 29 10 30 22 31 27 32 29 16 5 28 6 27 7 21 8 14 17 25 18 27 19 27 20 29 21 27 22 28 23 21 24 23 29 14 30 24 31 23 32 20 4 37 14 38 28 39 19 40 12 
5 4 1 14 2 26 3 26 4 16 20 9 13 10 29 11 10 12 12 13 12 14 26 15 21 16 21 21 23 22 29 23 25 24 25 25 19 26 26 27 28 28 29 29 17 30 10 31 16 32 30 12 17 29 18 20 19 18 20 18 25 14 26 19 27 21 28 18 29 29 30 21 31 11 32 10 32 5 25 6 12 7 27 8 28 9 19 10 14 11 13 12 19 13 17 14 17 15 18 16 14 17 14 18 28 19 26 20 14 21 17 22 27 23 16 24 29 25 17 26 30 27 25 28 16 29 20 30 17 31 28 32 12 33 16 34 18 35 23 36 12 4 37 20 38 10 39 11 40 27 
5 4 1 30 2 15 3 25 4 21 32 5 28 6 22 7 11 8 17 9 20 10 26 11 29 12 28 13 10 14 16 15 13 16 29 17 18 18 24 19 13 20 29 21 11 22 14 23 20 24 11 25 11 26 30 27 15 28 10 29 19 30 22 31 15 32 15 33 20 34 15 35 21 36 18 28 5 12 6 15 7 30 8 10 9 12 10 18 11 17 12 24 13 11 14 12 15 24 16 16 17 16 18 12 19 18 20 15 21 25 22 30 23 17 24 27 25 22 26 20 27 23 28 20 29 14 30 16 31 25 32 12 20 5 10 6 16 7 16 8 24 9 26 10 27 11 18 12 14 13 26 14 26 15 26 16 22 21 14 22 30 23 15 24 19 29 23 30 10 31 24 32 14 4 37 13 38 23 39 30 40 13 
5 4 1 12 2 17 3 21 4 12 16 9 16 10 18 11 30 12 21 21 26 22 22 23 25 24 12 25 25 26 20 27 27 28 26 33 23 34 22 35 26 36 24 28 5 19 6 27 7 14 8 15 9 24 10 24 11 30 12 20 17 25 18 16 19 11 20 24 21 26 22 18 23 20 24 24 25 27 26 10 27 26 28 12 29 19 30 30 31 18 32 20 33 15 34 25 35 30 36 20 28 5 27 6 12 7 20 8 19 9 16 10 27 11 16 12 21 13 30 14 25 15 23 16 21 17 27 18 16 19 26 20 25 21 13 22 24 23 28 24 30 25 15 26 19 27 18 28 11 29 19 30 23 31 28 32 18 4 37 24 38 15 39 11 40 15 
5 4 1 27 2 20 3 25 4 27 12 5 28 6 17 7 24 8 22 13 19 14 22 15 26 16 23 25 18 26 12 27 23 28 21 12 5 14 6 27 7 22 8 22 13 21 14 23 15 22 16 11 21 16 22 23 23 15 24 20 32 5 12 6 25 7 10 8 22 9 20 10 20 11 12 12 11 13 19 14 30 15 15 16 18 17 19 18 11 19 26 20 20 21 30 22 15 23 24 24 17 25 26 26 21 27 22 28 12 29 24 30 30 31 13 32 18 33 29 34 24 35 26 36 15 4 37 14 38 30 39 26 40 23 
5 4 1 30 2 28 3 27 4 21 20 5 21 6 19 7 17 8 21 17 23 18 12 19 23 20 28 25 13 26 10 27 11 28 27 29 14 30 10 31 17 32 26 33 17 34 29 35 20 36 20 12 5 27 6 25 7 23 8 25 29 10 30 13 31 22 32 19 33 24 34 24 35 27 36 17 32 5 24 6 19 7 21 8 15 9 23 10 23 11 10 12 11 13 13 14 18 15 20 16 26 17 10 18 23 19 15 20 12 21 24 22 13 23 13 24 26 25 21 26 14 27 18 28 16 29 15 30 16 31 13 32 24 33 27 34 28 35 27 36 29 4 37 13 38 16 39 21 40 24 
5 4 1 22 2 25 3 23 4 12 24 5 22 6 29 7 26 8 21 13 15 14 11 15 14 16 25 21 14 22 12 23 25 24 23 25 25 26 26 27 30 28 30 29 18 30 30 31 23 32 12 33 18 34 10 35 18 36 13 16 5 11 6 18 7 22 8 19 17 24 18 30 19 12 20 30 25 13 26 10 27 16 28 25 29 10 30 15 31 17 32 26 32 5 19 6 12 7 29 8 14 9 15 10 14 11 23 12 29 13 20 14 24 15 14 16 26 17 11 18 22 19 27 20 11 21 25 22 27 23 12 24 28 25 11 26 17 27 19 28 23 29 14 30 17 31 17 32 16 33 18 34 26 35 27 36 24 4 37 18 38 17 39 18 40 16 
5 4 1 21 2 30 3 15 4 29 4 9 15 10 22 11 17 12 28 8 21 25 22 13 23 11 24 14 33 21 34 10 35 11 36 11 8 9 20 10 10 11 14 12 25 33 15 34 15 35 28 36 28 4 37 21 38 26 39 22 40 30 
5 4 1 24 2 23 3 21 4 29 4 29 23 30 18 31 29 32 26 8 9 26 10 20 11 18 12 22 21 21 22 21 23 22 24 17 20 9 28 10 30 11 24 12 20 17 12 18 13 19 11 20 29 25 23 26 22 27 17 28 16 29 24 30 23 31 26 32 12 33 28 34 17 35 23 36 25 4 37 12 38 26 39 11 40 30 
5 4 1 13 2 24 3 28 4 27 32 5 18 6 11 7 26 8 18 9 29 10 27 11 16 12 13 13 17 14 16 15 13 16 18 17 17 18 14 19 11 20 26 21 13 22 18 23 23 24 28 25 21 26 19 27 17 28 24 29 19 30 15 31 27 32 26 33 12 34 23 35 21 36 30 20 5 26 6 29 7 23 8 23 13 10 14 14 15 28 16 25 21 24 22 15 23 27 24 11 25 15 26 19 27 28 28 12 29 27 30 22 31 20 32 25 12 5 26 6 10 7 15 8 17 17 14 18 15 19 23 20 23 33 15 34 24 35 27 36 29 4 37 14 38 29 39 15 40 17 
5 4 1 13 2 30 3 17 4 23 28 5 19 6 16 7 30 8 15 9 18 10 17 11 27 12 12 13 19 14 23 15 13 16 13 17 17 18 23 19 15 20 19 21 13 22 27 23 12 24 13 25 26 26 23 27 26 28 27 29 19 30 30 31 13 32 11 12 9 20 10 23 11 18 12 21 13 26 14 22 15 28 16 24 17 29 18 28 19 18 20 22 4 9 10 10 22 11 21 12 13 4 37 14 38 23 39 21 40 27 
5 4 1 28 2 23 3 24 4 15 28 9 26 10 23 11 20 12 15 13 25 14 11 15 13 16 14 17 12 18 21 19 25 20 18 21 30 22 28 23 18 24 27 25 28 26 30 27 29 28 12 29 18 30 18 31 27 32 24 33 10 34 28 35 10 36 30 12 5 26 6 27 7 21 8 14 21 16 22 19 23 22 24 16 33 19 34 16 35 21 36 11 28 5 17 6 17 7 30 8 15 9 18 10 16 11 30 12 26 13 11 14 20 15 15 16 24 17 19 18 20 19 25 20 27 21 22 22 23 23 10 24 12 25 26 26 15 27 12 28 27 29 13 30 23 31 19 32 19 4 37 18 38 30 39 15 40 13 
5 4 1 11 2 27 3 23 4 18 4 33 25 34 15 35 16 36 25 20 5 12 6 10 7 15 8 13 9 14 10 23 11 27 12 13 21 17 22 11 23 15 24 11 25 18 26 11 27 13 28 10 29 13 30 12 31 28 32 20 32 5 26 6 22 7 30 8 18 9 26 10 11 11 27 12 13 13 29 14 26 15 29 16 23 17 28 18 24 19 10 20 25 21 27 22 14 23 18 24 15 25 21 26 25 27 13 28 13 29 24 30 27 31 22 32 10 33 26 34 25 35 24 36 18 4 37 27 38 21 39 11 40 23 
5 4 1 13 2 25 3 22 4 30 32 5 10 6 27 7 27 8 14 9 11 10 30 11 10 12 30 13 19 14 30 15 22 16 10 17 29 18 18 19 19 20 24 21 23 22 21 23 23 24 16 25 19 26 29 27 10 28 27 29 17 30 16 31 30 32 30 33 10 34 16 35 27 36 23 8 29 13 30 24 31 10 32 25 33 13 34 12 35 24 36 14 28 5 21 6 19 7 26 8 14 9 27 10 18 11 20 12 11 13 12 14 30 15 17 16 30 21 16 22 22 23 10 24 16 25 17 26 18 27 14 28 16 29 10 30 24 31 17 32 28 33 15 34 13 35 20 36 29 4 37 21 38 16 39 22 40 29 
5 4 1 25 2 13 3 15 4 25 16 13 17 14 19 15 27 16 17 17 25 18 10 19 26 20 16 21 15 22 12 23 10 24 24 33 28 34 13 35 16 36 19 20 5 15 6 15 7 15 8 24 17 29 18 21 19 27 20 27 21 12 22 17 23 17 24 28 25 10 26 24 27 10 28 20 29 21 30 30 31 30 32 19 12 17 21 18 24 19 12 20 27 25 19 26 17 27 16 28 28 29 27 30 29 31 27 32 10 4 37 17 38 27 39 29 40 14 
5 4 1 27 2 14 3 29 4 26 20 5 18 6 12 7 21 8 18 13 21 14 16 15 12 16 14 17 24 18 18 19 20 20 14 21 16 22 19 23 19 24 28 29 18 30 18 31 14 32 14 16 5 10 6 10 7 20 8 20 13 22 14 29 15 13 16 27 17 18 18 21 19 19 20 30 33 15 34 21 35 18 36 29 8 29 20 30 28 31 26 32 10 33 23 34 13 35 11 36 26 4 37 12 38 16 39 22 40 25 
5 4 1 20 2 28 3 24 4 26 20 5 19 6 30 7 21 8 24 21 24 22 20 23 30 24 13 25 30 26 24 27 25 28 22 29 24 30 17 31 21 32 29 33 18 34 23 35 30 36 12 16 5 19 6 22 7 18 8 26 13 10 14 17 15 28 16 19 21 12 22 25 23 26 24 20 33 29 34 10 35 12 36 19 8 29 26 30 11 31 25 32 21 33 14 34 26 35 25 36 17 4 37 19 38 26 39 30 40 11 
5 4 1 14 2 23 3 23 4 19 28 5 29 6 13 7 17 8 17 9 20 10 10 11 10 12 17 13 11 14 23 15 22 16 26 17 17 18 11 19 22 20 13 21 25 22 14 23 30 24 14 25 28 26 18 27 15 28 19 33 14 34 27 35 14 36 21 16 5 29 6 26 7 21 8 29 9 23 10 11 11 21 12 23 29 11 30 19 31 29 32 23 33 14 34 24 35 26 36 26 16 5 18 6 21 7 23 8 26 17 25 18 12 19 10 20 13 25 27 26 11 27 30 28 28 29 19 30 13 31 24 32 14 4 37 14 38 26 39 21 40 21 
5 4 1 27 2 15 3 27 4 23 32 5 29 6 30 7 19 8 12 9 20 10 20 11 29 12 17 13 27 14 27 15 26 16 30 17 15 18 23 19 26 20 21 21 25 22 24 23 25 24 27 25 14 26 16 27 15 28 25 29 16 30 29 31 16 32 18 33 30 34 25 35 29 36 26 8 25 21 26 18 27 29 28 24 33 12 34 30 35 17 36 10 12 13 21 14 28 15 10 16 30 21 13 22 27 23 18 24 22 33 27 34 26 35 30 36 15 4 37 25 38 30 39 21 40 11 
5 4 1 29 2 19 3 16 4 16 4 21 18 22 28 23 15 24 13 8 17 28 18 18 19 20 20 16 25 23 26 15 27 18 28 13 8 13 30 14 12 15 18 16 18 17 10 18 10 19 15 20 29 4 37 30 38 17 39 24 40 18 
5 4 1 17 2 24 3 14 4 23 4 25 26 26 13 27 11 28 28 16 5 13 6 13 7 16 8 17 21 15 22 28 23 29 24 14 25 28 26 29 27 26 28 29 29 18 30 27 31 29 32 21 4 29 14 30 27 31 28 32 22 4 37 14 38 19 39 15 40 18 
5 4 1 24 2 10 3 30 4 25 16 5 16 6 16 7 23 8 21 21 15 22 12 23 29 24 16 29 24 30 17 31 27 32 24 33 22 34 13 35 19 36 18 8 17 13 18 16 19 13 20 18 29 30 30 11 31 11 32 27 4 13 18 14 27 15 22 16 11 4 37 17 38 24 39 10 40 25 
5 4 1 27 2 18 3 20 4 28 32 5 26 6 26 7 11 8 22 9 15 10 28 11 19 12 30 13 20 14 19 15 23 16 20 17 21 18 15 19 19 20 11 21 27 22 18 23 11 24 20 25 11 26 24 27 16 28 17 29 15 30 26 31 18 32 14 33 10 34 21 35 24 36 26 16 5 15 6 19 7 17 8 27 9 13 10 15 11 28 12 29 17 30 18 14 19 26 20 29 21 10 22 19 23 20 24 10 24 5 30 6 23 7 26 8 10 9 26 10 16 11 19 12 11 13 30 14 20 15 19 16 15 17 16 18 21 19 30 20 14 25 19 26 19 27 15 28 13 33 13 34 16 35 16 36 30 4 37 19 38 27 39 30 40 18 
5 4 1 11 2 24 3 27 4 28 12 17 28 18 20 19 23 20 18 21 11 22 11 23 15 24 19 25 12 26 21 27 22 28 24 12 5 20 6 10 7 28 8 21 13 29 14 11 15 14 16 23 33 18 34 15 35 26 36 17 28 5 24 6 25 7 20 8 13 9 20 10 14 11 17 12 25 17 11 18 30 19 30 20 15 21 29 22 24 23 18 24 28 25 24 26 30 27 22 28 10 29 13 30 13 31 14 32 20 33 29 34 23 35 30 36 14 4 37 27 38 18 39 25 40 28 
5 4 1 20 2 23 3 18 4 17 16 9 28 10 10 11 12 12 14 13 21 14 17 15 30 16 11 21 10 22 28 23 14 24 20 25 13 26 30 27 24 28 11 8 29 18 30 25 31 17 32 13 33 19 34 11 35 23 36 18 20 9 28 10 14 11 13 12 23 13 10 14 13 15 24 16 14 21 22 22 10 23 21 24 22 29 19 30 28 31 23 32 12 33 17 34 10 35 13 36 21 4 37 15 38 28 39 14 40 29 
5 4 1 17 2 19 3 22 4 18 12 9 27 10 13 11 12 12 16 13 17 14 18 15 11 16 21 17 13 18 12 19 11 20 24 24 9 23 10 12 11 10 12 17 17 23 18 13 19 10 20 20 21 24 22 15 23 25 24 30 25 30 26 13 27 24 28 13 29 15 30 11 31 18 32 18 33 10 34 18 35 14 36 10 16 5 18 6 23 7 24 8 24 9 29 10 30 11 17 12 19 25 16 26 26 27 23 28 11 33 26 34 20 35 26 36 13 4 37 29 38 11 39 30 40 21 
5 4 1 22 2 20 3 18 4 16 8 9 22 10 15 11 10 12 20 21 22 22 23 23 19 24 11 4 21 13 22 10 23 25 24 13 24 5 28 6 27 7 14 8 12 13 13 14 22 15 11 16 15 17 25 18 26 19 17 20 14 21 24 22 13 23 19 24 12 29 24 30 20 31 10 32 17 33 14 34 28 35 23 36 22 4 37 26 38 11 39 28 40 10 
5 4 1 28 2 16 3 11 4 17 8 5 11 6 25 7 21 8 10 29 24 30 21 31 28 32 24 32 5 29 6 11 7 15 8 10 9 18 10 19 11 25 12 27 13 17 14 12 15 22 16 28 17 11 18 12 19 25 20 10 21 13 22 19 23 15 24 11 25 30 26 11 27 19 28 18 29 28 30 29 31 18 32 16 33 19 34 19 35 27 36 29 12 5 25 6 20 7 22 8 19 9 29 10 13 11 19 12 29 21 28 22 11 23 14 24 25 4 37 25 38 27 39 28 40 13 
5 4 1 13 2 27 3 10 4 22 20 17 27 18 11 19 24 20 28 21 13 22 13 23 18 24 15 25 20 26 26 27 10 28 17 29 22 30 21 31 13 32 25 33 15 34 11 35 20 36 29 16 5 25 6 27 7 29 8 28 9 13 10 11 11 11 12 19 25 28 26 19 27 28 28 19 33 22 34 15 35 19 36 25 4 33 12 34 11 35 18 36 29 4 37 11 38 14 39 15 40 28 
5 4 1 15 2 27 3 23 4 29 32 5 14 6 22 7 25 8 19 9 16 10 17 11 27 12 27 13 21 14 22 15 27 16 13 17 15 18 26 19 24 20 27 21 27 22 19 23 22 24 16 25 18 26 28 27 19 28 28 29 13 30 15 31 28 32 25 33 22 34 23 35 16 36 29 24 5 16 6 10 7 24 8 25 9 17 10 22 11 18 12 25 17 30 18 25 19 17 20 12 25 27 26 23 27 21 28 11 29 14 30 19 31 12 32 15 33 13 34 17 35 24 36 15 32 5 22 6 15 7 12 8 11 9 10 10 18 11 28 12 23 13 11 14 14 15 13 16 15 17 23 18 11 19 21 20 30 21 11 22 20 23 11 24 25 25 28 26 15 27 20 28 25 29 11 30 26 31 30 32 19 33 10 34 30 35 17 36 19 4 37 12 38 18 39 25 40 18 
5 4 1 15 2 24 3 20 4 19 16 13 17 14 30 15 19 16 24 17 20 18 15 19 25 20 25 29 10 30 30 31 10 32 26 33 28 34 16 35 17 36 28 20 5 24 6 29 7 21 8 21 9 12 10 20 11 28 12 11 17 23 18 30 19 13 20 24 21 17 22 27 23 10 24 24 33 26 34 25 35 28 36 24 12 13 19 14 10 15 12 16 22 17 20 18 10 19 22 20 16 25 13 26 22 27 28 28 17 4 37 24 38 10 39 22 40 18 
5 4 1 26 2 28 3 12 4 29 12 5 26 6 20 7 28 8 20 9 28 10 30 11 27 12 28 17 10 18 30 19 28 20 16 16 5 12 6 20 7 25 8 20 9 12 10 20 11 12 12 13 21 13 22 23 23 11 24 22 33 13 34 28 35 28 36 29 16 5 14 6 12 7 25 8 25 9 29 10 15 11 25 12 24 17 29 18 26 19 16 20 15 21 23 22 22 23 29 24 27 4 37 28 38 20 39 16 40 18 
5 4 1 27 2 30 3 28 4 15 24 5 29 6 22 7 30 8 29 9 18 10 19 11 28 12 29 13 11 14 11 15 19 16 14 17 11 18 27 19 15 20 26 29 12 30 15 31 15 32 26 33 11 34 16 35 10 36 18 24 5 28 6 11 7 20 8 27 13 23 14 19 15 11 16 19 17 17 18 20 19 23 20 14 21 12 22 20 23 22 24 29 25 12 26 14 27 23 28 28 33 21 34 25 35 16 36 24 28 5 24 6 18 7 10 8 16 9 16 10 14 11 24 12 28 13 27 14 25 15 19 16 11 17 27 18 10 19 17 20 30 21 19 22 23 23 15 24 10 25 12 26 24 27 22 28 12 29 12 30 24 31 20 32 19 4 37 29 38 13 39 24 40 15 
5 4 1 22 2 11 3 19 4 17 16 5 27 6 20 7 14 8 12 13 11 14 29 15 12 16 21 17 26 18 20 19 20 20 17 29 28 30 16 31 17 32 18 4 17 11 18 22 19 27 20 25 20 5 15 6 10 7 14 8 14 9 27 10 23 11 29 12 27 13 14 14 13 15 17 16 20 17 17 18 15 19 19 20 17 33 14 34 29 35 22 36 28 4 37 21 38 27 39 25 40 20 
5 4 1 23 2 14 3 13 4 29 28 5 13 6 25 7 15 8 14 9 29 10 25 11 14 12 15 13 16 14 21 15 19 16 30 21 12 22 15 23 29 24 29 25 18 26 17 27 10 28 26 29 20 30 10 31 21 32 26 33 21 34 21 35 14 36 16 12 5 27 6 17 7 22 8 25 9 16 10 13 11 10 12 19 33 19 34 30 35 16 36 28 20 17 21 18 11 19 23 20 18 21 28 22 23 23 19 24 24 25 10 26 10 27 23 28 28 29 23 30 23 31 26 32 30 33 13 34 25 35 23 36 15 4 37 19 38 11 39 29 40 25 
5 4 1 25 2 14 3 13 4 14 20 13 26 14 14 15 25 16 17 17 28 18 14 19 13 20 10 21 27 22 15 23 17 24 18 29 24 30 12 31 28 32 28 33 11 34 29 35 25 36 19 16 5 29 6 11 7 21 8 19 9 14 10 15 11 30 12 20 13 26 14 19 15 24 16 19 33 15 34 12 35 22 36 18 8 17 24 18 15 19 18 20 15 33 30 34 17 35 17 36 26 4 37 23 38 21 39 19 40 25 
5 4 1 18 2 29 3 13 4 20 16 9 26 10 29 11 12 12 11 13 16 14 11 15 12 16 21 17 14 18 10 19 14 20 17 25 20 26 20 27 25 28 24 24 5 19 6 10 7 28 8 15 9 30 10 25 11 23 12 11 13 20 14 29 15 16 16 13 21 26 22 25 23 18 24 20 25 22 26 15 27 20 28 11 29 12 30 12 31 13 32 23 20 5 16 6 17 7 28 8 21 9 22 10 19 11 29 12 26 25 25 26 15 27 23 28 21 29 29 30 27 31 13 32 18 33 10 34 22 35 27 36 21 4 37 25 38 25 39 28 40 27 
5 4 1 30 2 25 3 11 4 21 4 21 26 22 14 23 12 24 18 20 13 15 14 24 15 23 16 16 17 22 18 14 19 17 20 15 25 13 26 27 27 17 28 27 29 14 30 26 31 13 32 12 33 13 34 26 35 12 36 11 4 33 10 34 18 35 21 36 15 4 37 14 38 18 39 22 40 20 
5 4 1 14 2 30 3 21 4 14 32 5 29 6 13 7 16 8 16 9 17 10 13 11 17 12 10 13 23 14 27 15 28 16 26 17 16 18 12 19 18 20 19 21 20 22 10 23 13 24 20 25 11 26 11 27 29 28 24 29 23 30 21 31 16 32 18 33 22 34 28 35 20 36 10 32 5 28 6 19 7 24 8 15 9 11 10 26 11 25 12 23 13 12 14 13 15 28 16 11 17 25 18 26 19 16 20 20 21 25 22 10 23 30 24 27 25 23 26 28 27 29 28 24 29 14 30 24 31 27 32 22 33 23 34 23 35 21 36 16 28 5 18 6 16 7 20 8 24 9 23 10 29 11 18 12 22 13 14 14 27 15 13 16 20 17 15 18 28 19 28 20 29 21 21 22 24 23 23 24 12 25 24 26 23 27 24 28 18 29 21 30 28 31 21 32 21 4 37 20 38 10 39 20 40 30 
5 4 1 29 2 28 3 23 4 17 28 5 11 6 20 7 18 8 26 13 30 14 24 15 22 16 17 17 30 18 24 19 15 20 20 21 30 22 12 23 19 24 29 25 23 26 19 27 19 28 16 29 21 30 24 31 26 32 30 33 12 34 21 35 15 36 17 24 9 30 10 27 11 17 12 25 13 24 14 30 15 28 16 15 21 21 22 16 23 22 24 19 25 14 26 10 27 24 28 23 29 22 30 21 31 23 32 10 33 17 34 18 35 19 36 19 16 13 19 14 28 15 27 16 16 17 14 18 11 19 16 20 12 21 10 22 26 23 27 24 28 25 30 26 17 27 24 28 13 4 37 25 38 14 39 25 40 21 
5 4 1 10 2 13 3 13 4 17 20 5 10 6 12 7 13 8 26 13 28 14 29 15 12 16 11 21 12 22 29 23 15 24 19 25 17 26 18 27 16 28 13 29 25 30 14 31 27 32 20 24 5 22 6 19 7 20 8 12 9 21 10 27 11 24 12 26 17 23 18 17 19 19 20 14 21 15 22 24 23 18 24 30 25 27 26 26 27 20 28 18 33 29 34 19 35 21 36 11 8 5 15 6 24 7 25 8 10 9 15 10 28 11 16 12 16 4 37 29 38 19 39 17 40 24 
5 4 1 26 2 15 3 29 4 14 20 5 24 6 10 7 29 8 13 13 12 14 15 15 16 16 22 17 29 18 29 19 26 20 19 29 28 30 22 31 18 32 12 33 27 34 13 35 22 36 27 20 5 24 6 21 7 10 8 18 9 25 10 28 11 16 12 17 21 14 22 26 23 18 24 24 25 29 26 22 27 24 28 12 33 10 34 13 35 21 36 21 16 9 23 10 25 11 13 12 10 13 11 14 24 15 30 16 26 29 15 30 15 31 13 32 12 33 20 34 22 35 21 36 14 4 37 15 38 21 39 13 40 12 
5 4 1 14 2 21 3 23 4 24 28 9 27 10 13 11 18 12 16 13 25 14 16 15 10 16 26 17 23 18 24 19 14 20 15 21 28 22 26 23 28 24 23 25 15 26 20 27 10 28 10 29 28 30 21 31 13 32 25 33 18 34 13 35 29 36 11 20 9 24 10 24 11 18 12 15 13 29 14 29 15 20 16 18 17 17 18 14 19 21 20 13 21 25 22 28 23 22 24 13 33 16 34 22 35 22 36 21 4 29 15 30 27 31 12 32 14 4 37 21 38 13 39 28 40 25 
8 8 11 22 7 41 58 3 72 93 10 109 122 17 138 159 18 169 194 9 206 223 11 238 257 
4 42 10 57 1 90 111 15 156 179 44 210 259 
12 6 6 16 1 28 38 4 51 59 3 70 84 2 96 102 2 113 129 4 139 147 3 160 170 4 181 193 6 201 217 10 224 238 5 250 256 
11 5 4 20 2 27 45 10 51 69 3 79 89 2 104 112 6 127 137 1 150 162 12 173 187 2 197 211 2 222 234 1 244 260 
7 4 4 10 6 16 26 3 30 40 2 46 52 5 60 66 3 74 80 3 89 93 
7 8 2 12 1 19 23 8 30 40 7 44 54 5 58 68 4 74 80 6 85 97 
17 3 1 5 2 7 11 1 13 17 3 19 23 2 25 29 2 31 35 1 37 41 2 43 47 1 49 53 3 55 59 1 61 65 2 67 71 1 73 77 1 80 82 2 85 89 2 91 95 1 97 101 
16 3 1 5 1 7 11 1 14 16 1 19 23 3 25 29 1 31 35 1 36 42 2 43 47 1 48 54 2 55 59 1 62 64 1 67 71 2 73 77 2 79 83 3 85 89 1 91 95 
16 2 1 5 1 7 11 1 14 16 2 19 23 3 25 29 2 31 35 1 38 40 4 42 48 3 49 53 2 55 59 1 61 65 4 66 72 1 74 76 3 78 84 3 85 89 1 92 94 
10 2 1 9 2 13 17 1 21 29 1 32 38 3 42 48 1 53 57 3 62 68 5 72 78 1 82 88 4 92 98 
11 4 1 8 4 10 17 4 20 25 3 29 34 1 38 43 4 47 52 2 56 61 4 64 71 2 75 78 3 83 88 2 93 96 
3 7 9 22 1 37 56 5 68 87 
16 3 0 5 2 6 9 1 11 14 3 15 20 1 21 24 2 25 30 2 31 34 2 36 39 2 41 44 1 46 49 2 51 54 1 55 60 1 61 64 2 65 70 1 71 74 1 75 80 
7 6 2 11 2 17 22 7 28 37 3 43 48 2 56 61 3 69 74 2 82 87 
13 1 2 5 1 9 12 4 14 21 4 22 27 3 29 34 1 36 41 1 43 48 3 50 55 1 57 62 3 64 69 2 71 76 2 79 82 2 86 89 
11 2 2 6 4 9 15 2 17 23 2 25 31 1 33 39 1 42 46 1 50 54 2 58 62 4 65 71 3 73 79 5 81 87 
21 3 0 5 2 5 10 1 11 14 1 16 19 1 20 25 1 26 29 2 31 34 1 36 39 1 41 44 1 46 49 1 51 54 3 55 60 1 61 64 2 65 70 2 71 74 2 76 79 2 81 84 1 85 90 1 91 94 2 95 100 2 101 104 
6 1 5 10 2 19 26 9 32 43 4 50 55 5 62 73 1 78 87 
15 3 1 6 2 9 12 1 16 19 1 22 27 4 29 34 5 35 42 3 43 48 1 50 55 1 57 62 3 64 69 3 71 76 3 78 83 1 86 89 1 93 96 2 99 104 
22 1 1 4 1 5 10 1 11 14 1 16 19 2 21 24 1 26 29 3 30 35 2 36 39 2 40 45 2 45 50 1 51 54 3 55 60 1 60 65 1 66 69 1 71 74 1 76 79 1 80 85 1 86 89 1 91 94 1 96 99 1 101 104 1 106 109 
6 2 4 12 4 18 30 2 37 43 2 52 60 4 68 76 7 82 94 
2 9 8 39 15 59 82 
17 2 1 5 2 7 11 1 13 17 1 20 22 2 25 29 2 30 36 2 37 41 2 42 48 2 49 53 1 55 59 4 60 66 2 67 71 1 74 76 1 80 82 1 86 88 1 92 94 1 97 101 
14 1 2 5 3 8 13 1 15 20 3 21 28 1 29 34 1 36 41 2 43 48 1 51 54 1 58 61 2 65 68 3 71 76 2 78 83 4 84 91 4 92 97 
19 2 0 5 3 5 10 1 11 14 2 15 20 2 21 24 1 25 30 2 30 35 1 36 39 2 41 44 3 45 50 2 51 54 1 56 59 1 61 64 1 66 69 1 71 74 1 76 79 2 80 85 1 86 89 1 91 94 
18 1 0 5 2 6 9 2 11 14 2 16 19 1 21 24 2 25 30 2 30 35 1 36 39 2 40 45 1 46 49 1 51 54 2 56 59 3 60 65 3 65 70 1 71 74 1 75 80 2 80 85 3 85 90 
11 2 1 7 3 9 15 3 17 23 2 26 30 4 33 39 1 41 47 1 50 54 1 58 62 2 66 70 2 73 79 3 81 87 
16 2 0 5 2 6 9 1 11 14 2 16 19 1 21 24 2 26 29 1 30 35 1 36 39 1 41 44 1 46 49 1 51 54 2 56 59 2 61 64 1 65 70 1 71 74 3 75 80 
9 1 3 8 4 13 20 2 26 29 1 36 41 4 47 52 3 56 65 1 68 75 1 79 86 2 92 95 
13 3 1 8 1 10 17 1 21 24 3 28 35 2 38 43 2 47 52 3 56 61 3 65 70 2 75 78 4 82 89 3 91 98 2 102 105 3 109 116 
19 1 1 5 2 7 11 1 13 17 2 19 23 1 26 28 1 32 34 2 37 41 1 44 46 2 48 54 2 55 59 2 61 65 1 68 70 1 73 77 3 79 83 1 85 89 4 90 96 2 97 101 1 103 107 3 108 114 
18 1 1 5 1 7 11 2 13 17 1 19 23 2 24 30 1 32 34 1 37 41 1 44 46 2 49 53 1 55 59 1 61 65 1 67 71 1 73 77 1 78 84 2 85 89 3 90 96 1 98 100 2 103 107 
11 4 2 8 3 11 19 1 23 27 2 31 39 2 41 49 2 53 57 1 62 68 1 71 79 1 82 88 3 91 99 2 103 107 
19 2 1 5 1 8 10 2 13 17 3 18 24 3 25 29 1 32 34 2 37 41 1 43 47 1 50 52 1 54 60 3 61 65 1 68 70 1 73 77 1 79 83 1 85 89 3 90 96 1 97 101 2 102 108 4 108 114 
5 9 4 20 11 30 42 6 51 69 9 76 92 12 100 116 
22 1 1 5 3 6 12 1 14 16 1 19 23 1 25 29 1 32 34 2 37 41 1 44 46 2 49 53 2 54 60 3 61 65 1 68 70 2 73 77 3 79 83 2 85 89 1 92 94 1 97 101 3 103 107 3 109 113 1 116 118 2 120 126 1 127 131 
6 14 7 34 3 52 71 9 95 110 5 130 157 7 177 192 18 214 237 
9 4 9 19 3 37 47 4 60 80 3 94 102 4 120 132 16 144 164 9 174 190 13 200 220 6 232 244 
2 3 30 101 35 164 229 
11 6 3 21 9 27 45 9 54 66 9 78 90 8 103 113 11 124 140 2 150 162 4 174 186 1 199 209 2 222 234 13 244 260 
