100 20 6.4
5 4 1 11 2 27 3 13 4 16 8 5 24 6 24 7 11 8 29 9 23 10 14 11 17 12 16 12 5 12 6 26 7 12 8 29 9 23 10 20 11 28 12 21 13 27 14 17 15 23 16 27 12 5 27 6 15 7 20 8 19 9 30 10 30 11 21 12 17 13 26 14 25 15 11 16 10 4 17 10 18 27 19 17 20 13 
5 4 1 21 2 17 3 22 4 27 8 9 12 10 22 11 24 12 25 13 30 14 20 15 20 16 27 8 9 25 10 20 11 23 12 24 13 29 14 17 15 14 16 26 12 5 24 6 14 7 11 8 28 9 19 10 24 11 10 12 28 13 14 14 11 15 24 16 27 4 17 11 18 12 19 15 20 14 
5 4 1 28 2 17 3 13 4 26 8 5 22 6 24 7 15 8 18 13 30 14 28 15 22 16 24 8 5 12 6 17 7 16 8 27 9 17 10 30 11 11 12 13 8 9 22 10 27 11 25 12 25 13 28 14 22 15 22 16 15 4 17 16 18 16 19 27 20 30 
5 4 1 21 2 28 3 29 4 14 8 5 17 6 27 7 27 8 18 13 23 14 11 15 30 16 22 12 5 27 6 20 7 23 8 12 9 14 10 21 11 18 12 10 13 13 14 22 15 28 16 25 8 9 20 10 14 11 22 12 10 13 22 14 30 15 17 16 10 4 17 17 18 19 19 10 20 27 
5 4 1 28 2 13 3 23 4 16 4 9 22 10 21 11 24 12 13 12 5 26 6 13 7 24 8 25 9 28 10 25 11 12 12 20 13 24 14 18 15 20 16 14 8 5 13 6 20 7 26 8 21 13 15 14 22 15 19 16 30 4 17 30 18 26 19 28 20 17 
5 4 1 20 2 30 3 27 4 18 12 5 30 6 16 7 23 8 12 9 12 10 22 11 15 12 25 13 21 14 20 15 29 16 25 4 5 16 6 30 7 23 8 25 8 5 28 6 19 7 10 8 23 13 30 14 24 15 10 16 18 4 17 20 18 30 19 25 20 26 
5 4 1 17 2 11 3 27 4 25 4 5 28 6 19 7 29 8 13 4 13 17 14 15 15 23 16 14 12 5 21 6 16 7 26 8 16 9 17 10 13 11 28 12 17 13 14 14 20 15 17 16 28 4 17 22 18 24 19 20 20 10 
5 4 1 23 2 20 3 16 4 24 8 5 24 6 23 7 27 8 27 9 13 10 24 11 29 12 22 4 5 30 6 18 7 23 8 27 4 5 25 6 28 7 19 8 21 4 17 13 18 18 19 29 20 23 
5 4 1 15 2 14 3 21 4 17 4 5 17 6 30 7 25 8 28 12 5 18 6 18 7 18 8 16 9 10 10 10 11 14 12 13 13 30 14 10 15 10 16 20 12 5 16 6 10 7 20 8 20 9 28 10 17 11 26 12 16 13 10 14 17 15 14 16 16 4 17 16 18 12 19 23 20 30 
5 4 1 18 2 18 3 13 4 18 12 5 19 6 24 7 19 8 10 9 27 10 10 11 28 12 13 13 14 14 24 15 10 16 25 12 5 23 6 22 7 28 8 14 9 26 10 20 11 24 12 23 13 12 14 10 15 11 16 15 4 9 19 10 14 11 10 12 23 4 17 22 18 28 19 30 20 30 
5 4 1 27 2 16 3 15 4 23 12 5 12 6 17 7 25 8 19 9 24 10 20 11 30 12 30 13 18 14 28 15 19 16 23 8 9 24 10 27 11 14 12 23 13 17 14 17 15 27 16 27 12 5 25 6 16 7 20 8 18 9 20 10 10 11 21 12 24 13 13 14 22 15 21 16 11 4 17 12 18 20 19 16 20 23 
5 4 1 23 2 15 3 28 4 23 4 5 23 6 24 7 25 8 16 12 5 25 6 29 7 25 8 16 9 26 10 17 11 18 12 18 13 14 14 29 15 26 16 22 8 9 20 10 16 11 29 12 12 13 29 14 23 15 29 16 10 4 17 14 18 10 19 15 20 19 
5 4 1 16 2 20 3 16 4 25 12 5 26 6 18 7 24 8 29 9 22 10 18 11 20 12 12 13 10 14 11 15 10 16 17 8 9 11 10 18 11 14 12 26 13 22 14 26 15 15 16 13 12 5 18 6 27 7 29 8 15 9 28 10 21 11 13 12 30 13 15 14 14 15 10 16 18 4 17 14 18 15 19 26 20 24 
5 4 1 25 2 29 3 29 4 26 8 5 10 6 15 7 24 8 24 9 15 10 27 11 27 12 18 8 5 13 6 10 7 21 8 23 13 30 14 15 15 17 16 15 8 5 10 6 27 7 18 8 21 13 29 14 28 15 14 16 15 4 17 25 18 19 19 18 20 19 
5 4 1 26 2 30 3 12 4 13 4 9 15 10 18 11 14 12 23 8 9 25 10 30 11 27 12 10 13 28 14 30 15 12 16 10 12 5 25 6 14 7 11 8 30 9 17 10 27 11 20 12 21 13 11 14 19 15 11 16 11 4 17 18 18 29 19 19 20 19 
5 4 1 19 2 28 3 15 4 19 8 9 30 10 16 11 20 12 23 13 20 14 25 15 17 16 28 8 5 24 6 15 7 27 8 23 9 14 10 30 11 16 12 22 4 13 14 14 12 15 21 16 21 4 17 20 18 11 19 24 20 25 
5 4 1 30 2 10 3 28 4 18 8 9 26 10 21 11 23 12 25 13 11 14 30 15 29 16 20 4 5 24 6 30 7 21 8 17 12 5 27 6 19 7 16 8 27 9 26 10 25 11 24 12 28 13 23 14 10 15 24 16 29 4 17 29 18 16 19 14 20 15 
5 4 1 17 2 15 3 12 4 21 4 13 18 14 30 15 24 16 13 8 5 16 6 30 7 14 8 20 13 22 14 25 15 16 16 16 4 5 30 6 19 7 30 8 21 4 17 29 18 13 19 14 20 29 
5 4 1 27 2 18 3 28 4 27 8 5 27 6 20 7 29 8 19 9 26 10 19 11 18 12 20 12 5 25 6 16 7 24 8 13 9 28 10 22 11 26 12 17 13 18 14 17 15 10 16 16 4 13 12 14 25 15 16 16 22 4 17 29 18 22 19 10 20 25 
5 4 1 23 2 21 3 30 4 26 4 13 29 14 10 15 22 16 11 8 5 19 6 22 7 17 8 12 13 24 14 18 15 11 16 22 12 5 13 6 16 7 18 8 27 9 27 10 24 11 23 12 16 13 11 14 20 15 27 16 16 4 17 30 18 13 19 15 20 25 
5 4 1 28 2 19 3 30 4 21 4 9 10 10 14 11 17 12 22 4 5 15 6 14 7 22 8 26 8 5 12 6 10 7 19 8 27 9 25 10 10 11 24 12 16 4 17 24 18 16 19 29 20 28 
5 4 1 20 2 17 3 18 4 30 4 9 29 10 16 11 28 12 15 12 5 13 6 22 7 14 8 27 9 13 10 10 11 30 12 16 13 18 14 24 15 12 16 15 4 13 20 14 11 15 23 16 13 4 17 18 18 23 19 15 20 21 
5 4 1 13 2 15 3 15 4 17 4 9 22 10 24 11 16 12 17 12 5 19 6 28 7 23 8 25 9 27 10 12 11 19 12 15 13 12 14 27 15 14 16 27 8 9 11 10 10 11 28 12 19 13 15 14 14 15 16 16 20 4 17 21 18 30 19 30 20 27 
5 4 1 26 2 23 3 15 4 29 8 5 12 6 28 7 14 8 16 13 30 14 30 15 20 16 17 4 9 28 10 28 11 12 12 19 4 9 20 10 27 11 26 12 10 4 17 15 18 28 19 19 20 29 
5 4 1 16 2 15 3 26 4 16 12 5 15 6 12 7 16 8 13 9 19 10 16 11 30 12 26 13 16 14 29 15 17 16 29 4 5 15 6 28 7 10 8 11 12 5 14 6 22 7 29 8 11 9 20 10 25 11 19 12 18 13 14 14 10 15 29 16 17 4 17 24 18 21 19 20 20 12 
5 4 1 11 2 21 3 16 4 14 8 5 19 6 30 7 15 8 25 13 27 14 30 15 17 16 28 8 5 16 6 28 7 11 8 26 9 29 10 29 11 13 12 27 12 5 26 6 16 7 27 8 29 9 15 10 11 11 17 12 25 13 14 14 21 15 26 16 18 4 17 16 18 27 19 18 20 15 
5 4 1 17 2 15 3 14 4 30 4 13 30 14 29 15 24 16 12 12 5 11 6 14 7 26 8 12 9 12 10 26 11 30 12 14 13 26 14 27 15 14 16 19 8 5 21 6 28 7 10 8 29 9 19 10 24 11 23 12 23 4 17 17 18 24 19 16 20 17 
5 4 1 19 2 17 3 26 4 18 12 5 17 6 16 7 16 8 12 9 18 10 24 11 30 12 16 13 28 14 13 15 24 16 13 4 5 27 6 16 7 27 8 16 4 13 30 14 14 15 25 16 26 4 17 20 18 29 19 21 20 24 
5 4 1 19 2 19 3 19 4 14 8 5 24 6 30 7 13 8 28 13 23 14 16 15 24 16 10 4 13 26 14 29 15 14 16 15 8 9 27 10 29 11 22 12 17 13 26 14 23 15 28 16 13 4 17 20 18 12 19 12 20 13 
5 4 1 10 2 21 3 27 4 29 8 9 10 10 25 11 15 12 14 13 19 14 11 15 15 16 12 8 5 29 6 23 7 30 8 20 9 18 10 10 11 10 12 21 12 5 14 6 17 7 22 8 21 9 25 10 15 11 10 12 23 13 10 14 13 15 18 16 13 4 17 27 18 18 19 30 20 24 
5 4 1 16 2 21 3 16 4 14 12 5 14 6 23 7 22 8 21 9 21 10 13 11 26 12 14 13 30 14 24 15 25 16 27 12 5 21 6 20 7 21 8 15 9 20 10 15 11 11 12 29 13 24 14 11 15 15 16 16 4 13 24 14 18 15 11 16 28 4 17 19 18 19 19 21 20 11 
5 4 1 18 2 19 3 10 4 30 4 13 15 14 22 15 26 16 16 8 5 22 6 19 7 29 8 15 9 21 10 24 11 28 12 13 4 13 23 14 24 15 14 16 27 4 17 21 18 18 19 17 20 11 
5 4 1 17 2 17 3 22 4 30 12 5 13 6 24 7 19 8 11 9 24 10 29 11 23 12 17 13 30 14 30 15 11 16 21 12 5 25 6 13 7 14 8 20 9 22 10 28 11 29 12 15 13 10 14 15 15 18 16 23 8 5 18 6 13 7 10 8 10 9 28 10 26 11 21 12 26 4 17 21 18 24 19 20 20 26 
5 4 1 18 2 17 3 12 4 17 12 5 14 6 26 7 12 8 12 9 30 10 16 11 29 12 23 13 23 14 20 15 23 16 12 8 5 11 6 25 7 30 8 19 9 15 10 25 11 29 12 23 12 5 10 6 21 7 16 8 14 9 14 10 19 11 26 12 28 13 21 14 17 15 20 16 27 4 17 16 18 12 19 22 20 10 
5 4 1 18 2 11 3 20 4 26 8 5 14 6 15 7 12 8 11 9 12 10 11 11 12 12 21 8 9 12 10 22 11 20 12 28 13 13 14 25 15 21 16 24 4 13 14 14 27 15 19 16 25 4 17 16 18 23 19 17 20 25 
5 4 1 28 2 20 3 15 4 24 8 9 19 10 22 11 30 12 22 13 29 14 19 15 22 16 17 8 5 20 6 18 7 25 8 18 9 12 10 24 11 18 12 23 8 9 24 10 22 11 14 12 10 13 19 14 16 15 29 16 10 4 17 17 18 20 19 30 20 30 
5 4 1 15 2 23 3 16 4 21 4 5 10 6 27 7 15 8 21 4 9 22 10 22 11 10 12 28 8 9 21 10 15 11 30 12 20 13 25 14 22 15 15 16 13 4 17 12 18 23 19 17 20 13 
5 4 1 30 2 21 3 22 4 23 8 5 16 6 18 7 18 8 29 13 29 14 24 15 20 16 20 4 13 19 14 16 15 11 16 27 8 5 25 6 29 7 15 8 20 9 10 10 19 11 13 12 11 4 17 27 18 20 19 12 20 20 
5 4 1 28 2 17 3 14 4 29 4 13 16 14 28 15 26 16 25 12 5 10 6 27 7 21 8 13 9 11 10 12 11 12 12 26 13 10 14 18 15 13 16 16 12 5 22 6 16 7 10 8 25 9 19 10 16 11 28 12 28 13 29 14 20 15 24 16 22 4 17 13 18 29 19 25 20 19 
5 4 1 14 2 16 3 27 4 16 12 5 15 6 19 7 21 8 18 9 24 10 17 11 20 12 26 13 26 14 14 15 13 16 27 4 5 26 6 18 7 11 8 16 12 5 30 6 27 7 27 8 22 9 27 10 26 11 18 12 29 13 11 14 23 15 18 16 15 4 17 22 18 20 19 11 20 24 
5 4 1 13 2 26 3 29 4 25 8 5 20 6 17 7 23 8 27 9 25 10 21 11 16 12 23 8 5 13 6 28 7 26 8 14 9 24 10 26 11 30 12 11 4 9 26 10 18 11 12 12 10 4 17 15 18 18 19 25 20 26 
5 4 1 29 2 25 3 14 4 16 4 9 24 10 22 11 30 12 26 12 5 16 6 15 7 15 8 26 9 18 10 26 11 12 12 30 13 16 14 12 15 21 16 30 12 5 11 6 16 7 15 8 28 9 10 10 23 11 18 12 23 13 19 14 17 15 10 16 13 4 17 11 18 12 19 11 20 24 
5 4 1 25 2 15 3 16 4 25 4 5 24 6 17 7 11 8 29 8 5 18 6 13 7 26 8 10 9 11 10 19 11 26 12 11 12 5 20 6 19 7 14 8 30 9 29 10 20 11 22 12 24 13 14 14 17 15 23 16 24 4 17 24 18 16 19 28 20 29 
5 4 1 29 2 16 3 14 4 30 12 5 18 6 24 7 11 8 18 9 14 10 10 11 22 12 26 13 16 14 12 15 21 16 20 8 5 10 6 14 7 12 8 18 13 17 14 30 15 16 16 21 12 5 29 6 16 7 10 8 29 9 30 10 27 11 20 12 20 13 15 14 11 15 28 16 12 4 17 21 18 24 19 14 20 16 
5 4 1 23 2 19 3 26 4 14 4 5 16 6 30 7 10 8 30 4 9 22 10 20 11 26 12 23 4 13 14 14 21 15 28 16 11 4 17 13 18 11 19 12 20 15 
5 4 1 29 2 21 3 25 4 30 8 9 27 10 26 11 27 12 25 13 27 14 13 15 15 16 23 4 5 23 6 20 7 18 8 27 12 5 23 6 20 7 20 8 17 9 10 10 15 11 10 12 23 13 16 14 24 15 14 16 25 4 17 13 18 25 19 28 20 19 
5 4 1 20 2 20 3 25 4 25 12 5 27 6 24 7 10 8 30 9 10 10 18 11 24 12 11 13 18 14 24 15 11 16 25 12 5 24 6 28 7 23 8 28 9 23 10 24 11 14 12 28 13 14 14 21 15 19 16 19 4 5 15 6 23 7 13 8 24 4 17 30 18 15 19 27 20 14 
5 4 1 22 2 30 3 11 4 30 12 5 24 6 19 7 23 8 29 9 16 10 10 11 14 12 28 13 16 14 12 15 22 16 25 12 5 18 6 17 7 30 8 17 9 20 10 20 11 19 12 19 13 30 14 10 15 16 16 25 12 5 24 6 28 7 12 8 29 9 17 10 14 11 30 12 28 13 13 14 28 15 10 16 12 4 17 14 18 30 19 19 20 26 
5 4 1 29 2 22 3 14 4 30 12 5 11 6 29 7 16 8 21 9 10 10 11 11 14 12 13 13 15 14 24 15 17 16 21 8 5 28 6 29 7 14 8 25 9 23 10 21 11 17 12 23 4 9 22 10 15 11 24 12 25 4 17 27 18 10 19 17 20 28 
5 4 1 17 2 14 3 28 4 19 12 5 14 6 24 7 19 8 11 9 15 10 28 11 28 12 25 13 16 14 19 15 24 16 16 8 5 11 6 17 7 13 8 10 13 30 14 23 15 18 16 27 4 13 25 14 24 15 16 16 27 4 17 12 18 22 19 28 20 27 
5 4 1 21 2 27 3 12 4 15 4 5 16 6 28 7 26 8 17 4 13 25 14 12 15 20 16 21 12 5 22 6 17 7 18 8 18 9 12 10 13 11 28 12 12 13 22 14 14 15 13 16 24 4 17 24 18 14 19 15 20 28 
5 4 1 20 2 16 3 25 4 11 4 13 10 14 11 15 17 16 20 12 5 12 6 10 7 19 8 19 9 16 10 10 11 19 12 15 13 21 14 15 15 28 16 14 4 13 30 14 22 15 26 16 18 4 17 28 18 16 19 15 20 30 
5 4 1 17 2 12 3 11 4 29 8 9 15 10 13 11 22 12 13 13 24 14 16 15 29 16 11 8 5 13 6 19 7 14 8 13 13 13 14 19 15 22 16 18 12 5 11 6 13 7 11 8 17 9 20 10 20 11 20 12 19 13 23 14 29 15 27 16 25 4 17 26 18 17 19 29 20 11 
5 4 1 29 2 18 3 11 4 28 8 5 11 6 28 7 29 8 29 9 28 10 27 11 22 12 10 12 5 19 6 20 7 27 8 20 9 10 10 18 11 13 12 21 13 29 14 14 15 30 16 30 12 5 14 6 12 7 15 8 21 9 10 10 19 11 27 12 17 13 22 14 16 15 13 16 26 4 17 12 18 23 19 14 20 15 
5 4 1 20 2 27 3 25 4 13 12 5 21 6 23 7 10 8 25 9 29 10 19 11 16 12 12 13 18 14 26 15 17 16 10 12 5 24 6 22 7 20 8 21 9 17 10 20 11 13 12 29 13 13 14 23 15 29 16 23 8 5 19 6 25 7 22 8 26 13 29 14 14 15 15 16 21 4 17 23 18 16 19 13 20 29 
5 4 1 11 2 24 3 24 4 26 4 13 30 14 27 15 26 16 23 8 5 16 6 26 7 25 8 27 13 15 14 19 15 27 16 30 4 13 30 14 13 15 17 16 28 4 17 18 18 27 19 25 20 11 
5 4 1 24 2 25 3 11 4 23 4 5 14 6 15 7 19 8 15 12 5 16 6 27 7 29 8 27 9 26 10 21 11 22 12 24 13 16 14 15 15 28 16 10 12 5 12 6 19 7 26 8 14 9 29 10 20 11 26 12 28 13 22 14 22 15 18 16 25 4 17 12 18 28 19 25 20 15 
5 4 1 14 2 13 3 25 4 20 4 9 13 10 23 11 22 12 11 12 5 21 6 25 7 21 8 25 9 20 10 13 11 13 12 11 13 22 14 16 15 13 16 18 12 5 18 6 19 7 29 8 13 9 30 10 27 11 23 12 17 13 25 14 12 15 21 16 29 4 17 20 18 12 19 13 20 16 
5 4 1 29 2 29 3 26 4 23 4 13 16 14 24 15 29 16 11 4 13 11 14 20 15 10 16 19 12 5 13 6 10 7 11 8 17 9 25 10 11 11 24 12 28 13 11 14 13 15 24 16 22 4 17 18 18 12 19 18 20 17 
5 4 1 27 2 18 3 24 4 10 8 5 13 6 30 7 29 8 11 13 28 14 16 15 11 16 16 4 5 27 6 23 7 30 8 13 12 5 30 6 26 7 21 8 19 9 15 10 19 11 18 12 27 13 27 14 23 15 29 16 21 4 17 19 18 27 19 29 20 17 
5 4 1 15 2 12 3 28 4 18 8 5 30 6 29 7 19 8 23 13 30 14 15 15 29 16 13 12 5 26 6 21 7 12 8 24 9 27 10 21 11 17 12 25 13 20 14 25 15 23 16 14 4 13 20 14 30 15 13 16 29 4 17 10 18 27 19 25 20 29 
5 4 1 30 2 15 3 29 4 11 4 5 16 6 30 7 14 8 27 12 5 18 6 18 7 15 8 20 9 19 10 14 11 15 12 21 13 13 14 15 15 10 16 11 8 5 22 6 15 7 14 8 20 9 16 10 18 11 17 12 22 4 17 25 18 11 19 23 20 13 
5 4 1 17 2 20 3 24 4 23 8 5 25 6 16 7 23 8 26 13 20 14 25 15 11 16 30 4 9 22 10 17 11 16 12 13 4 9 13 10 17 11 21 12 17 4 17 15 18 14 19 27 20 10 
5 4 1 23 2 19 3 24 4 10 12 5 19 6 22 7 15 8 20 9 10 10 15 11 30 12 29 13 21 14 27 15 20 16 17 12 5 28 6 16 7 10 8 26 9 19 10 21 11 27 12 22 13 14 14 24 15 10 16 30 4 5 26 6 23 7 16 8 11 4 17 21 18 11 19 19 20 25 
5 4 1 25 2 27 3 29 4 23 8 5 11 6 10 7 27 8 26 9 17 10 10 11 26 12 28 8 5 21 6 24 7 16 8 22 13 25 14 30 15 16 16 18 4 13 13 14 10 15 14 16 29 4 17 12 18 25 19 12 20 11 
5 4 1 13 2 21 3 30 4 13 4 13 26 14 26 15 28 16 19 8 5 30 6 18 7 29 8 10 13 28 14 16 15 25 16 17 12 5 20 6 28 7 10 8 27 9 15 10 10 11 23 12 15 13 17 14 28 15 24 16 16 4 17 21 18 25 19 28 20 30 
5 4 1 18 2 18 3 10 4 12 12 5 12 6 19 7 16 8 16 9 13 10 24 11 11 12 19 13 10 14 24 15 15 16 12 12 5 13 6 18 7 12 8 11 9 25 10 30 11 22 12 15 13 23 14 16 15 12 16 20 8 5 21 6 20 7 21 8 12 9 11 10 11 11 26 12 25 4 17 18 18 17 19 13 20 15 
5 4 1 30 2 24 3 18 4 17 4 13 18 14 29 15 29 16 15 8 9 12 10 13 11 18 12 13 13 24 14 27 15 25 16 26 8 5 26 6 30 7 24 8 15 9 11 10 30 11 26 12 16 4 17 16 18 23 19 19 20 17 
5 4 1 25 2 22 3 30 4 18 4 13 30 14 17 15 18 16 18 12 5 11 6 24 7 17 8 29 9 24 10 12 11 24 12 23 13 10 14 29 15 24 16 11 12 5 11 6 15 7 27 8 22 9 29 10 25 11 19 12 29 13 13 14 20 15 14 16 27 4 17 20 18 19 19 21 20 21 
5 4 1 22 2 29 3 22 4 17 12 5 13 6 15 7 19 8 29 9 22 10 10 11 14 12 27 13 12 14 22 15 19 16 23 12 5 11 6 16 7 12 8 22 9 13 10 16 11 10 12 29 13 19 14 15 15 17 16 12 8 5 30 6 22 7 28 8 21 13 17 14 29 15 15 16 29 4 17 24 18 18 19 23 20 26 
5 4 1 14 2 22 3 15 4 10 4 13 26 14 24 15 15 16 27 12 5 16 6 20 7 24 8 27 9 19 10 26 11 25 12 10 13 24 14 28 15 28 16 27 4 13 20 14 18 15 11 16 19 4 17 19 18 13 19 29 20 17 
5 4 1 21 2 20 3 24 4 23 12 5 17 6 10 7 27 8 16 9 24 10 11 11 23 12 11 13 14 14 17 15 14 16 16 8 9 12 10 14 11 22 12 19 13 24 14 14 15 14 16 24 8 9 16 10 20 11 17 12 27 13 10 14 14 15 12 16 18 4 17 15 18 26 19 22 20 23 
5 4 1 11 2 17 3 20 4 17 12 5 20 6 15 7 13 8 18 9 19 10 16 11 30 12 22 13 25 14 19 15 11 16 18 8 5 29 6 25 7 20 8 20 9 11 10 18 11 16 12 29 12 5 27 6 25 7 10 8 25 9 11 10 15 11 15 12 30 13 23 14 28 15 15 16 13 4 17 24 18 19 19 29 20 11 
5 4 1 22 2 14 3 12 4 24 8 5 27 6 28 7 14 8 10 9 28 10 26 11 18 12 24 12 5 24 6 15 7 27 8 12 9 29 10 21 11 15 12 20 13 26 14 15 15 20 16 20 8 9 13 10 14 11 18 12 19 13 21 14 28 15 16 16 25 4 17 17 18 18 19 13 20 15 
5 4 1 16 2 12 3 10 4 25 4 9 12 10 14 11 30 12 24 4 13 22 14 14 15 24 16 25 4 13 17 14 11 15 17 16 21 4 17 11 18 16 19 23 20 30 
5 4 1 15 2 29 3 28 4 24 4 9 26 10 24 11 26 12 10 8 9 27 10 23 11 22 12 16 13 14 14 15 15 27 16 20 12 5 25 6 18 7 24 8 27 9 12 10 18 11 12 12 11 13 23 14 10 15 14 16 25 4 17 23 18 29 19 25 20 11 
5 4 1 11 2 12 3 22 4 24 4 5 21 6 27 7 10 8 20 8 9 14 10 13 11 20 12 20 13 11 14 20 15 29 16 13 8 9 15 10 26 11 30 12 18 13 15 14 22 15 30 16 11 4 17 29 18 19 19 30 20 16 
5 4 1 12 2 19 3 28 4 18 8 9 27 10 17 11 17 12 18 13 11 14 12 15 24 16 22 8 5 10 6 20 7 23 8 11 9 20 10 11 11 29 12 17 4 5 26 6 25 7 19 8 25 4 17 21 18 17 19 10 20 17 
5 4 1 17 2 20 3 23 4 29 4 13 16 14 24 15 11 16 28 8 5 18 6 21 7 24 8 13 9 29 10 10 11 25 12 27 8 5 15 6 12 7 27 8 15 9 30 10 23 11 13 12 19 4 17 10 18 22 19 15 20 24 
5 4 1 19 2 11 3 18 4 30 8 5 10 6 30 7 11 8 21 9 24 10 18 11 29 12 29 8 5 16 6 18 7 25 8 16 9 12 10 21 11 20 12 16 8 5 11 6 14 7 23 8 12 13 27 14 22 15 21 16 15 4 17 23 18 12 19 15 20 11 
5 4 1 10 2 19 3 12 4 17 12 5 21 6 13 7 18 8 13 9 28 10 22 11 18 12 22 13 30 14 25 15 25 16 20 12 5 17 6 12 7 20 8 12 9 25 10 20 11 26 12 11 13 23 14 25 15 18 16 16 12 5 23 6 19 7 26 8 23 9 10 10 21 11 12 12 12 13 19 14 14 15 15 16 10 4 17 28 18 16 19 19 20 10 
5 4 1 10 2 19 3 15 4 13 4 13 21 14 19 15 21 16 19 8 5 28 6 28 7 15 8 15 9 18 10 13 11 14 12 18 4 13 26 14 25 15 12 16 29 4 17 12 18 24 19 25 20 18 
5 4 1 19 2 25 3 25 4 20 8 5 21 6 14 7 23 8 23 9 19 10 23 11 23 12 14 4 9 11 10 28 11 12 12 14 12 5 12 6 23 7 22 8 30 9 15 10 19 11 12 12 16 13 11 14 13 15 13 16 28 4 17 14 18 14 19 29 20 13 
5 4 1 30 2 26 3 23 4 14 12 5 21 6 13 7 27 8 16 9 25 10 13 11 19 12 11 13 30 14 21 15 22 16 28 12 5 11 6 18 7 10 8 28 9 26 10 20 11 13 12 13 13 30 14 12 15 11 16 24 4 9 12 10 12 11 20 12 11 4 17 23 18 25 19 13 20 11 
5 4 1 14 2 28 3 30 4 10 4 5 20 6 30 7 14 8 26 8 5 24 6 17 7 21 8 10 13 21 14 19 15 16 16 22 4 5 26 6 21 7 13 8 19 4 17 18 18 30 19 20 20 28 
5 4 1 20 2 20 3 18 4 10 4 9 28 10 12 11 18 12 29 12 5 26 6 12 7 11 8 19 9 24 10 27 11 11 12 26 13 11 14 22 15 27 16 27 4 9 16 10 13 11 28 12 27 4 17 17 18 17 19 25 20 16 
5 4 1 22 2 22 3 16 4 22 8 5 14 6 24 7 13 8 27 9 14 10 15 11 12 12 17 4 9 27 10 25 11 21 12 18 8 5 22 6 25 7 12 8 21 13 21 14 10 15 29 16 15 4 17 17 18 27 19 26 20 13 
5 4 1 14 2 21 3 11 4 14 8 5 12 6 11 7 29 8 10 9 11 10 10 11 18 12 17 12 5 18 6 30 7 28 8 14 9 29 10 12 11 25 12 17 13 17 14 21 15 16 16 27 12 5 23 6 30 7 17 8 24 9 23 10 29 11 23 12 12 13 10 14 28 15 28 16 24 4 17 29 18 18 19 11 20 11 
5 4 1 24 2 12 3 23 4 21 4 5 15 6 29 7 26 8 21 8 5 23 6 26 7 27 8 23 13 27 14 13 15 21 16 21 12 5 16 6 16 7 24 8 21 9 12 10 21 11 24 12 19 13 25 14 11 15 26 16 25 4 17 22 18 26 19 12 20 12 
5 4 1 26 2 19 3 26 4 14 8 5 14 6 26 7 14 8 10 13 25 14 23 15 20 16 22 12 5 13 6 23 7 26 8 15 9 14 10 25 11 14 12 12 13 25 14 21 15 20 16 25 8 5 28 6 29 7 10 8 21 9 10 10 10 11 27 12 11 4 17 25 18 29 19 25 20 12 
5 4 1 19 2 30 3 24 4 14 12 5 30 6 18 7 23 8 16 9 30 10 15 11 12 12 14 13 16 14 20 15 20 16 14 12 5 20 6 28 7 23 8 18 9 13 10 23 11 29 12 22 13 28 14 25 15 28 16 16 4 9 25 10 30 11 24 12 20 4 17 20 18 15 19 19 20 13 
5 4 1 23 2 22 3 27 4 14 8 9 11 10 24 11 18 12 24 13 12 14 19 15 20 16 24 8 9 11 10 28 11 19 12 26 13 24 14 23 15 30 16 17 12 5 12 6 11 7 22 8 17 9 23 10 28 11 24 12 10 13 19 14 21 15 15 16 15 4 17 24 18 28 19 27 20 11 
5 4 1 30 2 20 3 30 4 13 4 13 20 14 17 15 21 16 20 12 5 14 6 28 7 19 8 14 9 16 10 22 11 23 12 17 13 16 14 26 15 16 16 20 4 9 23 10 13 11 21 12 19 4 17 13 18 14 19 14 20 25 
5 4 1 19 2 10 3 17 4 24 12 5 28 6 19 7 20 8 18 9 29 10 30 11 28 12 14 13 22 14 30 15 15 16 16 4 5 20 6 11 7 21 8 18 12 5 15 6 25 7 13 8 19 9 24 10 15 11 25 12 25 13 14 14 25 15 26 16 10 4 17 11 18 28 19 11 20 27 
5 4 1 10 2 22 3 16 4 29 4 5 19 6 16 7 16 8 19 8 5 20 6 30 7 21 8 12 9 11 10 17 11 11 12 18 4 9 25 10 11 11 11 12 28 4 17 10 18 24 19 12 20 27 
5 4 1 13 2 16 3 11 4 29 4 5 10 6 17 7 12 8 15 4 13 14 14 17 15 30 16 28 4 5 19 6 29 7 24 8 16 4 17 29 18 27 19 27 20 11 
5 4 1 17 2 30 3 19 4 29 4 9 14 10 17 11 21 12 12 4 5 27 6 27 7 24 8 14 12 5 16 6 12 7 28 8 19 9 27 10 16 11 29 12 12 13 29 14 15 15 29 16 14 4 17 29 18 23 19 15 20 24 
5 4 1 18 2 11 3 25 4 16 4 9 28 10 30 11 28 12 24 12 5 24 6 22 7 19 8 28 9 10 10 27 11 24 12 10 13 29 14 22 15 30 16 17 12 5 10 6 22 7 10 8 29 9 30 10 18 11 10 12 11 13 22 14 25 15 15 16 18 4 17 19 18 30 19 25 20 13 
5 4 1 16 2 13 3 12 4 25 4 5 18 6 20 7 22 8 19 12 5 25 6 24 7 19 8 15 9 26 10 21 11 11 12 28 13 19 14 15 15 30 16 16 4 5 21 6 21 7 10 8 20 4 17 30 18 17 19 22 20 16 
5 4 1 21 2 26 3 10 4 21 4 13 14 14 23 15 25 16 20 4 9 30 10 28 11 21 12 30 8 5 20 6 18 7 24 8 15 13 10 14 12 15 23 16 11 4 17 11 18 13 19 14 20 15 
25 5 4 17 6 26 37 3 45 60 14 65 82 7 88 101 7 111 120 3 133 140 2 151 164 10 172 185 12 192 207 6 214 227 5 234 249 1 255 270 5 275 292 6 301 308 6 317 334 1 340 353 6 363 372 1 385 392 2 402 417 6 426 435 7 446 457 3 466 479 2 490 497 1 509 520 
20 5 3 22 7 32 43 4 59 66 10 81 94 6 103 122 2 129 146 7 157 168 13 180 195 16 204 221 18 228 247 6 259 266 9 280 295 9 306 319 10 328 347 9 357 368 3 383 392 8 406 419 7 430 445 3 456 469 13 480 495 
19 6 6 21 5 34 47 5 61 74 1 84 105 13 114 129 6 144 153 9 169 182 5 196 209 5 223 236 10 247 266 12 277 290 11 304 317 9 331 344 1 356 373 8 386 397 1 412 425 3 435 456 8 463 482 2 493 506 
14 8 12 25 15 47 64 5 83 102 4 120 139 3 157 176 5 197 210 15 230 251 6 267 288 3 308 321 4 339 364 10 380 397 4 415 436 5 455 470 1 489 510 
14 13 7 29 3 43 65 2 81 99 13 112 140 5 149 175 12 190 206 10 225 243 11 262 278 11 297 315 8 332 352 3 373 383 12 404 424 18 437 463 9 473 499 
38 5 4 11 7 17 28 3 34 41 4 49 56 4 64 71 2 78 87 2 95 100 1 109 116 3 123 132 5 139 146 6 154 161 5 169 176 1 185 190 4 199 206 9 212 223 1 230 235 5 244 251 1 259 266 1 273 282 5 289 296 7 303 312 7 318 327 2 334 341 1 347 358 5 364 371 3 378 387 2 394 401 3 410 415 3 425 430 5 437 448 4 452 463 1 470 475 6 482 493 1 500 505 6 513 522 9 527 538 4 542 553 9 557 568 
17 8 6 24 18 34 56 4 64 86 17 95 115 3 128 142 18 155 175 4 190 200 7 220 230 15 245 265 3 274 296 14 303 327 3 336 354 17 364 386 4 394 416 5 431 439 10 459 471 10 489 501 
48 2 4 7 4 13 20 6 23 32 4 36 41 3 46 53 3 58 63 1 68 75 3 80 85 2 90 97 1 100 109 3 113 118 4 124 129 5 134 141 6 144 153 3 156 163 4 167 174 4 178 185 2 190 195 6 200 207 4 210 219 7 221 230 1 234 239 3 243 252 5 254 263 3 266 273 2 277 284 1 289 294 3 299 306 3 311 316 5 321 328 5 332 339 1 344 349 1 356 359 2 367 370 5 376 383 2 387 394 3 399 404 1 410 415 7 419 428 3 431 438 5 442 449 4 453 460 6 463 472 5 475 482 6 485 494 2 497 504 1 509 514 2 519 526 
9 25 9 45 12 61 101 8 123 147 15 174 204 16 230 256 22 280 314 4 341 361 16 392 418 16 448 470 
28 4 3 14 5 20 31 6 39 46 8 53 66 2 73 80 4 90 97 1 107 114 6 123 132 9 138 151 12 155 168 4 174 183 3 193 198 1 207 218 1 225 234 2 240 253 11 257 270 3 277 284 5 292 303 4 308 321 8 326 337 6 345 352 4 362 369 3 379 386 1 396 403 2 414 419 9 428 439 3 447 454 2 461 474 
50 3 2 8 1 13 17 2 23 27 2 32 38 1 43 47 4 51 59 2 63 67 1 73 77 3 82 88 3 93 97 3 103 107 1 113 117 2 123 127 3 133 137 4 142 148 1 153 157 1 162 168 3 172 178 3 182 188 1 192 198 2 202 208 2 213 217 3 223 227 4 232 238 2 243 247 4 251 259 2 263 267 2 273 277 3 281 289 2 291 299 2 301 309 3 312 318 3 322 328 5 331 339 1 342 348 1 352 358 4 362 368 4 372 378 4 382 388 3 393 397 1 402 408 1 412 418 6 421 429 5 431 439 1 443 447 1 453 457 1 463 467 3 473 477 4 482 488 1 493 497 
12 1 12 28 5 47 73 5 85 115 13 131 149 21 168 192 13 212 228 2 253 267 13 287 313 15 326 354 7 373 387 5 409 431 18 448 472 
6 32 24 64 25 116 148 9 198 242 17 290 326 12 369 423 25 456 512 
22 8 5 19 5 32 40 13 52 68 9 78 90 4 104 112 4 128 136 11 149 163 6 173 187 1 195 213 9 222 234 8 245 259 15 268 284 6 295 305 7 316 332 2 344 352 11 366 378 13 388 404 7 413 427 13 435 453 9 462 474 5 486 498 13 508 524 
18 9 7 21 3 36 48 4 60 80 2 93 103 6 121 131 9 148 160 9 176 188 8 202 218 8 233 243 6 262 270 2 289 299 1 318 326 15 342 358 9 368 388 4 400 412 16 423 445 14 454 470 6 479 501 
43 2 4 8 1 15 21 4 27 33 5 39 45 2 50 58 3 63 69 6 74 82 4 85 95 3 100 104 3 111 117 1 123 129 3 134 142 2 148 152 5 158 166 6 170 178 3 184 188 4 194 202 4 207 213 1 217 227 6 230 238 6 242 250 2 256 260 3 266 274 6 277 287 5 290 298 1 302 310 4 314 322 1 327 333 4 338 346 5 351 357 3 363 369 4 375 381 4 387 393 2 397 407 4 411 417 8 421 431 2 434 442 4 447 453 4 458 466 2 470 478 3 483 489 6 494 502 2 507 513 
14 6 12 23 8 42 63 7 82 93 12 109 136 10 148 167 20 180 205 22 216 239 12 254 271 8 288 307 1 322 343 3 361 374 14 391 414 15 426 449 4 461 484 
8 7 23 41 11 76 116 5 147 173 3 212 236 26 273 303 13 341 363 27 398 434 1 469 491 
9 19 10 46 23 63 105 6 132 148 15 178 214 18 240 264 31 287 329 22 351 377 1 412 428 2 467 485 
22 12 4 19 5 29 40 9 51 64 4 77 84 2 99 108 4 120 133 7 145 154 3 166 179 2 190 201 2 213 224 8 235 248 3 261 268 5 279 296 5 307 314 1 327 340 12 350 363 6 371 388 3 395 410 8 421 430 6 445 452 3 464 479 9 488 501 
