100 20 6.45
5 4 1 30 2 11 3 15 4 23 4 13 23 14 15 15 20 16 15 4 13 29 14 21 15 16 16 25 4 13 13 14 18 15 24 16 29 4 17 17 18 13 19 24 20 21 
5 4 1 18 2 11 3 16 4 23 4 9 15 10 25 11 17 12 24 12 5 13 6 12 7 18 8 20 9 23 10 22 11 13 12 20 13 10 14 14 15 19 16 24 8 5 11 6 20 7 28 8 29 13 26 14 22 15 20 16 27 4 17 14 18 25 19 10 20 14 
5 4 1 19 2 22 3 24 4 27 8 5 24 6 12 7 15 8 20 13 13 14 19 15 23 16 13 4 9 24 10 10 11 10 12 20 8 5 28 6 28 7 25 8 30 9 16 10 26 11 28 12 12 4 17 13 18 29 19 20 20 28 
5 4 1 21 2 12 3 22 4 10 4 5 24 6 19 7 11 8 18 12 5 12 6 28 7 28 8 16 9 25 10 11 11 12 12 18 13 18 14 30 15 19 16 27 12 5 15 6 19 7 24 8 24 9 24 10 14 11 13 12 19 13 28 14 28 15 29 16 25 4 17 14 18 29 19 16 20 19 
5 4 1 17 2 30 3 20 4 29 4 5 10 6 17 7 16 8 11 12 5 18 6 10 7 13 8 17 9 15 10 27 11 26 12 22 13 11 14 10 15 11 16 13 4 5 21 6 27 7 22 8 22 4 17 27 18 30 19 11 20 27 
5 4 1 22 2 28 3 22 4 19 4 13 20 14 16 15 26 16 14 8 5 25 6 12 7 30 8 30 9 11 10 17 11 11 12 27 12 5 10 6 16 7 23 8 24 9 11 10 15 11 11 12 25 13 15 14 30 15 13 16 14 4 17 21 18 20 19 30 20 18 
5 4 1 12 2 28 3 14 4 18 12 5 26 6 20 7 24 8 20 9 22 10 20 11 13 12 17 13 24 14 15 15 23 16 19 8 5 25 6 17 7 10 8 23 9 26 10 26 11 30 12 26 8 5 15 6 20 7 13 8 15 9 30 10 24 11 27 12 20 4 17 26 18 12 19 10 20 20 
5 4 1 10 2 12 3 13 4 22 12 5 17 6 17 7 21 8 20 9 29 10 16 11 15 12 22 13 24 14 27 15 27 16 25 8 5 30 6 20 7 20 8 26 9 25 10 11 11 17 12 20 8 9 19 10 18 11 26 12 13 13 10 14 12 15 13 16 21 4 17 22 18 13 19 10 20 15 
5 4 1 24 2 17 3 20 4 23 4 13 25 14 19 15 22 16 16 12 5 17 6 12 7 16 8 21 9 21 10 22 11 25 12 20 13 11 14 11 15 18 16 21 4 13 26 14 19 15 16 16 26 4 17 20 18 30 19 13 20 22 
5 4 1 24 2 28 3 10 4 19 12 5 11 6 19 7 17 8 15 9 18 10 29 11 27 12 19 13 15 14 12 15 16 16 10 8 5 16 6 18 7 17 8 16 13 25 14 20 15 17 16 24 12 5 27 6 29 7 27 8 13 9 27 10 17 11 23 12 26 13 19 14 16 15 19 16 23 4 17 22 18 24 19 17 20 24 
5 4 1 24 2 27 3 29 4 24 4 5 16 6 16 7 19 8 25 4 9 14 10 13 11 13 12 19 8 5 25 6 17 7 21 8 15 13 23 14 21 15 27 16 20 4 17 13 18 18 19 11 20 17 
5 4 1 14 2 10 3 14 4 15 12 5 17 6 25 7 10 8 16 9 16 10 24 11 12 12 29 13 27 14 20 15 20 16 14 12 5 19 6 13 7 28 8 12 9 21 10 20 11 21 12 18 13 29 14 25 15 26 16 15 4 9 27 10 13 11 20 12 28 4 17 13 18 12 19 20 20 29 
5 4 1 24 2 11 3 30 4 14 4 13 16 14 22 15 14 16 27 8 5 24 6 10 7 27 8 25 9 25 10 23 11 28 12 27 12 5 18 6 14 7 28 8 14 9 11 10 28 11 21 12 28 13 30 14 14 15 16 16 29 4 17 27 18 13 19 15 20 14 
5 4 1 29 2 26 3 26 4 14 12 5 13 6 20 7 19 8 10 9 30 10 11 11 30 12 29 13 14 14 28 15 17 16 24 8 5 30 6 15 7 12 8 19 9 17 10 22 11 26 12 29 12 5 29 6 16 7 21 8 19 9 13 10 16 11 12 12 12 13 10 14 10 15 23 16 11 4 17 27 18 18 19 25 20 13 
5 4 1 17 2 12 3 19 4 28 4 9 22 10 17 11 30 12 26 12 5 22 6 11 7 10 8 19 9 13 10 16 11 24 12 29 13 28 14 18 15 14 16 11 12 5 28 6 23 7 27 8 13 9 12 10 14 11 27 12 27 13 15 14 22 15 26 16 14 4 17 27 18 22 19 11 20 14 
5 4 1 15 2 14 3 22 4 17 12 5 27 6 13 7 28 8 12 9 29 10 14 11 27 12 14 13 10 14 29 15 15 16 25 12 5 12 6 20 7 24 8 20 9 19 10 23 11 16 12 14 13 22 14 18 15 28 16 16 4 9 27 10 19 11 16 12 27 4 17 17 18 12 19 11 20 29 
5 4 1 24 2 19 3 14 4 13 4 13 11 14 10 15 11 16 25 12 5 23 6 20 7 17 8 21 9 22 10 27 11 12 12 20 13 14 14 13 15 28 16 16 4 9 16 10 10 11 12 12 21 4 17 30 18 30 19 30 20 27 
5 4 1 24 2 30 3 15 4 26 12 5 16 6 26 7 15 8 14 9 17 10 19 11 15 12 29 13 29 14 11 15 19 16 11 12 5 22 6 27 7 16 8 14 9 12 10 25 11 24 12 22 13 28 14 28 15 11 16 13 4 9 16 10 18 11 15 12 27 4 17 19 18 27 19 22 20 26 
5 4 1 14 2 28 3 20 4 10 8 9 19 10 27 11 26 12 14 13 18 14 25 15 22 16 26 8 9 12 10 13 11 10 12 25 13 14 14 26 15 28 16 20 4 9 12 10 26 11 24 12 29 4 17 16 18 10 19 28 20 12 
5 4 1 25 2 14 3 10 4 19 4 5 24 6 24 7 28 8 28 8 5 11 6 28 7 13 8 20 13 20 14 17 15 17 16 14 8 5 14 6 27 7 27 8 16 9 22 10 30 11 20 12 10 4 17 15 18 25 19 11 20 29 
5 4 1 22 2 21 3 21 4 21 12 5 27 6 26 7 20 8 12 9 19 10 24 11 20 12 13 13 20 14 14 15 14 16 18 4 9 15 10 25 11 24 12 25 4 9 26 10 16 11 24 12 13 4 17 17 18 15 19 26 20 29 
5 4 1 19 2 23 3 30 4 18 8 5 13 6 23 7 27 8 30 13 12 14 28 15 30 16 10 8 9 26 10 10 11 27 12 11 13 25 14 15 15 14 16 10 12 5 24 6 24 7 13 8 23 9 16 10 16 11 18 12 13 13 18 14 25 15 28 16 22 4 17 16 18 25 19 25 20 19 
5 4 1 25 2 18 3 27 4 22 8 9 23 10 27 11 18 12 29 13 23 14 14 15 14 16 29 12 5 22 6 27 7 29 8 14 9 18 10 29 11 24 12 23 13 10 14 28 15 15 16 18 4 13 16 14 16 15 20 16 25 4 17 30 18 23 19 24 20 24 
5 4 1 27 2 14 3 30 4 12 8 5 30 6 13 7 13 8 10 13 17 14 21 15 29 16 27 12 5 12 6 21 7 15 8 19 9 18 10 15 11 12 12 20 13 25 14 23 15 22 16 14 8 9 19 10 27 11 10 12 22 13 29 14 12 15 20 16 18 4 17 24 18 16 19 25 20 28 
5 4 1 13 2 18 3 28 4 27 8 5 29 6 13 7 29 8 30 13 12 14 22 15 19 16 28 4 9 25 10 25 11 21 12 17 12 5 11 6 16 7 17 8 16 9 26 10 12 11 23 12 14 13 12 14 11 15 27 16 14 4 17 10 18 25 19 24 20 17 
5 4 1 16 2 26 3 13 4 22 12 5 16 6 15 7 29 8 20 9 12 10 18 11 14 12 12 13 26 14 29 15 12 16 15 8 9 11 10 15 11 19 12 11 13 19 14 29 15 25 16 28 4 5 12 6 12 7 29 8 23 4 17 20 18 30 19 24 20 27 
5 4 1 26 2 10 3 23 4 25 4 5 12 6 26 7 19 8 28 12 5 28 6 19 7 13 8 15 9 24 10 12 11 25 12 21 13 29 14 25 15 24 16 29 12 5 14 6 18 7 21 8 14 9 14 10 25 11 17 12 16 13 22 14 13 15 12 16 19 4 17 24 18 25 19 19 20 26 
5 4 1 13 2 24 3 27 4 20 8 9 15 10 10 11 10 12 15 13 15 14 11 15 12 16 21 12 5 10 6 28 7 13 8 15 9 16 10 25 11 21 12 16 13 16 14 18 15 16 16 14 12 5 14 6 24 7 25 8 17 9 20 10 28 11 15 12 27 13 10 14 16 15 15 16 11 4 17 26 18 19 19 12 20 11 
5 4 1 17 2 12 3 10 4 18 4 13 23 14 11 15 20 16 23 4 13 13 14 22 15 27 16 23 4 5 18 6 27 7 10 8 19 4 17 14 18 30 19 11 20 20 
5 4 1 22 2 23 3 12 4 27 4 9 25 10 10 11 21 12 29 8 9 21 10 29 11 22 12 19 13 24 14 11 15 16 16 28 4 9 26 10 28 11 27 12 29 4 17 28 18 21 19 16 20 11 
5 4 1 17 2 26 3 10 4 18 8 5 28 6 13 7 29 8 21 13 16 14 13 15 19 16 28 12 5 17 6 29 7 25 8 16 9 29 10 29 11 22 12 14 13 23 14 26 15 16 16 20 12 5 10 6 30 7 12 8 14 9 16 10 19 11 13 12 14 13 22 14 12 15 11 16 14 4 17 10 18 22 19 17 20 13 
5 4 1 13 2 21 3 28 4 23 8 5 11 6 28 7 26 8 28 13 11 14 26 15 23 16 29 12 5 14 6 12 7 25 8 16 9 17 10 17 11 17 12 29 13 27 14 27 15 18 16 22 8 5 26 6 30 7 26 8 22 13 29 14 26 15 20 16 12 4 17 25 18 18 19 16 20 30 
5 4 1 13 2 17 3 18 4 26 4 5 17 6 25 7 23 8 26 12 5 30 6 13 7 23 8 13 9 29 10 15 11 16 12 17 13 30 14 28 15 12 16 22 8 5 23 6 15 7 25 8 18 9 14 10 26 11 19 12 15 4 17 27 18 29 19 12 20 27 
5 4 1 26 2 16 3 22 4 27 8 5 26 6 25 7 19 8 15 9 27 10 14 11 15 12 16 8 5 15 6 13 7 16 8 22 9 27 10 22 11 17 12 21 4 9 11 10 28 11 15 12 24 4 17 29 18 22 19 21 20 13 
5 4 1 15 2 24 3 10 4 16 12 5 15 6 14 7 16 8 28 9 17 10 27 11 12 12 10 13 20 14 15 15 11 16 13 8 5 22 6 19 7 21 8 15 13 14 14 10 15 28 16 19 4 9 17 10 11 11 17 12 21 4 17 19 18 27 19 25 20 25 
5 4 1 19 2 19 3 11 4 14 4 5 26 6 25 7 12 8 29 12 5 14 6 20 7 15 8 10 9 24 10 19 11 24 12 15 13 12 14 12 15 25 16 28 12 5 22 6 17 7 30 8 23 9 15 10 18 11 27 12 15 13 23 14 14 15 12 16 27 4 17 27 18 30 19 11 20 25 
5 4 1 20 2 30 3 28 4 16 4 5 24 6 22 7 24 8 27 4 5 28 6 29 7 30 8 16 8 5 29 6 25 7 16 8 20 13 14 14 26 15 19 16 15 4 17 20 18 21 19 11 20 19 
5 4 1 20 2 25 3 16 4 25 12 5 20 6 12 7 10 8 15 9 19 10 14 11 14 12 29 13 15 14 12 15 13 16 21 8 5 24 6 25 7 20 8 23 13 23 14 22 15 21 16 20 4 13 19 14 22 15 24 16 19 4 17 10 18 26 19 28 20 12 
5 4 1 19 2 26 3 18 4 16 12 5 19 6 20 7 21 8 24 9 23 10 12 11 20 12 30 13 29 14 17 15 10 16 12 12 5 17 6 25 7 15 8 20 9 13 10 24 11 14 12 27 13 20 14 20 15 23 16 18 8 5 12 6 17 7 11 8 14 13 20 14 22 15 16 16 23 4 17 10 18 16 19 14 20 27 
5 4 1 29 2 13 3 21 4 23 12 5 13 6 24 7 26 8 27 9 21 10 27 11 25 12 13 13 25 14 17 15 19 16 27 4 9 29 10 26 11 26 12 10 12 5 23 6 14 7 13 8 23 9 24 10 24 11 14 12 19 13 27 14 30 15 16 16 15 4 17 26 18 18 19 22 20 14 
5 4 1 15 2 13 3 19 4 16 12 5 12 6 29 7 11 8 17 9 10 10 14 11 25 12 13 13 15 14 12 15 11 16 11 8 9 20 10 22 11 23 12 22 13 20 14 30 15 25 16 12 4 13 29 14 21 15 27 16 11 4 17 28 18 29 19 12 20 13 
5 4 1 13 2 23 3 28 4 11 4 5 29 6 29 7 19 8 17 12 5 16 6 15 7 13 8 19 9 13 10 26 11 26 12 22 13 10 14 20 15 29 16 17 4 9 20 10 24 11 28 12 21 4 17 24 18 12 19 16 20 26 
5 4 1 10 2 11 3 17 4 25 12 5 19 6 12 7 19 8 18 9 11 10 13 11 22 12 27 13 17 14 19 15 30 16 28 12 5 19 6 12 7 18 8 11 9 21 10 23 11 10 12 13 13 26 14 11 15 28 16 23 8 5 14 6 10 7 27 8 28 9 23 10 30 11 20 12 12 4 17 14 18 16 19 26 20 23 
5 4 1 13 2 18 3 29 4 17 4 13 27 14 20 15 13 16 22 8 9 21 10 11 11 25 12 14 13 14 14 12 15 29 16 16 4 5 28 6 27 7 27 8 11 4 17 11 18 26 19 19 20 18 
5 4 1 11 2 14 3 28 4 11 12 5 22 6 27 7 28 8 13 9 20 10 20 11 30 12 30 13 29 14 23 15 26 16 19 4 13 22 14 28 15 19 16 29 8 5 23 6 14 7 16 8 25 9 22 10 20 11 19 12 25 4 17 27 18 12 19 10 20 23 
5 4 1 16 2 15 3 11 4 13 4 5 12 6 29 7 25 8 19 12 5 28 6 25 7 11 8 14 9 22 10 24 11 15 12 13 13 15 14 16 15 21 16 23 12 5 23 6 13 7 17 8 27 9 24 10 30 11 22 12 18 13 16 14 28 15 30 16 17 4 17 16 18 24 19 19 20 20 
5 4 1 12 2 30 3 24 4 23 8 5 24 6 21 7 24 8 14 9 25 10 21 11 28 12 25 4 13 21 14 11 15 30 16 17 12 5 18 6 30 7 20 8 23 9 23 10 14 11 19 12 15 13 28 14 11 15 30 16 13 4 17 27 18 22 19 24 20 17 
5 4 1 20 2 28 3 18 4 16 4 9 26 10 10 11 28 12 18 8 5 18 6 24 7 18 8 14 9 20 10 12 11 23 12 25 12 5 15 6 10 7 15 8 23 9 16 10 27 11 23 12 25 13 13 14 29 15 12 16 29 4 17 29 18 17 19 26 20 27 
5 4 1 25 2 24 3 14 4 18 12 5 18 6 23 7 18 8 18 9 17 10 22 11 30 12 17 13 23 14 24 15 15 16 13 12 5 26 6 11 7 29 8 26 9 14 10 11 11 21 12 17 13 13 14 19 15 29 16 29 4 5 24 6 29 7 13 8 25 4 17 21 18 12 19 26 20 27 
5 4 1 26 2 20 3 11 4 27 8 5 19 6 12 7 13 8 27 13 19 14 11 15 14 16 28 12 5 23 6 19 7 18 8 21 9 25 10 27 11 30 12 14 13 12 14 11 15 28 16 12 8 9 24 10 28 11 21 12 18 13 27 14 26 15 20 16 22 4 17 11 18 24 19 30 20 23 
5 4 1 18 2 25 3 30 4 22 8 5 28 6 26 7 23 8 18 9 18 10 27 11 11 12 28 12 5 13 6 19 7 11 8 16 9 15 10 19 11 14 12 23 13 20 14 19 15 19 16 24 4 5 27 6 21 7 15 8 30 4 17 22 18 18 19 12 20 30 
5 4 1 23 2 21 3 15 4 23 12 5 21 6 19 7 23 8 16 9 13 10 21 11 22 12 29 13 14 14 13 15 30 16 25 12 5 30 6 19 7 30 8 24 9 22 10 28 11 20 12 17 13 12 14 24 15 16 16 21 4 13 13 14 11 15 21 16 12 4 17 11 18 21 19 11 20 17 
5 4 1 16 2 16 3 12 4 17 8 9 30 10 23 11 30 12 21 13 29 14 25 15 19 16 19 12 5 14 6 15 7 18 8 17 9 14 10 13 11 15 12 17 13 21 14 18 15 15 16 22 4 13 13 14 29 15 26 16 17 4 17 10 18 12 19 24 20 26 
5 4 1 25 2 17 3 12 4 18 4 5 26 6 20 7 18 8 27 8 5 11 6 14 7 12 8 24 9 25 10 27 11 10 12 12 4 9 26 10 15 11 25 12 11 4 17 28 18 14 19 13 20 20 
5 4 1 21 2 18 3 16 4 30 12 5 14 6 26 7 13 8 19 9 24 10 13 11 29 12 11 13 20 14 14 15 16 16 29 4 5 10 6 15 7 22 8 10 4 13 14 14 24 15 29 16 11 4 17 20 18 26 19 12 20 22 
5 4 1 18 2 10 3 23 4 26 4 13 28 14 30 15 24 16 29 8 5 21 6 27 7 26 8 20 13 11 14 12 15 23 16 14 8 5 17 6 13 7 17 8 10 13 14 14 29 15 15 16 27 4 17 17 18 24 19 24 20 13 
5 4 1 17 2 21 3 24 4 13 8 5 29 6 15 7 26 8 17 9 17 10 23 11 21 12 11 4 9 11 10 18 11 25 12 10 8 5 20 6 21 7 17 8 20 9 23 10 27 11 20 12 13 4 17 22 18 25 19 15 20 19 
5 4 1 29 2 21 3 21 4 19 8 5 19 6 21 7 13 8 16 13 22 14 28 15 19 16 15 12 5 29 6 14 7 10 8 21 9 27 10 14 11 13 12 18 13 17 14 22 15 14 16 23 8 5 12 6 30 7 13 8 18 9 16 10 14 11 28 12 23 4 17 12 18 19 19 27 20 18 
5 4 1 15 2 28 3 11 4 25 8 9 23 10 29 11 22 12 26 13 18 14 16 15 28 16 11 8 5 20 6 18 7 25 8 30 13 13 14 26 15 14 16 15 4 5 14 6 18 7 29 8 28 4 17 25 18 13 19 15 20 16 
5 4 1 26 2 21 3 23 4 26 8 9 16 10 24 11 29 12 11 13 10 14 24 15 19 16 25 4 5 29 6 21 7 23 8 30 12 5 29 6 18 7 16 8 25 9 15 10 23 11 14 12 17 13 23 14 30 15 15 16 27 4 17 28 18 24 19 28 20 11 
5 4 1 14 2 20 3 13 4 17 12 5 13 6 24 7 13 8 30 9 25 10 25 11 14 12 28 13 22 14 19 15 29 16 28 4 9 22 10 19 11 29 12 14 8 5 24 6 14 7 22 8 14 9 22 10 19 11 29 12 29 4 17 18 18 29 19 10 20 11 
5 4 1 21 2 20 3 25 4 23 12 5 21 6 11 7 17 8 26 9 20 10 24 11 18 12 10 13 21 14 29 15 17 16 12 12 5 14 6 19 7 10 8 15 9 19 10 22 11 20 12 13 13 13 14 17 15 11 16 25 4 13 13 14 28 15 11 16 26 4 17 30 18 27 19 22 20 13 
5 4 1 29 2 13 3 10 4 14 8 9 13 10 16 11 21 12 20 13 15 14 10 15 14 16 12 12 5 17 6 22 7 23 8 17 9 26 10 18 11 16 12 29 13 19 14 19 15 17 16 27 4 5 30 6 18 7 30 8 16 4 17 27 18 15 19 30 20 24 
5 4 1 10 2 27 3 22 4 24 12 5 14 6 24 7 12 8 18 9 17 10 23 11 22 12 25 13 11 14 19 15 14 16 16 12 5 19 6 17 7 30 8 17 9 27 10 13 11 25 12 18 13 24 14 23 15 18 16 23 12 5 28 6 13 7 15 8 20 9 27 10 17 11 22 12 12 13 30 14 17 15 30 16 18 4 17 10 18 28 19 15 20 29 
5 4 1 27 2 20 3 17 4 16 8 5 30 6 14 7 29 8 12 9 30 10 16 11 10 12 16 8 9 20 10 16 11 20 12 16 13 29 14 10 15 28 16 15 4 13 16 14 14 15 16 16 18 4 17 27 18 29 19 29 20 16 
5 4 1 11 2 14 3 22 4 11 12 5 13 6 27 7 24 8 24 9 20 10 13 11 25 12 20 13 19 14 25 15 15 16 21 8 5 27 6 17 7 16 8 27 9 30 10 25 11 19 12 16 8 9 13 10 15 11 26 12 21 13 14 14 29 15 30 16 12 4 17 18 18 12 19 11 20 24 
5 4 1 20 2 10 3 19 4 29 8 9 13 10 25 11 30 12 13 13 19 14 21 15 30 16 13 12 5 20 6 15 7 15 8 16 9 11 10 28 11 22 12 28 13 12 14 26 15 24 16 28 12 5 26 6 23 7 17 8 19 9 23 10 12 11 15 12 11 13 25 14 15 15 28 16 15 4 17 28 18 29 19 17 20 12 
5 4 1 19 2 17 3 17 4 17 4 13 30 14 12 15 15 16 23 12 5 20 6 20 7 11 8 11 9 20 10 13 11 24 12 30 13 20 14 24 15 13 16 30 4 13 27 14 12 15 14 16 26 4 17 18 18 24 19 12 20 23 
5 4 1 26 2 22 3 30 4 30 8 5 23 6 19 7 24 8 25 9 10 10 29 11 21 12 13 8 5 16 6 12 7 27 8 30 9 13 10 22 11 22 12 29 12 5 20 6 24 7 16 8 18 9 17 10 24 11 23 12 27 13 30 14 20 15 18 16 27 4 17 23 18 16 19 23 20 19 
5 4 1 14 2 30 3 14 4 18 4 9 18 10 25 11 14 12 17 12 5 23 6 16 7 17 8 11 9 21 10 11 11 22 12 28 13 25 14 27 15 26 16 14 8 5 12 6 30 7 28 8 17 13 22 14 17 15 22 16 15 4 17 16 18 25 19 21 20 29 
5 4 1 21 2 27 3 14 4 17 8 5 11 6 27 7 12 8 16 13 24 14 22 15 12 16 20 8 9 16 10 10 11 14 12 14 13 16 14 17 15 15 16 29 4 9 27 10 24 11 15 12 12 4 17 11 18 28 19 18 20 30 
5 4 1 26 2 30 3 16 4 20 12 5 30 6 18 7 17 8 23 9 18 10 20 11 20 12 19 13 19 14 28 15 30 16 17 4 5 11 6 13 7 19 8 28 4 13 26 14 21 15 24 16 26 4 17 11 18 26 19 15 20 28 
5 4 1 14 2 28 3 19 4 25 8 9 25 10 15 11 28 12 26 13 23 14 15 15 14 16 12 8 5 11 6 26 7 15 8 20 13 21 14 18 15 30 16 14 4 9 17 10 13 11 14 12 23 4 17 14 18 23 19 14 20 27 
5 4 1 22 2 26 3 26 4 24 12 5 20 6 23 7 29 8 27 9 29 10 22 11 19 12 12 13 19 14 30 15 26 16 11 4 13 15 14 24 15 15 16 21 4 5 22 6 18 7 22 8 11 4 17 11 18 19 19 11 20 28 
5 4 1 21 2 20 3 30 4 11 12 5 29 6 14 7 17 8 18 9 18 10 13 11 23 12 18 13 26 14 10 15 18 16 18 8 9 29 10 18 11 30 12 24 13 11 14 20 15 22 16 23 12 5 28 6 28 7 17 8 18 9 18 10 24 11 21 12 21 13 12 14 30 15 14 16 25 4 17 23 18 26 19 17 20 13 
5 4 1 26 2 23 3 18 4 30 12 5 17 6 26 7 28 8 15 9 24 10 30 11 15 12 26 13 22 14 18 15 14 16 25 4 13 13 14 13 15 13 16 26 12 5 27 6 27 7 29 8 27 9 15 10 21 11 14 12 16 13 16 14 15 15 10 16 11 4 17 11 18 29 19 10 20 20 
5 4 1 23 2 14 3 26 4 24 4 13 19 14 19 15 19 16 18 12 5 13 6 17 7 30 8 25 9 20 10 10 11 19 12 18 13 30 14 22 15 26 16 17 8 5 10 6 29 7 17 8 21 9 19 10 27 11 26 12 20 4 17 29 18 30 19 13 20 18 
5 4 1 13 2 18 3 21 4 10 8 5 29 6 23 7 27 8 29 9 18 10 26 11 30 12 13 4 9 22 10 15 11 12 12 16 12 5 24 6 26 7 27 8 13 9 17 10 24 11 28 12 17 13 18 14 13 15 24 16 13 4 17 27 18 18 19 17 20 10 
5 4 1 21 2 10 3 25 4 28 8 5 28 6 27 7 14 8 15 9 28 10 22 11 16 12 20 12 5 10 6 30 7 21 8 27 9 24 10 20 11 13 12 15 13 15 14 29 15 30 16 23 12 5 17 6 13 7 15 8 25 9 16 10 21 11 24 12 16 13 30 14 19 15 29 16 12 4 17 30 18 21 19 11 20 13 
5 4 1 28 2 14 3 12 4 14 12 5 15 6 21 7 23 8 30 9 19 10 15 11 13 12 11 13 13 14 16 15 27 16 12 8 9 19 10 26 11 10 12 28 13 27 14 20 15 17 16 15 4 9 12 10 16 11 11 12 16 4 17 16 18 12 19 22 20 11 
5 4 1 17 2 14 3 25 4 30 12 5 30 6 23 7 20 8 18 9 11 10 11 11 29 12 23 13 22 14 27 15 18 16 23 12 5 11 6 10 7 15 8 27 9 17 10 18 11 23 12 21 13 29 14 26 15 20 16 10 8 5 23 6 15 7 10 8 20 13 28 14 24 15 30 16 21 4 17 26 18 29 19 25 20 10 
5 4 1 14 2 17 3 19 4 12 12 5 13 6 26 7 11 8 19 9 24 10 30 11 26 12 14 13 17 14 23 15 19 16 20 12 5 13 6 25 7 17 8 11 9 26 10 29 11 28 12 14 13 14 14 23 15 10 16 19 4 13 13 14 11 15 23 16 30 4 17 26 18 29 19 15 20 13 
5 4 1 26 2 28 3 28 4 26 4 13 19 14 26 15 10 16 15 12 5 11 6 12 7 22 8 21 9 20 10 19 11 27 12 12 13 13 14 10 15 28 16 30 4 5 18 6 24 7 29 8 18 4 17 26 18 10 19 30 20 29 
5 4 1 13 2 13 3 17 4 12 4 9 12 10 27 11 29 12 24 12 5 16 6 17 7 21 8 16 9 14 10 19 11 27 12 24 13 18 14 13 15 13 16 23 4 13 23 14 25 15 27 16 28 4 17 17 18 27 19 17 20 23 
5 4 1 23 2 18 3 18 4 25 12 5 22 6 12 7 29 8 10 9 16 10 23 11 19 12 15 13 14 14 24 15 22 16 21 4 5 15 6 26 7 22 8 30 12 5 23 6 30 7 12 8 12 9 22 10 30 11 29 12 19 13 22 14 30 15 11 16 27 4 17 22 18 28 19 11 20 15 
5 4 1 19 2 16 3 23 4 12 4 9 19 10 15 11 17 12 24 4 13 25 14 24 15 12 16 28 8 5 26 6 17 7 15 8 22 9 21 10 29 11 18 12 22 4 17 30 18 15 19 18 20 10 
5 4 1 14 2 28 3 10 4 16 4 9 14 10 27 11 24 12 13 4 5 17 6 11 7 27 8 26 4 9 28 10 26 11 21 12 14 4 17 26 18 24 19 14 20 13 
5 4 1 24 2 22 3 29 4 27 12 5 15 6 23 7 11 8 14 9 28 10 29 11 18 12 15 13 20 14 10 15 21 16 26 12 5 18 6 19 7 22 8 26 9 17 10 24 11 12 12 21 13 25 14 29 15 13 16 30 8 9 15 10 12 11 29 12 25 13 16 14 14 15 28 16 25 4 17 27 18 16 19 28 20 24 
5 4 1 24 2 23 3 26 4 24 4 13 15 14 19 15 10 16 24 4 13 14 14 15 15 21 16 18 4 9 25 10 30 11 12 12 26 4 17 28 18 19 19 14 20 12 
5 4 1 19 2 28 3 17 4 29 8 5 27 6 30 7 11 8 24 9 11 10 18 11 23 12 25 12 5 27 6 12 7 30 8 12 9 21 10 14 11 28 12 12 13 29 14 22 15 30 16 17 12 5 22 6 26 7 10 8 18 9 25 10 26 11 24 12 30 13 23 14 15 15 11 16 30 4 17 29 18 30 19 13 20 22 
5 4 1 14 2 18 3 20 4 12 8 5 23 6 10 7 30 8 29 9 24 10 11 11 17 12 14 12 5 21 6 11 7 14 8 12 9 24 10 26 11 15 12 19 13 28 14 22 15 26 16 28 4 9 26 10 12 11 29 12 15 4 17 20 18 26 19 26 20 12 
5 4 1 13 2 19 3 25 4 17 4 13 21 14 16 15 17 16 25 4 5 13 6 16 7 20 8 18 12 5 15 6 27 7 22 8 30 9 12 10 16 11 16 12 25 13 19 14 18 15 13 16 14 4 17 10 18 22 19 26 20 18 
5 4 1 15 2 30 3 26 4 25 12 5 27 6 21 7 12 8 15 9 15 10 16 11 24 12 12 13 21 14 20 15 20 16 24 12 5 22 6 20 7 11 8 28 9 10 10 22 11 14 12 20 13 30 14 22 15 29 16 29 12 5 17 6 17 7 15 8 13 9 14 10 17 11 13 12 14 13 18 14 18 15 23 16 27 4 17 22 18 10 19 27 20 23 
5 4 1 14 2 18 3 12 4 15 4 9 14 10 19 11 15 12 10 4 13 15 14 24 15 24 16 17 12 5 14 6 15 7 28 8 17 9 18 10 29 11 21 12 25 13 30 14 10 15 24 16 12 4 17 15 18 30 19 24 20 17 
5 4 1 26 2 21 3 28 4 25 4 5 19 6 27 7 26 8 25 12 5 25 6 17 7 29 8 15 9 21 10 30 11 15 12 30 13 28 14 19 15 30 16 30 8 9 14 10 21 11 13 12 25 13 29 14 25 15 11 16 30 4 17 17 18 23 19 17 20 14 
5 4 1 17 2 14 3 30 4 25 4 9 12 10 23 11 16 12 15 8 9 26 10 19 11 25 12 23 13 14 14 20 15 27 16 21 4 13 27 14 24 15 14 16 19 4 17 18 18 19 19 10 20 15 
5 4 1 17 2 18 3 21 4 13 12 5 26 6 10 7 19 8 29 9 16 10 26 11 22 12 22 13 19 14 20 15 17 16 13 8 5 12 6 21 7 24 8 27 9 10 10 10 11 17 12 19 4 13 15 14 21 15 20 16 25 4 17 25 18 30 19 22 20 30 
5 4 1 12 2 11 3 11 4 24 8 5 13 6 27 7 18 8 15 13 22 14 19 15 24 16 19 4 13 29 14 19 15 28 16 12 8 5 10 6 25 7 14 8 11 13 18 14 25 15 10 16 27 4 17 16 18 22 19 16 20 11 
5 4 1 26 2 25 3 25 4 26 12 5 26 6 11 7 12 8 17 9 21 10 18 11 30 12 12 13 10 14 21 15 30 16 25 12 5 10 6 10 7 25 8 14 9 20 10 14 11 12 12 11 13 30 14 13 15 28 16 20 12 5 16 6 25 7 12 8 11 9 12 10 19 11 28 12 24 13 15 14 15 15 11 16 11 4 17 10 18 18 19 29 20 14 
5 4 1 19 2 16 3 21 4 10 4 13 22 14 10 15 23 16 21 8 5 11 6 21 7 24 8 20 9 23 10 13 11 18 12 12 8 5 12 6 18 7 30 8 22 13 15 14 17 15 29 16 14 4 17 28 18 23 19 18 20 25 
22 1 3 20 12 26 43 11 49 66 12 74 87 1 98 109 8 119 134 10 142 157 8 165 180 9 189 202 5 212 225 5 232 251 7 257 272 3 281 294 1 305 316 4 324 343 7 351 362 8 373 386 6 397 408 8 420 431 4 444 453 4 463 480 2 489 500 
12 4 14 28 7 49 77 6 97 113 10 137 157 5 182 196 7 222 240 1 261 285 7 306 324 6 349 365 9 392 406 8 426 456 7 468 498 
16 15 5 27 10 37 59 16 68 92 8 104 120 10 134 154 13 164 188 18 198 218 1 235 245 3 267 277 3 294 314 15 327 345 8 362 374 2 391 409 10 422 442 3 458 470 5 490 502 
18 4 6 22 12 31 53 1 61 79 6 91 105 9 116 136 4 149 159 13 171 193 4 206 214 2 229 247 6 256 276 9 288 300 6 315 329 10 343 357 3 373 383 16 397 415 3 425 443 16 452 472 7 482 498 
19 5 7 18 10 28 47 11 53 72 1 81 94 10 105 120 2 132 143 2 153 172 3 183 192 1 208 217 5 230 245 9 254 271 8 281 294 8 307 318 4 330 345 8 354 371 4 380 395 1 404 421 12 430 445 9 453 472 
47 4 1 10 2 14 19 4 23 32 2 35 42 4 46 53 3 58 63 1 68 75 4 78 87 6 89 98 4 100 109 1 111 120 2 124 129 3 134 141 3 146 151 2 157 162 3 168 173 1 178 185 1 189 196 1 202 205 3 211 218 3 223 228 3 234 239 2 243 252 5 255 262 7 265 274 3 278 283 4 289 294 7 298 307 3 311 316 2 322 327 1 331 340 1 344 349 3 354 361 1 365 372 4 375 384 2 387 394 4 397 406 7 408 417 4 421 426 3 432 437 4 443 448 2 453 460 7 463 472 4 475 482 4 486 493 1 497 504 3 509 514 
29 1 4 13 1 22 29 3 37 48 1 56 63 6 70 83 3 89 98 3 104 117 5 123 132 1 141 148 4 156 167 7 173 184 3 189 202 2 209 216 10 223 236 5 243 250 3 257 270 2 278 283 7 292 303 5 309 320 6 325 338 1 346 351 9 360 371 5 379 386 2 393 406 1 413 420 2 428 439 5 445 456 6 463 472 2 480 489 
27 7 5 13 6 23 31 10 38 52 2 57 69 4 76 86 2 94 104 9 110 124 10 129 141 3 150 156 6 167 175 4 186 192 1 202 212 1 222 228 4 239 247 5 258 264 3 276 282 2 291 303 4 312 318 6 327 339 10 345 357 2 363 375 2 383 391 9 398 412 4 420 426 3 438 444 3 455 463 5 474 480 
36 6 3 11 4 17 25 6 31 39 1 44 54 6 57 69 5 73 81 9 86 96 1 99 111 4 114 124 9 128 138 1 143 151 2 157 165 4 172 178 2 183 195 8 198 208 6 213 221 2 226 236 2 242 248 4 255 263 8 267 279 6 283 291 4 297 305 3 312 318 4 326 332 1 339 347 5 352 362 4 366 376 9 379 391 5 394 404 4 409 417 1 424 430 1 437 445 1 453 457 6 465 473 4 479 487 4 492 502 
3 48 34 136 34 212 298 80 374 476 
44 3 2 10 4 13 23 1 27 33 1 40 44 5 49 59 1 63 69 3 75 81 1 86 94 6 98 106 2 112 116 2 122 130 6 134 142 2 145 155 4 158 166 2 172 176 3 183 189 3 196 200 1 207 213 1 220 224 1 229 239 1 243 249 1 255 261 5 265 275 4 277 287 2 291 297 4 302 310 2 314 322 1 327 333 3 340 344 3 352 356 1 364 368 2 376 380 4 387 393 1 397 407 7 410 418 5 423 429 4 435 441 1 448 452 6 457 467 7 470 478 1 483 489 4 495 501 1 508 512 3 518 526 
18 4 9 19 1 34 50 6 62 78 1 89 107 1 116 136 13 146 162 15 171 193 4 205 215 4 233 243 4 258 274 1 288 300 5 316 328 8 345 355 3 373 383 4 401 411 6 425 443 10 456 468 1 486 494 
35 2 2 13 2 19 26 7 32 43 1 50 55 6 64 71 1 80 85 6 93 102 7 108 117 3 124 131 2 140 145 7 153 162 4 170 175 3 183 192 2 199 206 11 211 224 4 228 237 1 244 251 9 257 268 3 272 283 4 289 296 1 302 313 5 318 327 3 334 341 9 347 358 2 362 373 7 378 387 1 392 403 7 408 417 2 424 431 9 437 448 7 452 463 3 468 477 3 483 492 5 498 507 2 515 520 
42 1 4 8 3 15 21 2 27 33 1 39 45 1 51 57 6 62 70 2 75 81 3 85 95 1 97 107 2 110 118 3 124 128 8 133 143 2 148 152 1 159 165 6 170 178 4 182 190 3 195 201 4 206 214 1 220 224 6 230 238 2 243 249 4 255 261 1 265 275 2 278 286 1 292 296 1 303 309 3 314 322 4 327 333 1 339 345 5 350 358 5 362 370 7 373 383 1 387 393 2 400 404 5 410 418 2 423 429 2 436 440 3 448 452 6 458 466 6 470 478 6 481 491 3 496 500 
31 1 5 12 3 20 31 3 38 47 2 54 65 6 73 80 2 90 97 1 105 116 3 123 132 1 141 148 3 157 166 5 173 184 8 190 201 1 208 217 5 225 234 5 243 250 3 259 268 1 275 286 3 293 302 5 309 320 10 326 337 2 346 351 7 360 371 2 379 386 7 395 404 8 410 423 1 427 440 6 446 455 9 461 474 1 481 488 10 496 507 3 515 522 
37 1 2 13 2 19 26 4 34 41 2 47 58 3 61 74 3 77 88 2 93 102 6 107 118 6 123 132 3 139 146 2 153 162 8 167 178 1 185 190 3 198 207 4 214 221 4 229 236 3 243 252 10 257 268 2 275 280 1 289 296 2 304 311 3 319 326 10 332 343 4 350 355 8 362 373 10 376 389 7 391 404 2 410 415 4 425 430 7 437 448 4 453 462 2 469 476 3 485 490 6 498 507 1 514 521 6 528 537 5 543 552 
2 66 92 165 96 330 441 
18 5 6 25 17 34 59 12 68 87 14 100 117 1 128 151 14 159 182 12 192 211 11 225 240 11 256 271 12 287 302 10 316 335 3 349 364 15 376 399 9 413 424 10 441 458 20 469 492 3 507 516 18 532 553 
11 10 8 35 4 57 72 14 99 116 7 144 157 14 181 206 10 230 243 10 270 289 21 310 335 19 353 378 10 401 416 1 442 461 
17 9 9 21 12 35 55 5 66 84 8 96 114 8 129 141 2 159 171 8 188 202 4 215 235 3 248 262 9 278 292 11 308 322 4 338 352 18 363 387 1 400 410 3 424 446 6 455 475 8 485 505 
