50 20 6.45
5 4 1 24 2 21 3 23 4 24 12 5 12 6 27 7 20 8 11 9 11 10 26 11 27 12 14 13 27 14 16 15 28 16 12 4 5 13 6 20 7 21 8 10 12 5 21 6 30 7 14 8 26 9 10 10 22 11 15 12 29 13 18 14 16 15 15 16 15 4 17 11 18 13 19 17 20 12 
5 4 1 10 2 22 3 17 4 17 12 5 26 6 10 7 22 8 13 9 25 10 18 11 29 12 29 13 17 14 16 15 15 16 29 8 5 29 6 21 7 22 8 15 13 29 14 24 15 12 16 18 12 5 18 6 24 7 10 8 20 9 24 10 20 11 12 12 18 13 28 14 12 15 16 16 15 4 17 22 18 23 19 25 20 29 
5 4 1 13 2 20 3 14 4 18 12 5 28 6 18 7 20 8 20 9 10 10 30 11 28 12 29 13 18 14 22 15 19 16 28 12 5 21 6 30 7 28 8 30 9 27 10 13 11 21 12 20 13 16 14 19 15 12 16 30 8 5 22 6 19 7 27 8 28 13 13 14 17 15 21 16 18 4 17 30 18 11 19 10 20 28 
5 4 1 26 2 21 3 30 4 12 12 5 10 6 11 7 10 8 10 9 26 10 28 11 23 12 15 13 30 14 10 15 16 16 15 8 5 18 6 29 7 24 8 10 9 15 10 15 11 23 12 11 4 5 21 6 11 7 29 8 17 4 17 23 18 29 19 15 20 27 
5 4 1 27 2 15 3 16 4 28 8 9 26 10 25 11 29 12 21 13 30 14 14 15 15 16 17 8 9 24 10 30 11 27 12 17 13 30 14 16 15 26 16 28 8 5 15 6 12 7 15 8 15 9 25 10 17 11 21 12 13 4 17 25 18 30 19 27 20 27 
5 4 1 29 2 11 3 20 4 18 12 5 19 6 24 7 11 8 13 9 10 10 10 11 29 12 25 13 24 14 26 15 26 16 15 4 13 10 14 25 15 21 16 30 8 5 26 6 23 7 28 8 26 13 16 14 15 15 13 16 15 4 17 30 18 19 19 14 20 23 
5 4 1 10 2 20 3 18 4 28 12 5 28 6 16 7 18 8 25 9 24 10 13 11 25 12 28 13 20 14 19 15 11 16 28 12 5 14 6 25 7 19 8 12 9 21 10 13 11 11 12 13 13 10 14 15 15 16 16 26 12 5 24 6 19 7 11 8 14 9 17 10 30 11 23 12 19 13 20 14 18 15 25 16 29 4 17 27 18 29 19 10 20 16 
5 4 1 30 2 22 3 17 4 12 8 5 13 6 30 7 20 8 15 13 23 14 10 15 17 16 14 4 13 17 14 14 15 21 16 23 4 9 26 10 28 11 27 12 15 4 17 10 18 23 19 11 20 27 
5 4 1 30 2 17 3 17 4 25 4 9 28 10 29 11 21 12 26 8 5 18 6 19 7 21 8 30 13 14 14 26 15 18 16 30 8 9 17 10 25 11 15 12 25 13 13 14 11 15 27 16 27 4 17 28 18 19 19 12 20 10 
5 4 1 15 2 12 3 28 4 22 4 5 27 6 27 7 28 8 12 12 5 12 6 24 7 27 8 18 9 20 10 25 11 29 12 19 13 19 14 24 15 14 16 24 8 9 16 10 29 11 25 12 30 13 27 14 21 15 26 16 12 4 17 13 18 28 19 16 20 24 
5 4 1 26 2 13 3 30 4 20 8 9 19 10 29 11 16 12 25 13 11 14 11 15 21 16 27 8 5 14 6 24 7 23 8 12 9 17 10 24 11 21 12 26 8 5 13 6 17 7 26 8 12 13 24 14 13 15 23 16 28 4 17 25 18 23 19 14 20 20 
5 4 1 22 2 12 3 13 4 14 8 5 12 6 20 7 14 8 14 13 15 14 11 15 14 16 21 8 5 20 6 27 7 19 8 10 9 29 10 11 11 13 12 22 8 9 23 10 12 11 28 12 25 13 22 14 26 15 24 16 16 4 17 10 18 10 19 18 20 24 
5 4 1 24 2 12 3 29 4 28 4 5 26 6 24 7 11 8 10 8 5 16 6 16 7 25 8 14 9 10 10 28 11 21 12 27 8 5 10 6 26 7 14 8 20 9 28 10 10 11 13 12 27 4 17 28 18 29 19 28 20 19 
5 4 1 27 2 30 3 18 4 26 8 5 23 6 26 7 10 8 24 13 14 14 27 15 26 16 27 12 5 12 6 12 7 25 8 27 9 27 10 17 11 27 12 12 13 14 14 25 15 24 16 30 8 9 28 10 25 11 11 12 10 13 17 14 10 15 19 16 18 4 17 14 18 20 19 14 20 23 
5 4 1 12 2 21 3 30 4 11 12 5 23 6 25 7 22 8 14 9 12 10 22 11 10 12 25 13 25 14 17 15 14 16 15 4 5 20 6 17 7 15 8 20 8 5 26 6 26 7 10 8 21 9 17 10 22 11 25 12 20 4 17 23 18 27 19 30 20 13 
5 4 1 18 2 21 3 25 4 14 8 5 29 6 20 7 20 8 28 13 15 14 20 15 10 16 24 8 5 19 6 30 7 27 8 23 13 27 14 25 15 23 16 22 12 5 16 6 20 7 25 8 24 9 30 10 13 11 18 12 14 13 19 14 12 15 20 16 29 4 17 21 18 19 19 27 20 21 
5 4 1 10 2 19 3 21 4 13 4 9 15 10 22 11 23 12 13 4 5 19 6 19 7 11 8 15 12 5 25 6 10 7 17 8 23 9 20 10 12 11 18 12 27 13 26 14 26 15 12 16 14 4 17 25 18 24 19 23 20 24 
5 4 1 26 2 22 3 25 4 19 4 9 10 10 30 11 16 12 17 12 5 13 6 20 7 22 8 14 9 16 10 18 11 21 12 20 13 19 14 22 15 22 16 21 8 9 23 10 17 11 10 12 30 13 30 14 16 15 29 16 27 4 17 22 18 16 19 25 20 23 
5 4 1 30 2 11 3 17 4 30 4 5 22 6 17 7 29 8 26 12 5 12 6 15 7 15 8 29 9 12 10 14 11 26 12 22 13 23 14 20 15 19 16 12 4 5 17 6 17 7 24 8 14 4 17 30 18 13 19 10 20 18 
5 4 1 18 2 26 3 14 4 13 8 5 29 6 15 7 18 8 12 13 30 14 21 15 23 16 11 8 9 19 10 23 11 16 12 26 13 16 14 26 15 17 16 30 8 5 13 6 22 7 26 8 28 9 12 10 11 11 11 12 20 4 17 13 18 20 19 29 20 15 
5 4 1 22 2 21 3 17 4 17 8 5 21 6 13 7 30 8 17 13 10 14 28 15 14 16 17 12 5 10 6 11 7 20 8 26 9 30 10 29 11 10 12 12 13 26 14 11 15 12 16 22 8 5 13 6 12 7 20 8 20 9 22 10 30 11 24 12 30 4 17 14 18 10 19 20 20 18 
5 4 1 18 2 14 3 28 4 28 4 5 30 6 26 7 19 8 17 12 5 30 6 28 7 24 8 23 9 20 10 10 11 22 12 11 13 17 14 22 15 14 16 14 12 5 12 6 30 7 16 8 21 9 30 10 16 11 13 12 12 13 22 14 19 15 30 16 14 4 17 12 18 19 19 10 20 16 
5 4 1 12 2 28 3 22 4 24 4 13 22 14 17 15 15 16 17 8 5 21 6 19 7 25 8 20 13 11 14 29 15 12 16 22 12 5 12 6 17 7 16 8 15 9 10 10 28 11 15 12 16 13 28 14 20 15 15 16 30 4 17 24 18 24 19 30 20 29 
5 4 1 10 2 25 3 10 4 12 8 5 21 6 24 7 13 8 26 9 28 10 30 11 30 12 24 8 5 11 6 11 7 29 8 15 9 22 10 30 11 19 12 22 4 5 15 6 19 7 15 8 21 4 17 29 18 30 19 10 20 15 
5 4 1 27 2 25 3 22 4 18 12 5 14 6 24 7 23 8 22 9 25 10 29 11 25 12 26 13 26 14 25 15 26 16 27 8 9 22 10 17 11 23 12 22 13 14 14 18 15 12 16 23 12 5 27 6 18 7 23 8 29 9 19 10 20 11 12 12 27 13 26 14 27 15 24 16 30 4 17 29 18 17 19 29 20 12 
5 4 1 29 2 21 3 18 4 15 4 13 25 14 25 15 11 16 23 12 5 27 6 23 7 30 8 20 9 13 10 26 11 29 12 13 13 10 14 19 15 24 16 30 4 9 26 10 15 11 13 12 19 4 17 19 18 15 19 28 20 13 
5 4 1 12 2 15 3 26 4 16 4 9 19 10 27 11 24 12 21 8 9 13 10 14 11 24 12 28 13 15 14 15 15 25 16 17 4 5 22 6 10 7 20 8 26 4 17 19 18 14 19 19 20 27 
5 4 1 20 2 29 3 25 4 10 4 5 10 6 24 7 13 8 30 8 9 29 10 11 11 16 12 26 13 28 14 16 15 12 16 18 4 5 26 6 19 7 10 8 15 4 17 15 18 13 19 22 20 16 
5 4 1 15 2 23 3 14 4 21 12 5 12 6 14 7 14 8 23 9 19 10 25 11 28 12 23 13 29 14 25 15 24 16 28 8 9 29 10 29 11 22 12 27 13 24 14 14 15 22 16 12 8 5 17 6 26 7 27 8 25 9 16 10 17 11 20 12 12 4 17 30 18 11 19 11 20 26 
5 4 1 10 2 25 3 23 4 21 4 13 23 14 25 15 21 16 14 8 5 11 6 27 7 20 8 24 9 21 10 24 11 10 12 28 4 5 17 6 20 7 24 8 11 4 17 22 18 18 19 30 20 30 
5 4 1 12 2 15 3 29 4 24 4 5 29 6 28 7 17 8 12 8 9 22 10 15 11 28 12 13 13 21 14 18 15 13 16 29 4 9 11 10 25 11 12 12 10 4 17 22 18 11 19 20 20 19 
5 4 1 30 2 16 3 28 4 26 12 5 20 6 25 7 13 8 17 9 11 10 15 11 23 12 18 13 14 14 10 15 18 16 24 12 5 16 6 22 7 17 8 22 9 22 10 17 11 20 12 11 13 25 14 19 15 25 16 29 12 5 16 6 16 7 18 8 10 9 29 10 25 11 22 12 21 13 24 14 14 15 20 16 12 4 17 17 18 11 19 24 20 28 
5 4 1 17 2 16 3 30 4 11 8 9 30 10 14 11 24 12 28 13 28 14 10 15 13 16 14 12 5 17 6 19 7 11 8 25 9 19 10 27 11 21 12 13 13 21 14 23 15 26 16 22 12 5 15 6 10 7 15 8 13 9 10 10 24 11 12 12 27 13 13 14 15 15 25 16 15 4 17 15 18 15 19 17 20 11 
5 4 1 20 2 17 3 25 4 23 4 9 13 10 20 11 18 12 23 4 13 27 14 14 15 29 16 18 8 9 10 10 21 11 24 12 13 13 13 14 16 15 13 16 22 4 17 11 18 20 19 23 20 19 
5 4 1 22 2 27 3 24 4 18 8 5 20 6 23 7 19 8 28 13 20 14 15 15 30 16 23 12 5 12 6 29 7 25 8 12 9 22 10 21 11 10 12 20 13 11 14 15 15 18 16 20 12 5 10 6 26 7 16 8 30 9 21 10 29 11 21 12 24 13 13 14 30 15 18 16 26 4 17 20 18 29 19 14 20 27 
5 4 1 12 2 21 3 21 4 25 8 5 11 6 22 7 20 8 27 13 15 14 14 15 23 16 24 12 5 14 6 19 7 23 8 25 9 10 10 23 11 19 12 17 13 18 14 25 15 19 16 21 8 5 24 6 12 7 22 8 12 9 21 10 15 11 22 12 17 4 17 26 18 11 19 26 20 11 
5 4 1 19 2 29 3 20 4 12 8 5 19 6 30 7 28 8 28 13 10 14 10 15 25 16 21 8 9 27 10 20 11 16 12 19 13 23 14 28 15 21 16 13 8 5 21 6 15 7 27 8 27 13 12 14 26 15 24 16 13 4 17 29 18 25 19 29 20 23 
5 4 1 24 2 22 3 11 4 12 8 5 23 6 12 7 12 8 17 9 23 10 28 11 17 12 10 12 5 12 6 22 7 28 8 17 9 30 10 18 11 18 12 20 13 26 14 14 15 12 16 21 12 5 20 6 10 7 10 8 15 9 10 10 28 11 26 12 25 13 23 14 24 15 29 16 17 4 17 23 18 30 19 24 20 24 
5 4 1 21 2 27 3 11 4 19 4 5 27 6 23 7 27 8 11 4 9 27 10 26 11 30 12 23 8 5 21 6 13 7 24 8 21 13 13 14 17 15 17 16 22 4 17 30 18 16 19 13 20 26 
5 4 1 25 2 16 3 19 4 15 8 5 30 6 22 7 14 8 10 9 22 10 11 11 10 12 29 12 5 25 6 15 7 13 8 28 9 27 10 24 11 21 12 13 13 21 14 10 15 13 16 27 8 5 11 6 20 7 23 8 14 13 13 14 24 15 19 16 19 4 17 28 18 28 19 26 20 27 
5 4 1 29 2 23 3 28 4 23 4 5 20 6 10 7 29 8 23 8 9 24 10 30 11 13 12 19 13 27 14 10 15 24 16 26 4 9 11 10 19 11 12 12 27 4 17 14 18 17 19 24 20 24 
5 4 1 28 2 29 3 28 4 27 12 5 25 6 18 7 25 8 13 9 19 10 15 11 19 12 23 13 11 14 19 15 19 16 25 8 5 16 6 26 7 11 8 25 9 28 10 17 11 17 12 20 8 5 18 6 21 7 23 8 25 9 12 10 30 11 27 12 10 4 17 14 18 26 19 22 20 27 
5 4 1 19 2 23 3 20 4 29 12 5 18 6 27 7 17 8 18 9 27 10 29 11 20 12 14 13 29 14 10 15 23 16 13 4 13 21 14 25 15 12 16 23 12 5 24 6 25 7 24 8 19 9 27 10 14 11 20 12 28 13 13 14 13 15 12 16 15 4 17 19 18 23 19 13 20 10 
5 4 1 29 2 27 3 13 4 21 4 9 23 10 13 11 15 12 16 8 5 13 6 18 7 27 8 10 9 30 10 11 11 25 12 23 4 9 14 10 24 11 15 12 10 4 17 15 18 24 19 12 20 17 
5 4 1 23 2 23 3 12 4 27 12 5 13 6 20 7 29 8 11 9 20 10 26 11 25 12 23 13 28 14 19 15 30 16 19 8 5 18 6 15 7 29 8 18 13 13 14 12 15 17 16 17 12 5 11 6 11 7 13 8 27 9 21 10 30 11 21 12 12 13 14 14 18 15 21 16 10 4 17 12 18 27 19 23 20 24 
5 4 1 23 2 24 3 10 4 29 8 5 15 6 23 7 11 8 14 13 22 14 15 15 13 16 22 12 5 11 6 11 7 22 8 13 9 11 10 25 11 20 12 27 13 26 14 21 15 23 16 18 4 13 25 14 17 15 27 16 28 4 17 28 18 11 19 25 20 12 
5 4 1 19 2 24 3 13 4 25 4 9 29 10 11 11 20 12 25 4 5 21 6 15 7 18 8 16 4 5 30 6 22 7 28 8 18 4 17 22 18 17 19 29 20 22 
5 4 1 16 2 30 3 26 4 11 12 5 21 6 28 7 12 8 30 9 30 10 12 11 17 12 24 13 10 14 24 15 17 16 22 12 5 26 6 14 7 30 8 27 9 14 10 23 11 28 12 26 13 29 14 21 15 19 16 27 4 5 29 6 21 7 24 8 27 4 17 23 18 20 19 23 20 25 
5 4 1 26 2 17 3 20 4 25 8 5 12 6 30 7 23 8 29 9 29 10 15 11 29 12 25 12 5 25 6 14 7 18 8 10 9 13 10 15 11 15 12 22 13 11 14 10 15 13 16 28 4 13 12 14 25 15 30 16 26 4 17 27 18 13 19 14 20 24 
5 4 1 10 2 13 3 18 4 14 8 9 26 10 12 11 27 12 28 13 25 14 11 15 21 16 20 4 9 30 10 21 11 25 12 20 8 9 30 10 28 11 13 12 30 13 12 14 22 15 17 16 14 4 17 19 18 15 19 15 20 15 
5 26 7 45 5 70 86 1 112 148 14 171 193 8 225 243 
12 4 6 16 7 24 42 1 47 63 5 69 85 1 91 107 12 114 128 5 136 150 4 156 174 8 181 193 7 201 217 13 223 239 6 248 258 
12 8 5 17 10 27 39 8 50 60 9 71 83 11 90 108 2 117 125 5 139 147 1 161 169 4 182 192 2 202 216 1 224 238 13 244 262 
9 8 6 22 8 37 47 12 63 77 13 88 108 1 121 131 3 148 160 4 177 187 1 202 218 4 229 247 
21 1 3 11 6 17 25 6 30 40 3 44 54 2 58 68 5 72 82 4 88 94 5 101 109 4 114 124 1 130 136 2 143 151 3 155 167 4 172 178 4 184 194 7 199 207 7 213 221 2 225 237 2 240 250 5 255 263 3 270 276 3 283 291 
7 6 8 32 3 52 68 12 93 107 19 125 155 10 173 187 10 211 229 2 254 266 
10 10 4 25 5 36 51 5 67 78 10 95 108 14 121 140 13 150 169 6 177 200 1 213 222 5 238 255 2 269 282 
6 26 6 39 20 54 81 14 98 127 1 141 174 4 195 210 5 239 256 
13 2 5 15 1 26 34 11 44 56 5 67 73 7 85 95 8 103 117 3 125 135 8 143 157 9 163 177 9 183 197 4 203 217 7 224 236 2 243 257 
22 2 3 9 5 14 22 5 26 34 1 38 46 1 51 57 5 62 70 1 76 80 6 86 94 3 99 105 3 109 119 3 124 128 2 136 140 2 148 152 1 160 164 2 171 177 1 181 191 4 194 202 3 208 212 2 220 224 2 232 236 5 242 250 1 256 260 
5 10 17 33 15 59 91 31 107 143 3 165 185 11 218 232 
7 8 13 24 5 44 67 1 87 98 11 122 137 11 159 174 15 194 213 18 230 251 
9 5 7 18 10 31 44 13 55 70 13 79 96 11 106 119 5 130 145 6 158 167 6 182 193 5 204 221 
6 21 4 31 12 42 63 4 82 93 9 111 134 5 147 168 5 182 203 
9 7 6 19 4 30 45 1 58 67 7 82 93 18 103 122 4 132 143 9 153 172 14 179 196 2 208 217 
7 3 10 25 8 40 65 18 75 100 3 112 133 2 150 165 4 183 202 6 221 234 
2 54 28 105 21 171 228 
7 2 10 26 6 49 59 10 77 103 3 115 137 3 150 174 5 190 206 4 229 239 
6 1 7 35 25 48 78 10 91 119 4 135 159 14 181 197 5 225 237 
12 1 7 15 2 27 39 10 47 63 14 69 85 11 91 107 4 117 125 4 139 147 2 162 168 6 183 191 1 205 213 12 223 239 6 245 261 
