100 40 12.71
5 4 1 13 2 20 3 21 4 12 12 9 12 10 14 11 11 12 22 13 27 14 23 15 12 16 23 33 14 34 15 35 17 36 14 32 5 22 6 12 7 10 8 27 9 28 10 12 11 30 12 21 13 30 14 29 15 15 16 21 17 20 18 27 19 16 20 21 21 30 22 16 23 27 24 20 25 25 26 28 27 13 28 30 29 29 30 21 31 10 32 18 33 10 34 17 35 21 36 15 32 5 20 6 29 7 16 8 14 9 11 10 11 11 12 12 27 13 25 14 25 15 19 16 14 17 22 18 23 19 23 20 30 21 16 22 29 23 28 24 23 25 17 26 16 27 10 28 12 29 15 30 11 31 27 32 29 33 27 34 29 35 29 36 10 4 37 10 38 15 39 21 40 14 
5 4 1 14 2 29 3 17 4 24 12 5 24 6 26 7 12 8 15 21 24 22 14 23 25 24 10 29 15 30 20 31 19 32 13 24 5 19 6 15 7 25 8 19 9 10 10 27 11 12 12 27 13 17 14 18 15 15 16 22 21 15 22 10 23 13 24 14 29 11 30 25 31 12 32 30 33 28 34 25 35 20 36 14 8 25 27 26 30 27 24 28 30 33 10 34 15 35 28 36 23 4 37 17 38 16 39 11 40 19 
5 4 1 27 2 27 3 15 4 17 20 13 18 14 26 15 11 16 22 17 26 18 27 19 23 20 15 21 30 22 12 23 16 24 20 25 26 26 12 27 20 28 30 29 25 30 30 31 27 32 20 24 5 27 6 22 7 19 8 19 9 16 10 18 11 23 12 20 13 22 14 13 15 26 16 30 17 15 18 15 19 29 20 18 21 11 22 20 23 11 24 11 25 13 26 25 27 25 28 28 28 5 30 6 23 7 23 8 19 9 25 10 14 11 22 12 12 13 12 14 17 15 11 16 24 17 17 18 22 19 29 20 23 25 23 26 25 27 16 28 29 29 27 30 30 31 24 32 13 33 25 34 13 35 14 36 28 4 37 15 38 27 39 27 40 21 
5 4 1 11 2 15 3 29 4 22 32 5 11 6 11 7 10 8 30 9 29 10 11 11 28 12 12 13 17 14 14 15 16 16 26 17 11 18 15 19 28 20 11 21 18 22 29 23 23 24 13 25 11 26 26 27 11 28 28 29 21 30 29 31 26 32 13 33 20 34 11 35 11 36 26 20 9 17 10 29 11 30 12 15 21 10 22 16 23 27 24 27 25 28 26 19 27 22 28 24 29 17 30 22 31 14 32 13 33 16 34 19 35 28 36 26 16 9 12 10 29 11 24 12 16 21 18 22 30 23 19 24 24 29 19 30 26 31 21 32 22 33 27 34 29 35 11 36 20 4 37 16 38 27 39 10 40 19 
5 4 1 30 2 14 3 23 4 25 20 9 23 10 15 11 18 12 20 13 12 14 24 15 21 16 25 17 26 18 18 19 22 20 22 25 18 26 29 27 22 28 16 29 21 30 23 31 22 32 24 16 5 25 6 11 7 14 8 17 9 20 10 24 11 30 12 18 17 12 18 24 19 25 20 15 33 23 34 30 35 20 36 14 28 5 19 6 11 7 15 8 26 9 21 10 26 11 10 12 17 13 29 14 17 15 23 16 14 17 14 18 28 19 15 20 26 21 21 22 23 23 29 24 17 25 18 26 21 27 11 28 19 33 24 34 21 35 29 36 23 4 37 20 38 23 39 24 40 30 
5 4 1 16 2 20 3 14 4 23 4 33 22 34 24 35 23 36 22 4 25 28 26 22 27 11 28 24 32 5 25 6 18 7 16 8 17 9 30 10 20 11 20 12 13 13 28 14 18 15 22 16 10 17 21 18 20 19 11 20 18 21 25 22 15 23 26 24 17 25 26 26 28 27 28 28 18 29 30 30 29 31 10 32 15 33 30 34 14 35 20 36 14 4 37 30 38 22 39 26 40 20 
5 4 1 14 2 15 3 18 4 27 32 5 11 6 30 7 14 8 29 9 11 10 25 11 23 12 15 13 28 14 27 15 11 16 15 17 24 18 19 19 11 20 24 21 12 22 10 23 21 24 23 25 20 26 20 27 28 28 10 29 18 30 22 31 13 32 11 33 27 34 17 35 17 36 29 4 25 27 26 27 27 20 28 20 12 21 16 22 26 23 17 24 13 25 22 26 25 27 25 28 10 33 26 34 28 35 28 36 22 4 37 22 38 27 39 17 40 12 
5 4 1 13 2 22 3 17 4 14 28 5 18 6 27 7 16 8 23 9 18 10 17 11 18 12 19 13 10 14 19 15 25 16 14 17 22 18 11 19 17 20 18 21 24 22 11 23 10 24 28 29 22 30 13 31 26 32 25 33 24 34 30 35 19 36 30 28 5 10 6 23 7 12 8 18 9 17 10 25 11 17 12 29 13 24 14 21 15 21 16 17 17 24 18 12 19 16 20 26 21 22 22 13 23 21 24 23 25 23 26 25 27 18 28 14 29 23 30 28 31 17 32 10 16 5 14 6 27 7 19 8 14 9 11 10 24 11 27 12 18 13 15 14 26 15 25 16 18 33 14 34 14 35 23 36 15 4 37 15 38 15 39 18 40 11 
5 4 1 17 2 21 3 29 4 15 8 5 10 6 11 7 13 8 10 33 15 34 22 35 12 36 26 16 9 22 10 12 11 15 12 13 13 28 14 28 15 17 16 25 17 24 18 13 19 20 20 21 29 28 30 13 31 18 32 16 4 13 29 14 26 15 27 16 21 4 37 18 38 10 39 24 40 16 
5 4 1 21 2 27 3 30 4 17 32 5 19 6 22 7 16 8 10 9 22 10 29 11 29 12 18 13 13 14 25 15 22 16 20 17 13 18 25 19 13 20 27 21 12 22 16 23 29 24 29 25 20 26 18 27 19 28 19 29 15 30 16 31 27 32 21 33 29 34 16 35 22 36 27 24 5 12 6 24 7 10 8 25 9 22 10 26 11 19 12 25 13 18 14 11 15 18 16 18 17 27 18 14 19 23 20 21 25 15 26 15 27 12 28 12 29 13 30 17 31 10 32 14 16 17 10 18 30 19 10 20 21 21 15 22 20 23 18 24 14 25 22 26 29 27 22 28 12 29 24 30 18 31 27 32 12 4 37 18 38 27 39 23 40 11 
5 4 1 26 2 21 3 23 4 17 24 5 15 6 11 7 28 8 21 9 15 10 28 11 18 12 18 13 17 14 17 15 15 16 18 21 23 22 19 23 30 24 15 25 16 26 26 27 26 28 11 33 26 34 15 35 29 36 19 4 29 22 30 11 31 21 32 27 4 33 30 34 28 35 19 36 24 4 37 14 38 18 39 21 40 19 
5 4 1 10 2 10 3 20 4 27 32 5 17 6 12 7 25 8 19 9 25 10 15 11 23 12 13 13 12 14 25 15 18 16 29 17 14 18 15 19 18 20 20 21 30 22 30 23 24 24 21 25 26 26 16 27 24 28 27 29 26 30 26 31 28 32 19 33 15 34 28 35 21 36 14 4 5 27 6 15 7 23 8 11 24 5 18 6 27 7 22 8 27 9 20 10 26 11 21 12 28 17 17 18 15 19 28 20 25 21 16 22 22 23 13 24 28 29 11 30 24 31 14 32 11 33 26 34 24 35 27 36 15 4 37 26 38 10 39 14 40 28 
5 4 1 17 2 20 3 10 4 27 8 9 15 10 17 11 14 12 20 25 27 26 16 27 26 28 15 28 5 30 6 22 7 26 8 23 13 23 14 23 15 26 16 21 17 23 18 24 19 11 20 16 21 22 22 24 23 19 24 19 25 22 26 26 27 25 28 12 29 27 30 26 31 11 32 19 33 21 34 24 35 30 36 24 12 5 22 6 11 7 22 8 10 9 15 10 28 11 20 12 23 25 25 26 28 27 10 28 19 4 37 24 38 22 39 25 40 18 
5 4 1 28 2 13 3 29 4 18 4 17 29 18 19 19 29 20 21 4 33 28 34 29 35 21 36 10 12 9 25 10 16 11 13 12 25 17 23 18 16 19 20 20 30 21 20 22 22 23 13 24 10 4 37 29 38 21 39 16 40 16 
5 4 1 21 2 10 3 29 4 13 28 5 22 6 15 7 27 8 23 9 29 10 13 11 24 12 23 13 29 14 25 15 20 16 11 17 15 18 14 19 17 20 15 21 29 22 21 23 23 24 26 29 13 30 22 31 21 32 12 33 16 34 25 35 24 36 25 24 9 28 10 13 11 22 12 26 13 13 14 23 15 18 16 27 17 15 18 25 19 11 20 12 25 26 26 12 27 25 28 18 29 24 30 15 31 11 32 19 33 14 34 14 35 14 36 17 16 9 17 10 17 11 21 12 29 13 28 14 24 15 18 16 15 25 12 26 12 27 29 28 24 29 23 30 13 31 23 32 23 4 37 18 38 27 39 11 40 18 
5 4 1 16 2 17 3 16 4 25 12 5 24 6 22 7 27 8 10 13 20 14 18 15 15 16 29 17 14 18 25 19 25 20 10 32 5 11 6 19 7 26 8 30 9 17 10 10 11 16 12 12 13 18 14 11 15 12 16 26 17 22 18 13 19 28 20 15 21 21 22 12 23 13 24 14 25 18 26 23 27 28 28 12 29 25 30 28 31 26 32 28 33 18 34 21 35 25 36 10 28 5 19 6 30 7 14 8 22 9 10 10 12 11 17 12 19 13 16 14 13 15 29 16 30 17 12 18 28 19 19 20 15 25 12 26 17 27 22 28 18 29 21 30 18 31 21 32 13 33 11 34 19 35 29 36 21 4 37 10 38 29 39 27 40 16 
5 4 1 22 2 17 3 30 4 16 20 5 28 6 14 7 12 8 30 9 30 10 26 11 28 12 18 13 21 14 17 15 23 16 14 17 23 18 25 19 25 20 13 25 11 26 29 27 11 28 30 12 5 19 6 22 7 26 8 14 9 30 10 24 11 12 12 22 21 10 22 16 23 20 24 16 28 5 10 6 22 7 21 8 11 9 19 10 12 11 13 12 30 13 30 14 20 15 12 16 30 21 25 22 19 23 30 24 19 25 23 26 20 27 10 28 16 29 29 30 19 31 24 32 26 33 27 34 18 35 17 36 18 4 37 24 38 24 39 13 40 26 
5 4 1 13 2 11 3 22 4 21 12 13 28 14 16 15 12 16 21 21 11 22 26 23 10 24 23 33 13 34 14 35 11 36 22 12 13 14 14 10 15 16 16 22 17 21 18 12 19 17 20 30 29 23 30 17 31 26 32 30 8 5 30 6 24 7 20 8 25 29 15 30 17 31 11 32 15 4 37 14 38 16 39 16 40 29 
5 4 1 15 2 11 3 10 4 13 28 5 21 6 24 7 11 8 25 9 19 10 24 11 26 12 18 13 15 14 19 15 22 16 14 17 30 18 22 19 13 20 20 21 24 22 11 23 21 24 19 29 11 30 13 31 22 32 13 33 27 34 19 35 18 36 13 24 5 13 6 30 7 21 8 28 9 15 10 25 11 13 12 19 13 27 14 19 15 18 16 19 21 21 22 29 23 27 24 19 25 15 26 27 27 22 28 12 29 26 30 26 31 24 32 22 12 5 17 6 14 7 15 8 15 9 18 10 23 11 28 12 18 33 16 34 11 35 15 36 18 4 37 16 38 27 39 28 40 26 
5 4 1 30 2 15 3 16 4 10 20 5 17 6 20 7 29 8 24 17 19 18 15 19 28 20 17 21 28 22 19 23 15 24 25 25 12 26 16 27 29 28 24 33 29 34 16 35 11 36 24 24 5 17 6 14 7 10 8 29 9 22 10 22 11 29 12 25 13 14 14 10 15 30 16 18 21 14 22 19 23 16 24 20 29 12 30 15 31 16 32 23 33 12 34 30 35 23 36 21 28 5 18 6 27 7 17 8 21 9 23 10 24 11 21 12 11 13 29 14 16 15 15 16 29 17 30 18 11 19 18 20 20 21 19 22 26 23 16 24 10 29 14 30 11 31 16 32 12 33 16 34 24 35 18 36 19 4 37 17 38 22 39 22 40 21 
5 4 1 27 2 27 3 18 4 30 8 21 29 22 24 23 23 24 29 25 21 26 17 27 24 28 10 24 5 25 6 17 7 19 8 12 9 28 10 14 11 24 12 19 13 25 14 14 15 23 16 23 17 12 18 14 19 30 20 14 29 17 30 17 31 17 32 11 33 29 34 29 35 27 36 26 16 5 21 6 19 7 15 8 15 13 28 14 25 15 23 16 22 21 14 22 15 23 30 24 10 25 26 26 23 27 18 28 29 4 37 24 38 27 39 26 40 10 
5 4 1 13 2 26 3 11 4 18 4 17 20 18 18 19 17 20 26 16 5 14 6 11 7 20 8 26 17 21 18 22 19 30 20 10 25 30 26 30 27 17 28 11 29 14 30 11 31 10 32 17 8 17 11 18 22 19 22 20 19 25 14 26 27 27 14 28 22 4 37 17 38 24 39 14 40 15 
5 4 1 22 2 10 3 19 4 15 28 5 30 6 28 7 19 8 10 9 15 10 14 11 27 12 18 13 25 14 10 15 25 16 21 17 30 18 26 19 19 20 10 25 25 26 22 27 26 28 30 29 24 30 10 31 20 32 19 33 11 34 11 35 12 36 28 20 5 22 6 10 7 25 8 19 13 29 14 11 15 28 16 18 17 13 18 26 19 18 20 22 21 14 22 28 23 24 24 17 25 10 26 10 27 10 28 27 28 5 12 6 17 7 22 8 10 9 28 10 12 11 22 12 21 13 19 14 11 15 20 16 16 17 16 18 17 19 16 20 21 21 23 22 23 23 28 24 27 25 13 26 22 27 10 28 24 33 11 34 10 35 23 36 26 4 37 22 38 17 39 30 40 26 
5 4 1 17 2 23 3 24 4 24 24 5 29 6 14 7 30 8 10 9 24 10 18 11 28 12 28 21 11 22 21 23 30 24 10 25 10 26 25 27 10 28 30 29 21 30 13 31 16 32 14 33 13 34 23 35 19 36 23 8 17 14 18 18 19 29 20 30 21 13 22 13 23 29 24 13 8 21 25 22 22 23 14 24 23 33 15 34 25 35 29 36 30 4 37 25 38 12 39 13 40 29 
5 4 1 20 2 19 3 21 4 15 32 5 18 6 22 7 30 8 21 9 28 10 29 11 21 12 28 13 28 14 18 15 29 16 27 17 12 18 13 19 20 20 30 21 14 22 23 23 12 24 11 25 14 26 23 27 21 28 26 29 23 30 15 31 16 32 10 33 26 34 21 35 13 36 15 20 5 30 6 17 7 21 8 16 9 25 10 14 11 15 12 29 25 18 26 19 27 28 28 10 29 12 30 25 31 18 32 27 33 30 34 26 35 15 36 16 8 25 11 26 13 27 16 28 21 33 13 34 25 35 17 36 15 4 37 20 38 15 39 26 40 30 
5 4 1 28 2 28 3 13 4 29 24 5 22 6 22 7 18 8 26 9 10 10 28 11 10 12 22 17 24 18 28 19 23 20 20 21 15 22 18 23 21 24 17 25 10 26 13 27 23 28 24 29 26 30 29 31 13 32 23 8 9 14 10 19 11 22 12 16 25 27 26 27 27 21 28 16 24 9 22 10 29 11 25 12 16 13 29 14 25 15 24 16 12 17 29 18 22 19 22 20 20 21 22 22 27 23 18 24 23 25 24 26 19 27 30 28 23 29 26 30 14 31 10 32 28 4 37 19 38 19 39 29 40 15 
5 4 1 19 2 10 3 29 4 10 28 5 25 6 15 7 18 8 27 9 17 10 22 11 30 12 16 13 14 14 17 15 23 16 18 17 12 18 22 19 15 20 12 21 21 22 19 23 20 24 12 25 30 26 20 27 14 28 17 33 21 34 18 35 10 36 24 8 13 20 14 18 15 11 16 19 17 13 18 20 19 16 20 14 16 9 10 10 17 11 19 12 17 21 26 22 27 23 26 24 14 25 26 26 15 27 20 28 29 29 21 30 13 31 18 32 26 4 37 11 38 20 39 25 40 20 
5 4 1 28 2 24 3 11 4 30 32 5 26 6 29 7 30 8 18 9 13 10 22 11 14 12 21 13 21 14 14 15 20 16 28 17 23 18 25 19 14 20 24 21 11 22 12 23 25 24 18 25 19 26 10 27 23 28 23 29 13 30 26 31 30 32 12 33 21 34 30 35 19 36 22 32 5 17 6 26 7 22 8 17 9 21 10 15 11 22 12 22 13 16 14 15 15 22 16 18 17 16 18 23 19 25 20 20 21 19 22 16 23 21 24 23 25 16 26 24 27 14 28 28 29 25 30 19 31 17 32 27 33 20 34 25 35 12 36 17 8 21 12 22 22 23 11 24 16 29 14 30 21 31 20 32 17 4 37 12 38 29 39 11 40 30 
5 4 1 30 2 17 3 29 4 13 12 5 22 6 12 7 18 8 14 17 22 18 25 19 26 20 25 25 13 26 30 27 19 28 27 8 17 12 18 13 19 27 20 23 25 15 26 11 27 25 28 19 20 5 26 6 24 7 16 8 25 13 16 14 25 15 13 16 10 25 28 26 16 27 15 28 16 29 22 30 30 31 29 32 13 33 18 34 13 35 23 36 17 4 37 24 38 21 39 21 40 24 
5 4 1 19 2 16 3 18 4 18 24 13 21 14 25 15 20 16 18 17 19 18 26 19 21 20 20 21 14 22 30 23 28 24 15 25 18 26 28 27 27 28 18 29 11 30 10 31 18 32 27 33 10 34 15 35 19 36 24 24 5 22 6 10 7 17 8 12 9 12 10 18 11 27 12 27 17 18 18 27 19 11 20 19 25 29 26 11 27 29 28 10 29 16 30 11 31 11 32 22 33 21 34 14 35 29 36 14 12 5 21 6 28 7 30 8 11 25 19 26 15 27 29 28 18 33 29 34 15 35 21 36 19 4 37 10 38 29 39 24 40 30 
5 4 1 24 2 23 3 30 4 18 24 9 15 10 25 11 28 12 19 13 24 14 14 15 17 16 21 17 13 18 25 19 11 20 28 21 29 22 30 23 28 24 23 25 17 26 20 27 23 28 17 29 23 30 27 31 19 32 21 4 29 10 30 17 31 15 32 13 12 9 17 10 13 11 15 12 27 13 25 14 11 15 24 16 12 17 26 18 19 19 27 20 27 4 37 14 38 11 39 26 40 26 
5 4 1 23 2 23 3 29 4 24 24 5 28 6 24 7 29 8 25 9 16 10 17 11 25 12 22 13 24 14 23 15 10 16 27 17 25 18 29 19 16 20 13 21 10 22 10 23 11 24 19 25 14 26 10 27 15 28 12 28 5 24 6 10 7 19 8 26 9 11 10 29 11 17 12 26 13 21 14 12 15 16 16 10 21 13 22 11 23 15 24 13 25 19 26 26 27 21 28 26 29 24 30 26 31 22 32 25 33 27 34 14 35 24 36 21 12 9 11 10 18 11 30 12 20 17 19 18 21 19 10 20 13 21 13 22 18 23 27 24 13 4 37 17 38 18 39 20 40 27 
5 4 1 20 2 15 3 27 4 22 20 5 25 6 12 7 25 8 27 9 26 10 17 11 13 12 25 21 13 22 15 23 29 24 24 25 20 26 26 27 15 28 21 29 18 30 21 31 21 32 24 8 5 27 6 12 7 13 8 21 13 10 14 28 15 14 16 26 8 25 30 26 28 27 24 28 23 33 27 34 23 35 23 36 12 4 37 16 38 25 39 28 40 11 
5 4 1 25 2 14 3 20 4 17 24 5 21 6 24 7 29 8 16 13 25 14 14 15 14 16 28 17 23 18 22 19 15 20 23 21 24 22 26 23 25 24 15 29 14 30 27 31 22 32 22 33 19 34 13 35 12 36 29 32 5 30 6 16 7 17 8 16 9 14 10 21 11 19 12 14 13 30 14 13 15 18 16 20 17 29 18 16 19 18 20 23 21 20 22 22 23 15 24 22 25 18 26 28 27 27 28 11 29 22 30 29 31 15 32 15 33 17 34 17 35 21 36 16 28 5 23 6 20 7 16 8 18 9 15 10 30 11 23 12 20 13 15 14 10 15 22 16 23 21 22 22 15 23 12 24 18 25 14 26 21 27 22 28 19 29 29 30 23 31 29 32 16 33 27 34 20 35 12 36 29 4 37 12 38 21 39 15 40 15 
5 4 1 22 2 13 3 20 4 28 12 13 13 14 23 15 24 16 20 17 18 18 11 19 23 20 24 29 21 30 23 31 26 32 21 28 5 18 6 15 7 19 8 13 9 23 10 25 11 20 12 19 17 20 18 21 19 13 20 16 21 25 22 28 23 20 24 19 25 10 26 19 27 14 28 13 29 14 30 19 31 23 32 17 33 10 34 25 35 24 36 12 8 29 28 30 29 31 26 32 16 33 28 34 20 35 16 36 22 4 37 30 38 30 39 20 40 17 
5 4 1 22 2 16 3 10 4 14 28 9 13 10 20 11 13 12 24 13 18 14 10 15 28 16 27 17 17 18 27 19 20 20 12 21 23 22 16 23 17 24 28 25 14 26 25 27 12 28 25 29 29 30 20 31 11 32 13 33 18 34 19 35 27 36 21 20 13 30 14 17 15 29 16 20 21 12 22 23 23 26 24 19 25 20 26 18 27 15 28 13 29 27 30 23 31 22 32 28 33 27 34 26 35 12 36 15 12 9 11 10 29 11 10 12 12 17 21 18 12 19 12 20 12 21 29 22 14 23 15 24 28 4 37 12 38 23 39 11 40 17 
5 4 1 26 2 22 3 21 4 13 20 5 20 6 14 7 20 8 27 13 18 14 25 15 28 16 18 21 14 22 28 23 19 24 18 25 19 26 10 27 19 28 14 33 28 34 19 35 28 36 21 20 5 13 6 22 7 17 8 18 17 13 18 11 19 15 20 12 21 30 22 15 23 30 24 19 25 13 26 19 27 20 28 14 29 26 30 28 31 11 32 24 4 5 20 6 13 7 30 8 14 4 37 11 38 16 39 19 40 16 
5 4 1 25 2 23 3 28 4 18 28 5 20 6 16 7 28 8 25 13 15 14 25 15 20 16 18 17 12 18 28 19 22 20 28 21 24 22 22 23 20 24 18 25 26 26 11 27 11 28 11 29 12 30 16 31 26 32 18 33 28 34 29 35 16 36 10 32 5 20 6 17 7 18 8 23 9 23 10 21 11 13 12 24 13 13 14 30 15 12 16 22 17 13 18 13 19 30 20 18 21 25 22 14 23 10 24 19 25 10 26 13 27 24 28 24 29 15 30 13 31 16 32 29 33 13 34 22 35 16 36 22 20 13 28 14 20 15 10 16 24 17 19 18 24 19 22 20 19 21 11 22 15 23 27 24 30 25 17 26 28 27 12 28 17 33 22 34 25 35 20 36 29 4 37 15 38 30 39 10 40 19 
5 4 1 20 2 26 3 15 4 27 28 5 19 6 21 7 14 8 17 9 20 10 29 11 22 12 25 13 27 14 25 15 21 16 23 17 28 18 12 19 14 20 20 21 26 22 19 23 29 24 30 29 28 30 13 31 26 32 21 33 24 34 14 35 25 36 11 8 13 13 14 17 15 11 16 30 33 28 34 21 35 11 36 20 4 9 24 10 12 11 13 12 13 4 37 26 38 13 39 14 40 10 
5 4 1 24 2 14 3 13 4 17 8 5 21 6 27 7 29 8 25 13 23 14 29 15 12 16 16 4 5 28 6 15 7 23 8 17 12 13 13 14 11 15 20 16 15 29 21 30 10 31 11 32 24 33 13 34 26 35 23 36 20 4 37 13 38 23 39 21 40 25 
5 4 1 20 2 10 3 10 4 10 20 5 20 6 23 7 10 8 15 13 30 14 15 15 30 16 30 25 17 26 12 27 29 28 13 29 23 30 27 31 13 32 15 33 15 34 26 35 20 36 11 24 5 14 6 30 7 15 8 18 9 24 10 25 11 22 12 22 13 22 14 23 15 15 16 28 17 16 18 18 19 30 20 14 25 15 26 23 27 22 28 13 29 20 30 16 31 13 32 15 24 5 15 6 22 7 10 8 20 9 26 10 28 11 12 12 27 13 21 14 16 15 29 16 10 17 27 18 10 19 26 20 18 29 11 30 26 31 16 32 22 33 16 34 26 35 18 36 11 4 37 11 38 28 39 21 40 14 
5 4 1 25 2 30 3 25 4 16 28 5 12 6 24 7 28 8 17 9 28 10 25 11 20 12 27 17 24 18 24 19 24 20 16 21 18 22 21 23 17 24 26 25 28 26 22 27 14 28 20 29 26 30 10 31 26 32 27 33 13 34 24 35 29 36 21 28 5 23 6 16 7 17 8 26 9 22 10 23 11 11 12 17 13 17 14 21 15 22 16 11 17 23 18 11 19 23 20 25 21 21 22 24 23 22 24 17 25 14 26 10 27 24 28 28 33 18 34 27 35 10 36 15 20 13 23 14 21 15 30 16 24 21 17 22 23 23 27 24 10 25 22 26 14 27 16 28 25 29 14 30 17 31 24 32 28 33 15 34 17 35 11 36 20 4 37 11 38 30 39 17 40 26 
5 4 1 18 2 13 3 28 4 10 12 5 22 6 17 7 13 8 13 13 25 14 18 15 20 16 21 29 15 30 24 31 29 32 12 20 5 21 6 17 7 21 8 25 13 15 14 17 15 21 16 29 17 28 18 22 19 26 20 20 21 16 22 14 23 11 24 18 25 22 26 10 27 29 28 10 12 9 21 10 24 11 16 12 27 29 20 30 25 31 18 32 24 33 28 34 21 35 27 36 24 4 37 10 38 23 39 21 40 17 
5 4 1 20 2 26 3 16 4 22 24 5 24 6 23 7 11 8 18 9 17 10 15 11 19 12 19 13 26 14 13 15 30 16 13 17 20 18 15 19 19 20 27 21 17 22 19 23 20 24 26 29 20 30 19 31 16 32 14 12 9 20 10 13 11 12 12 10 13 20 14 21 15 23 16 27 25 28 26 16 27 19 28 16 20 5 24 6 28 7 30 8 22 9 15 10 13 11 23 12 20 17 12 18 14 19 21 20 25 21 11 22 25 23 11 24 14 25 14 26 20 27 30 28 24 4 37 27 38 13 39 27 40 12 
5 4 1 22 2 10 3 13 4 13 24 9 27 10 27 11 29 12 22 13 11 14 30 15 12 16 20 17 12 18 27 19 12 20 21 25 23 26 18 27 21 28 20 29 10 30 26 31 27 32 12 33 13 34 24 35 21 36 26 16 5 27 6 24 7 15 8 18 21 24 22 12 23 23 24 19 25 30 26 26 27 13 28 18 33 29 34 17 35 30 36 12 32 5 26 6 13 7 15 8 29 9 22 10 20 11 20 12 26 13 13 14 27 15 16 16 23 17 29 18 14 19 12 20 21 21 25 22 26 23 18 24 20 25 20 26 10 27 18 28 10 29 22 30 23 31 15 32 21 33 12 34 19 35 29 36 21 4 37 27 38 23 39 10 40 11 
5 4 1 11 2 30 3 30 4 17 32 5 20 6 27 7 26 8 12 9 21 10 10 11 16 12 20 13 10 14 22 15 29 16 12 17 13 18 14 19 21 20 11 21 29 22 13 23 23 24 25 25 30 26 26 27 10 28 19 29 18 30 21 31 30 32 21 33 19 34 24 35 21 36 15 16 9 11 10 27 11 21 12 24 13 21 14 13 15 25 16 15 25 11 26 12 27 20 28 12 33 12 34 11 35 29 36 24 24 5 21 6 18 7 20 8 24 9 17 10 24 11 29 12 13 13 14 14 28 15 25 16 28 21 23 22 12 23 17 24 14 25 13 26 16 27 29 28 15 29 28 30 25 31 24 32 18 4 37 21 38 10 39 12 40 20 
5 4 1 18 2 17 3 19 4 19 8 13 21 14 17 15 20 16 15 33 30 34 27 35 14 36 18 8 5 16 6 19 7 20 8 29 9 14 10 30 11 22 12 11 28 5 23 6 21 7 19 8 18 9 12 10 26 11 22 12 11 13 29 14 17 15 10 16 19 17 18 18 12 19 30 20 23 21 10 22 29 23 14 24 25 29 25 30 26 31 28 32 14 33 23 34 20 35 30 36 27 4 37 19 38 27 39 30 40 21 
5 4 1 26 2 11 3 24 4 25 28 5 12 6 10 7 10 8 23 9 26 10 15 11 14 12 30 13 10 14 15 15 10 16 10 21 10 22 15 23 15 24 24 25 30 26 19 27 30 28 10 29 29 30 14 31 28 32 12 33 11 34 26 35 17 36 11 16 13 29 14 23 15 19 16 29 17 24 18 24 19 27 20 14 21 28 22 29 23 16 24 25 25 27 26 24 27 20 28 23 4 21 15 22 23 23 23 24 22 4 37 30 38 26 39 16 40 27 
5 4 1 13 2 10 3 23 4 28 28 5 11 6 24 7 17 8 25 9 14 10 20 11 23 12 29 13 14 14 22 15 17 16 27 21 10 22 13 23 12 24 27 25 27 26 26 27 22 28 25 29 18 30 29 31 16 32 11 33 25 34 30 35 29 36 22 16 9 27 10 20 11 25 12 12 17 14 18 11 19 23 20 18 21 22 22 28 23 23 24 19 33 26 34 28 35 29 36 28 24 5 28 6 29 7 26 8 15 9 17 10 19 11 20 12 13 17 15 18 25 19 26 20 11 21 28 22 18 23 21 24 10 29 28 30 28 31 11 32 26 33 17 34 23 35 29 36 21 4 37 21 38 20 39 18 40 16 
5 4 1 11 2 26 3 27 4 14 32 5 21 6 20 7 25 8 30 9 10 10 19 11 12 12 18 13 25 14 12 15 15 16 15 17 13 18 30 19 15 20 17 21 12 22 19 23 27 24 24 25 13 26 19 27 25 28 24 29 15 30 30 31 30 32 27 33 25 34 22 35 12 36 14 16 13 10 14 26 15 24 16 24 25 13 26 28 27 20 28 27 29 23 30 29 31 23 32 17 33 16 34 13 35 16 36 12 12 17 22 18 10 19 23 20 19 21 29 22 21 23 14 24 30 33 23 34 29 35 24 36 10 4 37 19 38 24 39 30 40 24 
5 4 1 22 2 28 3 22 4 18 32 5 12 6 17 7 17 8 21 9 17 10 22 11 17 12 23 13 19 14 24 15 29 16 16 17 24 18 19 19 20 20 17 21 20 22 23 23 14 24 23 25 17 26 16 27 11 28 19 29 21 30 19 31 29 32 30 33 28 34 23 35 28 36 27 16 9 16 10 15 11 24 12 12 13 30 14 25 15 22 16 27 17 20 18 10 19 22 20 28 25 18 26 26 27 20 28 14 24 5 16 6 29 7 27 8 11 9 26 10 13 11 21 12 16 13 17 14 16 15 12 16 16 17 30 18 27 19 28 20 19 21 20 22 21 23 29 24 21 33 26 34 26 35 26 36 12 4 37 15 38 13 39 25 40 16 
5 4 1 27 2 11 3 21 4 21 12 5 17 6 28 7 14 8 30 25 26 26 11 27 26 28 25 33 15 34 20 35 10 36 10 4 29 27 30 15 31 30 32 24 32 5 25 6 20 7 19 8 19 9 27 10 11 11 24 12 17 13 16 14 27 15 24 16 24 17 24 18 17 19 28 20 20 21 28 22 20 23 11 24 27 25 14 26 23 27 11 28 22 29 24 30 11 31 12 32 11 33 29 34 26 35 11 36 16 4 37 25 38 10 39 13 40 18 
5 4 1 13 2 19 3 20 4 16 32 5 14 6 18 7 12 8 12 9 20 10 14 11 22 12 30 13 21 14 20 15 26 16 21 17 16 18 19 19 29 20 26 21 26 22 29 23 22 24 15 25 25 26 21 27 27 28 22 29 12 30 20 31 19 32 12 33 25 34 30 35 20 36 15 24 5 10 6 24 7 20 8 26 9 21 10 11 11 26 12 30 13 10 14 28 15 11 16 22 25 12 26 12 27 13 28 27 29 28 30 15 31 28 32 13 33 28 34 13 35 12 36 13 24 9 16 10 18 11 24 12 18 13 12 14 19 15 15 16 29 21 30 22 12 23 10 24 24 25 26 26 24 27 26 28 18 29 10 30 23 31 22 32 25 33 21 34 11 35 28 36 24 4 37 14 38 16 39 18 40 12 
5 4 1 10 2 17 3 15 4 19 16 5 24 6 15 7 29 8 25 9 18 10 12 11 24 12 28 13 29 14 25 15 18 16 15 21 20 22 21 23 28 24 20 32 5 21 6 22 7 12 8 14 9 24 10 16 11 24 12 16 13 20 14 12 15 17 16 22 17 19 18 12 19 12 20 22 21 17 22 19 23 16 24 25 25 30 26 11 27 27 28 10 29 29 30 19 31 20 32 10 33 29 34 29 35 23 36 22 12 9 12 10 28 11 10 12 28 25 15 26 16 27 14 28 26 33 24 34 24 35 28 36 18 4 37 28 38 29 39 30 40 14 
5 4 1 11 2 28 3 16 4 30 12 13 12 14 24 15 13 16 23 25 27 26 11 27 11 28 18 29 20 30 30 31 19 32 23 32 5 12 6 15 7 30 8 10 9 27 10 29 11 22 12 13 13 10 14 22 15 21 16 15 17 12 18 13 19 15 20 19 21 16 22 29 23 10 24 19 25 23 26 20 27 17 28 27 29 26 30 28 31 19 32 25 33 10 34 11 35 29 36 27 16 5 30 6 13 7 20 8 24 9 15 10 30 11 29 12 14 17 17 18 15 19 11 20 22 21 12 22 20 23 21 24 17 4 37 24 38 27 39 25 40 20 
5 4 1 18 2 17 3 22 4 28 16 9 24 10 23 11 27 12 13 13 14 14 26 15 28 16 30 25 23 26 15 27 29 28 10 29 29 30 24 31 19 32 11 24 9 25 10 17 11 19 12 29 13 20 14 14 15 21 16 21 17 21 18 18 19 20 20 25 21 26 22 20 23 26 24 11 25 10 26 10 27 25 28 25 33 23 34 13 35 15 36 24 12 5 30 6 23 7 24 8 10 13 15 14 28 15 29 16 17 33 19 34 11 35 20 36 30 4 37 30 38 11 39 20 40 16 
5 4 1 25 2 15 3 30 4 23 4 25 27 26 12 27 10 28 27 4 29 24 30 23 31 22 32 22 20 13 24 14 25 15 22 16 12 17 29 18 23 19 22 20 19 21 10 22 15 23 16 24 30 29 27 30 25 31 18 32 16 33 10 34 11 35 21 36 12 4 37 27 38 12 39 26 40 17 
5 4 1 27 2 13 3 10 4 13 12 17 30 18 11 19 29 20 13 29 22 30 16 31 20 32 15 33 14 34 12 35 10 36 24 12 5 29 6 17 7 27 8 18 17 18 18 20 19 21 20 24 21 18 22 12 23 26 24 10 16 17 30 18 13 19 12 20 18 21 19 22 26 23 12 24 25 25 21 26 18 27 10 28 16 33 28 34 14 35 24 36 19 4 37 14 38 25 39 18 40 21 
5 4 1 19 2 29 3 18 4 17 4 21 30 22 15 23 26 24 12 28 5 13 6 14 7 22 8 28 9 13 10 13 11 19 12 26 13 13 14 22 15 25 16 10 17 19 18 27 19 13 20 24 21 26 22 13 23 25 24 23 29 25 30 18 31 21 32 23 33 28 34 27 35 24 36 26 16 5 19 6 25 7 16 8 22 13 12 14 26 15 28 16 25 17 30 18 24 19 23 20 20 33 21 34 18 35 20 36 21 4 37 12 38 30 39 11 40 16 
5 4 1 18 2 25 3 16 4 25 12 5 14 6 24 7 12 8 12 13 30 14 13 15 27 16 27 17 19 18 17 19 27 20 23 20 5 18 6 29 7 12 8 26 9 28 10 30 11 16 12 11 13 19 14 21 15 26 16 29 29 29 30 29 31 21 32 20 33 11 34 18 35 19 36 10 8 5 22 6 20 7 11 8 27 17 25 18 20 19 19 20 20 4 37 24 38 19 39 27 40 21 
5 4 1 24 2 22 3 16 4 11 28 5 30 6 16 7 12 8 15 9 23 10 30 11 19 12 29 13 23 14 15 15 11 16 22 17 13 18 11 19 19 20 29 21 20 22 16 23 26 24 23 29 16 30 20 31 10 32 11 33 20 34 17 35 22 36 20 24 5 14 6 29 7 22 8 27 13 24 14 29 15 24 16 28 21 15 22 22 23 28 24 12 25 18 26 14 27 21 28 17 29 25 30 24 31 15 32 14 33 22 34 19 35 30 36 10 12 9 20 10 23 11 27 12 30 17 26 18 26 19 28 20 29 25 13 26 21 27 24 28 26 4 37 29 38 12 39 30 40 29 
5 4 1 16 2 11 3 27 4 26 20 5 13 6 30 7 14 8 29 9 19 10 19 11 20 12 22 13 13 14 10 15 15 16 24 17 12 18 29 19 12 20 11 29 26 30 16 31 18 32 21 8 5 22 6 19 7 17 8 27 13 18 14 14 15 17 16 21 16 5 28 6 21 7 30 8 30 17 21 18 26 19 26 20 19 21 16 22 29 23 10 24 21 33 19 34 29 35 16 36 12 4 37 17 38 30 39 12 40 21 
5 4 1 11 2 24 3 30 4 28 32 5 15 6 11 7 10 8 30 9 19 10 30 11 25 12 18 13 22 14 11 15 12 16 19 17 27 18 23 19 25 20 27 21 22 22 25 23 19 24 26 25 14 26 24 27 17 28 11 29 21 30 13 31 16 32 28 33 16 34 10 35 12 36 12 12 13 17 14 23 15 11 16 11 25 11 26 13 27 15 28 24 29 20 30 15 31 16 32 15 12 5 18 6 22 7 11 8 23 9 20 10 23 11 13 12 27 21 19 22 13 23 28 24 17 4 37 26 38 28 39 18 40 20 
5 4 1 23 2 15 3 11 4 13 16 5 21 6 15 7 10 8 20 9 19 10 17 11 22 12 16 13 29 14 30 15 25 16 12 33 22 34 17 35 13 36 29 28 5 28 6 22 7 15 8 17 9 26 10 27 11 11 12 10 13 11 14 20 15 21 16 29 21 28 22 13 23 28 24 26 25 30 26 10 27 25 28 26 29 30 30 23 31 30 32 22 33 16 34 20 35 18 36 27 28 5 15 6 11 7 16 8 26 9 28 10 17 11 13 12 25 17 14 18 28 19 22 20 24 21 20 22 26 23 12 24 26 25 28 26 22 27 29 28 11 29 20 30 22 31 12 32 22 33 23 34 18 35 13 36 17 4 37 29 38 28 39 30 40 26 
5 4 1 14 2 27 3 30 4 18 16 5 13 6 28 7 28 8 19 17 15 18 28 19 20 20 29 21 20 22 15 23 21 24 28 25 30 26 15 27 30 28 29 32 5 23 6 20 7 12 8 14 9 23 10 14 11 28 12 18 13 24 14 20 15 21 16 25 17 13 18 10 19 20 20 27 21 25 22 15 23 21 24 25 25 17 26 13 27 12 28 28 29 16 30 29 31 23 32 23 33 10 34 27 35 12 36 25 8 5 30 6 10 7 16 8 20 33 17 34 22 35 14 36 24 4 37 11 38 17 39 22 40 10 
5 4 1 19 2 17 3 21 4 16 12 17 22 18 22 19 12 20 13 21 26 22 24 23 30 24 15 25 30 26 10 27 24 28 23 28 5 11 6 18 7 20 8 11 9 30 10 30 11 19 12 23 17 18 18 27 19 19 20 14 21 18 22 17 23 25 24 29 25 22 26 29 27 18 28 23 29 22 30 10 31 28 32 30 33 16 34 25 35 29 36 16 16 5 30 6 26 7 17 8 30 21 25 22 26 23 29 24 10 25 20 26 15 27 18 28 10 33 12 34 21 35 13 36 29 4 37 26 38 23 39 23 40 27 
5 4 1 14 2 14 3 17 4 29 28 5 24 6 25 7 19 8 18 13 23 14 19 15 15 16 29 17 15 18 22 19 20 20 12 21 13 22 30 23 11 24 18 25 20 26 11 27 20 28 18 29 30 30 11 31 11 32 13 33 22 34 19 35 20 36 18 20 5 30 6 20 7 15 8 24 9 13 10 29 11 23 12 30 13 21 14 30 15 26 16 22 17 22 18 30 19 26 20 14 21 18 22 11 23 23 24 29 12 9 24 10 16 11 19 12 26 21 22 22 12 23 10 24 23 33 10 34 17 35 13 36 30 4 37 15 38 25 39 29 40 13 
5 4 1 27 2 21 3 23 4 21 28 5 12 6 29 7 22 8 12 13 13 14 20 15 23 16 29 17 12 18 29 19 19 20 23 21 30 22 21 23 14 24 12 25 10 26 19 27 14 28 26 29 26 30 30 31 25 32 14 33 24 34 14 35 19 36 11 28 5 16 6 17 7 23 8 23 9 24 10 27 11 30 12 25 13 20 14 15 15 24 16 13 17 16 18 26 19 24 20 30 25 19 26 19 27 29 28 30 29 15 30 10 31 15 32 28 33 25 34 16 35 19 36 18 8 9 17 10 25 11 20 12 11 33 24 34 11 35 22 36 30 4 37 21 38 28 39 10 40 21 
5 4 1 23 2 22 3 11 4 26 32 5 28 6 10 7 19 8 21 9 26 10 18 11 12 12 15 13 24 14 22 15 22 16 23 17 11 18 11 19 29 20 27 21 13 22 15 23 21 24 12 25 30 26 17 27 12 28 20 29 17 30 23 31 11 32 11 33 10 34 16 35 11 36 30 16 13 13 14 10 15 11 16 29 25 16 26 18 27 30 28 14 29 23 30 12 31 10 32 10 33 25 34 21 35 24 36 18 24 5 23 6 30 7 17 8 26 13 29 14 27 15 18 16 22 21 25 22 26 23 11 24 25 25 10 26 23 27 30 28 13 29 13 30 25 31 25 32 14 33 13 34 30 35 15 36 11 4 37 30 38 13 39 24 40 30 
5 4 1 13 2 17 3 29 4 24 16 5 27 6 29 7 21 8 19 17 28 18 15 19 30 20 27 21 15 22 18 23 21 24 30 29 13 30 23 31 23 32 24 8 5 20 6 29 7 29 8 12 17 21 18 30 19 20 20 23 20 9 25 10 30 11 29 12 20 17 25 18 27 19 16 20 12 25 17 26 13 27 23 28 11 29 23 30 14 31 22 32 20 33 28 34 13 35 26 36 26 4 37 23 38 14 39 12 40 26 
5 4 1 30 2 28 3 14 4 19 4 9 25 10 14 11 24 12 22 8 17 24 18 29 19 13 20 11 29 24 30 19 31 23 32 15 20 5 21 6 25 7 18 8 18 9 16 10 15 11 24 12 17 13 27 14 30 15 15 16 29 17 21 18 18 19 24 20 10 21 24 22 30 23 21 24 10 4 37 12 38 15 39 21 40 13 
5 4 1 28 2 16 3 11 4 11 12 9 26 10 23 11 18 12 23 13 14 14 26 15 28 16 12 25 14 26 27 27 21 28 12 24 5 18 6 21 7 14 8 30 17 19 18 30 19 13 20 14 21 23 22 25 23 21 24 26 25 17 26 10 27 26 28 11 29 20 30 27 31 25 32 18 33 12 34 21 35 19 36 15 28 9 18 10 19 11 25 12 20 13 22 14 17 15 10 16 27 17 14 18 16 19 17 20 28 21 21 22 18 23 12 24 30 25 11 26 19 27 22 28 12 29 13 30 21 31 10 32 20 33 26 34 29 35 29 36 15 4 37 27 38 29 39 17 40 27 
5 4 1 30 2 18 3 14 4 19 12 9 29 10 20 11 13 12 21 13 19 14 30 15 23 16 21 21 10 22 16 23 15 24 20 12 5 24 6 30 7 17 8 17 13 10 14 22 15 14 16 16 21 28 22 22 23 25 24 12 32 5 21 6 28 7 24 8 15 9 21 10 23 11 27 12 14 13 14 14 23 15 12 16 25 17 14 18 19 19 16 20 20 21 21 22 17 23 12 24 25 25 25 26 14 27 28 28 10 29 20 30 30 31 28 32 23 33 25 34 12 35 13 36 25 4 37 24 38 19 39 20 40 11 
5 4 1 12 2 24 3 24 4 18 24 9 10 10 28 11 16 12 22 13 29 14 17 15 16 16 21 17 19 18 11 19 10 20 15 21 10 22 28 23 13 24 20 29 11 30 23 31 15 32 12 33 11 34 11 35 16 36 24 20 9 18 10 13 11 23 12 19 13 20 14 29 15 14 16 23 17 24 18 27 19 30 20 25 21 26 22 30 23 24 24 27 33 13 34 24 35 19 36 13 4 17 14 18 22 19 21 20 27 4 37 13 38 14 39 10 40 24 
5 4 1 24 2 18 3 24 4 17 24 5 23 6 14 7 26 8 23 9 26 10 24 11 25 12 21 13 11 14 30 15 10 16 27 17 25 18 11 19 28 20 14 21 20 22 21 23 25 24 16 33 26 34 18 35 14 36 14 12 9 30 10 28 11 12 12 20 21 15 22 11 23 26 24 17 29 23 30 15 31 12 32 19 4 9 27 10 12 11 13 12 11 4 37 24 38 29 39 27 40 28 
5 4 1 17 2 11 3 20 4 22 12 5 18 6 15 7 13 8 23 17 25 18 10 19 27 20 13 29 16 30 10 31 11 32 12 32 5 22 6 30 7 25 8 24 9 28 10 20 11 14 12 19 13 30 14 27 15 18 16 16 17 26 18 28 19 29 20 26 21 23 22 22 23 12 24 18 25 19 26 28 27 11 28 27 29 17 30 25 31 27 32 30 33 11 34 28 35 25 36 13 20 5 26 6 19 7 13 8 19 9 13 10 18 11 11 12 27 17 14 18 16 19 15 20 22 21 15 22 19 23 20 24 13 25 11 26 11 27 13 28 17 4 37 23 38 19 39 26 40 23 
5 4 1 10 2 17 3 15 4 14 32 5 28 6 22 7 19 8 11 9 21 10 29 11 14 12 13 13 29 14 29 15 12 16 24 17 21 18 29 19 20 20 21 21 18 22 18 23 13 24 17 25 25 26 26 27 16 28 28 29 23 30 22 31 10 32 28 33 24 34 26 35 21 36 30 12 17 23 18 21 19 11 20 21 25 27 26 13 27 28 28 19 33 14 34 17 35 16 36 16 32 5 28 6 26 7 16 8 25 9 28 10 30 11 24 12 26 13 18 14 14 15 15 16 20 17 13 18 21 19 26 20 29 21 18 22 23 23 23 24 19 25 14 26 26 27 10 28 18 29 27 30 30 31 30 32 24 33 25 34 14 35 17 36 11 4 37 30 38 21 39 22 40 30 
5 4 1 30 2 23 3 17 4 18 12 5 28 6 19 7 22 8 21 17 17 18 17 19 21 20 21 21 29 22 19 23 24 24 13 4 25 10 26 23 27 20 28 11 28 5 12 6 29 7 26 8 21 9 25 10 17 11 27 12 20 13 22 14 19 15 28 16 22 17 22 18 23 19 19 20 17 21 30 22 16 23 19 24 25 25 12 26 28 27 30 28 21 29 12 30 14 31 28 32 12 4 37 19 38 12 39 15 40 11 
5 4 1 16 2 17 3 14 4 21 28 5 23 6 19 7 27 8 18 9 22 10 19 11 28 12 23 13 23 14 17 15 10 16 24 17 30 18 27 19 21 20 25 25 27 26 10 27 28 28 12 29 23 30 17 31 10 32 28 33 16 34 22 35 14 36 11 28 5 18 6 19 7 12 8 21 13 14 14 17 15 13 16 28 17 12 18 27 19 16 20 10 21 20 22 13 23 27 24 23 25 30 26 13 27 30 28 17 29 13 30 14 31 12 32 16 33 28 34 23 35 18 36 12 8 13 19 14 10 15 12 16 12 33 22 34 27 35 30 36 22 4 37 11 38 13 39 11 40 25 
5 4 1 14 2 12 3 25 4 18 16 9 12 10 23 11 25 12 24 21 20 22 22 23 13 24 10 29 13 30 15 31 18 32 26 33 23 34 24 35 26 36 13 28 5 30 6 16 7 14 8 23 9 27 10 26 11 24 12 21 13 10 14 11 15 14 16 22 17 12 18 12 19 24 20 27 25 23 26 15 27 20 28 16 29 19 30 19 31 24 32 26 33 23 34 24 35 26 36 15 12 25 26 26 20 27 20 28 10 29 11 30 10 31 16 32 27 33 26 34 22 35 27 36 25 4 37 19 38 28 39 19 40 19 
5 4 1 17 2 30 3 26 4 24 20 5 22 6 13 7 20 8 20 13 20 14 25 15 22 16 17 21 10 22 21 23 22 24 22 25 27 26 15 27 15 28 23 33 23 34 13 35 10 36 14 24 5 24 6 25 7 16 8 13 13 10 14 28 15 19 16 13 17 22 18 28 19 28 20 14 25 19 26 22 27 23 28 10 29 12 30 28 31 19 32 11 33 24 34 14 35 29 36 20 8 21 10 22 20 23 19 24 24 33 11 34 23 35 30 36 13 4 37 10 38 28 39 24 40 30 
5 4 1 19 2 30 3 27 4 14 24 9 28 10 26 11 17 12 26 13 16 14 12 15 18 16 23 17 19 18 17 19 17 20 16 21 18 22 11 23 13 24 27 25 14 26 16 27 15 28 27 29 15 30 20 31 13 32 16 4 13 21 14 18 15 29 16 27 24 5 28 6 21 7 16 8 12 9 12 10 30 11 19 12 22 13 22 14 13 15 25 16 22 25 25 26 30 27 23 28 13 29 25 30 15 31 27 32 13 33 29 34 29 35 10 36 24 4 37 30 38 22 39 25 40 17 
5 4 1 23 2 19 3 12 4 26 32 5 18 6 11 7 26 8 16 9 14 10 17 11 18 12 21 13 11 14 26 15 16 16 13 17 10 18 25 19 16 20 17 21 30 22 28 23 30 24 10 25 15 26 18 27 14 28 24 29 24 30 10 31 30 32 13 33 16 34 23 35 23 36 13 20 5 21 6 22 7 21 8 14 9 11 10 24 11 27 12 11 13 16 14 12 15 27 16 26 17 27 18 10 19 24 20 24 21 14 22 23 23 13 24 25 24 5 16 6 17 7 10 8 10 9 13 10 18 11 25 12 29 13 30 14 19 15 11 16 10 17 10 18 21 19 16 20 20 25 14 26 25 27 11 28 17 33 27 34 22 35 30 36 10 4 37 21 38 14 39 24 40 19 
5 4 1 30 2 29 3 17 4 11 28 5 23 6 21 7 22 8 17 9 28 10 14 11 11 12 26 17 15 18 19 19 19 20 21 21 24 22 13 23 15 24 22 25 14 26 27 27 25 28 21 29 19 30 13 31 27 32 17 33 19 34 28 35 12 36 23 28 5 30 6 25 7 12 8 26 13 16 14 12 15 11 16 13 17 12 18 24 19 24 20 19 21 15 22 13 23 24 24 14 25 20 26 26 27 14 28 29 29 27 30 17 31 30 32 14 33 21 34 20 35 19 36 11 28 5 27 6 28 7 18 8 23 9 10 10 17 11 12 12 14 13 12 14 17 15 18 16 30 21 17 22 19 23 15 24 20 25 28 26 30 27 23 28 28 29 16 30 23 31 25 32 13 33 25 34 25 35 24 36 13 4 37 15 38 22 39 25 40 27 
5 4 1 11 2 17 3 13 4 11 16 9 22 10 22 11 23 12 27 17 22 18 29 19 29 20 18 21 20 22 26 23 25 24 27 29 25 30 15 31 12 32 23 16 9 10 10 30 11 26 12 10 13 28 14 15 15 24 16 19 17 23 18 15 19 25 20 12 25 14 26 20 27 26 28 14 8 17 27 18 29 19 17 20 25 33 17 34 12 35 21 36 24 4 37 21 38 22 39 19 40 24 
5 4 1 22 2 17 3 30 4 19 20 5 12 6 25 7 19 8 12 9 23 10 19 11 28 12 28 13 20 14 19 15 25 16 17 21 28 22 29 23 12 24 10 25 12 26 12 27 23 28 10 8 13 16 14 13 15 25 16 30 33 14 34 27 35 20 36 15 8 5 21 6 10 7 28 8 18 33 10 34 17 35 26 36 18 4 37 12 38 28 39 26 40 27 
5 4 1 28 2 23 3 27 4 12 12 9 28 10 14 11 16 12 30 25 18 26 24 27 15 28 21 33 21 34 11 35 22 36 26 4 5 26 6 29 7 17 8 29 24 5 13 6 20 7 20 8 10 17 26 18 17 19 19 20 17 21 16 22 25 23 27 24 14 25 23 26 21 27 26 28 30 29 13 30 20 31 21 32 28 33 10 34 29 35 22 36 12 4 37 11 38 19 39 23 40 16 
5 4 1 27 2 22 3 28 4 11 24 9 17 10 26 11 19 12 13 13 16 14 17 15 23 16 11 17 25 18 22 19 15 20 14 21 15 22 17 23 19 24 18 29 11 30 12 31 22 32 24 33 28 34 14 35 13 36 29 16 17 25 18 26 19 25 20 18 21 28 22 26 23 11 24 24 29 20 30 21 31 18 32 18 33 28 34 11 35 18 36 17 16 13 22 14 22 15 23 16 12 17 19 18 25 19 23 20 20 21 24 22 24 23 22 24 30 25 17 26 28 27 23 28 20 4 37 25 38 28 39 25 40 23 
5 4 1 11 2 30 3 24 4 12 4 25 10 26 25 27 18 28 17 12 5 30 6 28 7 29 8 27 13 11 14 26 15 20 16 14 29 30 30 18 31 10 32 10 28 5 19 6 10 7 23 8 15 13 21 14 17 15 28 16 14 17 16 18 11 19 13 20 19 21 29 22 21 23 10 24 13 25 22 26 21 27 20 28 28 29 27 30 16 31 19 32 25 33 29 34 30 35 17 36 19 4 37 27 38 23 39 11 40 14 
5 4 1 27 2 12 3 21 4 14 8 5 23 6 27 7 19 8 14 17 20 18 23 19 19 20 24 28 5 21 6 17 7 18 8 29 9 11 10 28 11 29 12 27 13 28 14 18 15 24 16 24 17 11 18 19 19 30 20 30 21 28 22 29 23 10 24 19 25 21 26 13 27 13 28 13 33 23 34 20 35 27 36 24 4 13 12 14 16 15 11 16 18 4 37 18 38 14 39 15 40 23 
5 4 1 18 2 10 3 15 4 20 32 5 15 6 25 7 15 8 15 9 28 10 30 11 13 12 21 13 23 14 22 15 25 16 23 17 16 18 11 19 17 20 15 21 21 22 18 23 17 24 17 25 19 26 29 27 17 28 30 29 23 30 22 31 28 32 30 33 10 34 23 35 13 36 27 8 21 25 22 18 23 17 24 27 33 28 34 29 35 13 36 21 16 9 12 10 23 11 12 12 19 13 18 14 28 15 13 16 15 29 16 30 11 31 27 32 14 33 24 34 12 35 25 36 29 4 37 16 38 11 39 21 40 28 
5 4 1 16 2 21 3 20 4 20 16 9 28 10 18 11 25 12 30 17 13 18 26 19 15 20 28 25 14 26 17 27 21 28 14 33 30 34 25 35 15 36 20 4 21 25 22 20 23 26 24 26 28 5 18 6 21 7 25 8 22 9 19 10 26 11 28 12 19 13 30 14 26 15 24 16 13 17 20 18 26 19 12 20 21 25 24 26 24 27 17 28 21 29 21 30 14 31 26 32 24 33 26 34 25 35 10 36 25 4 37 10 38 17 39 19 40 13 
5 4 1 21 2 28 3 12 4 17 28 5 24 6 17 7 22 8 29 9 18 10 28 11 19 12 22 13 23 14 20 15 21 16 25 17 21 18 27 19 20 20 25 21 30 22 19 23 27 24 10 25 18 26 14 27 28 28 18 29 25 30 17 31 12 32 26 12 5 30 6 11 7 10 8 19 17 24 18 29 19 11 20 13 29 20 30 28 31 10 32 28 28 5 18 6 11 7 24 8 26 9 17 10 17 11 24 12 17 13 15 14 19 15 25 16 11 17 25 18 13 19 18 20 29 21 10 22 28 23 21 24 18 25 18 26 19 27 17 28 13 29 22 30 17 31 13 32 14 4 37 13 38 24 39 13 40 13 
5 4 1 10 2 11 3 15 4 14 16 9 30 10 12 11 12 12 19 17 24 18 29 19 12 20 28 29 29 30 28 31 18 32 26 33 24 34 18 35 16 36 17 32 5 28 6 20 7 30 8 22 9 19 10 13 11 29 12 11 13 24 14 26 15 17 16 12 17 30 18 18 19 21 20 28 21 10 22 15 23 22 24 15 25 23 26 20 27 16 28 22 29 14 30 15 31 18 32 11 33 21 34 13 35 20 36 29 24 5 20 6 27 7 30 8 27 13 19 14 23 15 19 16 14 21 18 22 24 23 27 24 30 25 22 26 28 27 11 28 10 29 18 30 22 31 26 32 20 33 27 34 15 35 24 36 24 4 37 11 38 11 39 21 40 17 
5 4 1 12 2 15 3 15 4 21 24 5 28 6 11 7 14 8 13 17 27 18 17 19 27 20 30 21 22 22 30 23 22 24 14 25 30 26 28 27 29 28 12 29 11 30 20 31 17 32 29 33 21 34 19 35 24 36 30 24 5 17 6 24 7 23 8 27 9 12 10 18 11 10 12 19 13 25 14 24 15 12 16 25 17 24 18 13 19 20 20 11 25 16 26 17 27 17 28 25 33 29 34 25 35 16 36 25 28 5 22 6 30 7 23 8 10 9 29 10 11 11 23 12 14 13 23 14 10 15 29 16 12 17 29 18 28 19 18 20 21 21 22 22 10 23 12 24 19 25 10 26 15 27 19 28 29 29 16 30 26 31 25 32 19 4 37 20 38 29 39 15 40 22 
5 4 1 27 2 25 3 22 4 16 24 5 26 6 23 7 29 8 22 9 14 10 13 11 26 12 16 13 17 14 11 15 24 16 21 17 30 18 28 19 14 20 11 25 23 26 23 27 16 28 16 33 11 34 29 35 24 36 14 20 5 18 6 21 7 15 8 17 9 23 10 12 11 28 12 30 21 12 22 22 23 15 24 11 25 23 26 19 27 17 28 16 33 21 34 13 35 15 36 28 28 5 30 6 10 7 14 8 13 9 27 10 27 11 28 12 13 13 24 14 10 15 25 16 10 17 30 18 29 19 16 20 13 25 23 26 11 27 15 28 11 29 22 30 27 31 12 32 28 33 22 34 20 35 13 36 20 4 37 15 38 11 39 30 40 26 
5 4 1 24 2 11 3 15 4 19 12 13 11 14 29 15 12 16 13 21 20 22 22 23 13 24 20 29 13 30 16 31 28 32 13 8 17 12 18 30 19 29 20 27 33 20 34 11 35 30 36 24 32 5 16 6 10 7 29 8 25 9 29 10 19 11 19 12 23 13 11 14 16 15 28 16 15 17 17 18 27 19 11 20 19 21 18 22 30 23 19 24 15 25 28 26 11 27 17 28 10 29 25 30 27 31 23 32 27 33 29 34 26 35 25 36 16 4 37 24 38 30 39 11 40 11 
5 4 1 10 2 24 3 14 4 25 20 9 23 10 11 11 10 12 18 17 11 18 29 19 11 20 19 21 16 22 13 23 12 24 28 25 20 26 15 27 11 28 25 29 10 30 28 31 15 32 17 24 5 27 6 10 7 19 8 19 9 11 10 29 11 22 12 14 13 10 14 19 15 13 16 22 17 19 18 20 19 13 20 16 21 10 22 13 23 20 24 18 25 30 26 19 27 27 28 10 32 5 30 6 21 7 19 8 22 9 14 10 21 11 12 12 12 13 15 14 29 15 24 16 25 17 27 18 22 19 21 20 19 21 20 22 21 23 20 24 24 25 18 26 27 27 21 28 10 29 18 30 14 31 14 32 15 33 24 34 21 35 25 36 16 4 37 12 38 29 39 30 40 18 
5 4 1 17 2 12 3 19 4 23 12 25 25 26 27 27 11 28 10 29 28 30 17 31 30 32 22 33 28 34 18 35 24 36 19 8 13 18 14 27 15 14 16 13 33 25 34 11 35 16 36 29 12 17 17 18 12 19 25 20 22 29 28 30 21 31 15 32 19 33 23 34 21 35 28 36 28 4 37 25 38 16 39 27 40 11 
5 4 1 27 2 22 3 28 4 12 20 5 24 6 27 7 12 8 15 13 18 14 25 15 30 16 22 21 13 22 27 23 12 24 21 25 17 26 25 27 28 28 22 33 10 34 16 35 12 36 18 4 9 20 10 24 11 19 12 20 28 5 20 6 21 7 11 8 13 9 10 10 22 11 20 12 19 13 13 14 28 15 10 16 14 17 18 18 30 19 27 20 30 21 19 22 23 23 30 24 29 25 20 26 16 27 15 28 18 29 17 30 10 31 20 32 28 4 37 23 38 30 39 29 40 22 
8 25 15 48 21 74 115 16 134 181 23 200 241 40 259 308 24 330 363 36 388 431 22 455 490 
13 15 8 29 9 48 63 3 87 98 13 118 141 10 157 176 16 194 213 13 229 252 4 266 289 8 307 322 10 343 360 8 375 402 8 417 434 11 454 471 
24 6 5 17 4 27 39 2 47 63 9 71 83 1 96 102 5 112 130 4 135 151 9 159 171 7 181 193 5 206 212 6 227 235 4 246 260 6 268 282 4 292 302 9 312 326 3 335 347 6 359 367 3 379 391 5 403 411 2 425 433 1 447 455 5 469 477 8 488 502 7 508 526 
22 5 8 14 2 28 38 9 49 61 6 72 82 4 93 105 9 115 127 6 137 149 6 161 169 9 182 192 4 205 213 3 228 234 8 248 258 13 268 282 3 292 302 2 313 325 12 334 348 10 357 369 15 377 393 3 399 415 1 425 433 3 448 454 5 468 478 
41 1 2 4 1 8 10 1 13 17 1 19 23 2 25 29 2 31 35 1 37 41 1 42 48 2 49 53 2 55 59 2 61 65 2 67 71 2 72 78 1 79 83 2 85 89 1 91 95 1 97 101 1 103 107 2 109 113 1 115 119 1 122 124 3 126 132 3 133 137 1 140 142 2 145 149 2 151 155 3 157 161 1 164 166 1 169 173 2 175 179 1 180 186 3 186 192 1 193 197 1 200 202 1 206 208 1 210 216 1 218 220 2 222 228 3 229 233 2 235 239 2 241 245 
6 16 8 25 20 39 60 8 73 92 1 110 121 10 143 154 12 173 190 
18 2 2 9 1 13 20 2 26 29 3 35 42 2 47 52 1 57 64 4 67 76 7 78 87 5 90 97 3 102 107 6 112 119 2 123 130 2 135 140 1 146 151 1 156 163 1 168 173 3 179 184 2 188 197 
27 2 2 6 3 9 15 2 18 22 2 25 31 3 33 39 1 42 46 2 49 55 3 58 62 5 65 71 1 73 79 1 81 87 1 90 94 2 98 102 2 105 111 4 113 119 1 121 127 4 129 135 1 137 143 3 145 151 1 154 158 2 162 166 1 170 174 1 177 183 1 186 190 1 194 198 1 201 207 1 210 214 
10 1 6 12 6 23 31 8 40 50 9 58 68 7 75 87 3 95 103 5 113 121 2 131 139 6 148 158 5 168 174 
10 7 3 16 2 24 33 5 44 51 3 61 72 1 81 90 5 100 109 2 118 129 6 139 146 3 158 165 6 173 188 
18 6 1 9 1 12 18 2 23 27 6 31 39 2 43 47 3 53 57 2 62 68 2 73 77 2 83 87 3 92 98 2 102 108 4 111 119 4 121 129 3 133 137 3 142 148 1 151 159 2 163 167 3 171 179 
21 5 1 8 2 12 15 1 19 26 2 28 35 4 37 44 3 47 52 2 56 61 2 65 70 2 73 80 6 82 89 1 93 96 1 100 107 2 111 114 3 118 125 3 128 133 2 137 142 5 145 152 3 154 161 1 164 169 3 173 178 3 181 188 
32 3 1 5 1 8 10 1 13 17 2 19 23 2 25 29 3 31 35 2 37 41 1 44 46 4 48 54 1 54 60 3 61 65 1 67 71 2 73 77 1 80 82 2 85 89 3 91 95 3 96 102 2 103 107 1 110 112 1 116 118 1 122 124 3 127 131 2 133 137 2 138 144 1 145 149 1 151 155 2 157 161 3 162 168 2 169 173 2 175 179 4 180 186 1 188 190 
9 8 6 16 3 29 37 6 51 59 4 73 81 5 91 107 9 115 127 5 138 148 3 157 173 5 183 191 
34 1 2 4 2 7 11 1 13 17 3 19 23 3 25 29 4 30 36 1 37 41 1 43 47 2 49 53 1 55 59 1 61 65 2 67 71 2 73 77 1 80 82 3 84 90 1 91 95 3 97 101 1 104 106 1 110 112 2 115 119 2 121 125 1 127 131 3 132 138 1 139 143 1 146 148 1 151 155 3 157 161 1 163 167 1 170 172 2 175 179 1 182 184 2 187 191 3 193 197 4 198 204 
44 1 1 4 1 6 9 3 10 15 2 16 19 2 20 25 3 25 30 1 31 34 2 36 39 1 40 45 2 46 49 3 50 55 1 56 59 2 61 64 2 65 70 1 70 75 2 76 79 1 81 84 1 86 89 1 91 94 1 96 99 1 101 104 2 106 109 1 111 114 1 116 119 1 121 124 1 126 129 1 131 134 1 136 139 3 140 145 1 146 149 1 151 154 2 155 160 1 161 164 1 165 170 1 170 175 1 176 179 1 181 184 1 186 189 2 190 195 1 196 199 1 200 205 1 206 209 2 211 214 2 215 220 
36 2 1 5 2 7 11 3 12 18 1 20 22 3 25 29 2 31 35 1 37 41 1 44 46 2 49 53 1 55 59 1 62 64 1 67 71 1 73 77 2 79 83 1 85 89 2 91 95 2 96 102 2 103 107 4 108 114 3 114 120 1 120 126 3 127 131 2 133 137 1 140 142 2 145 149 1 152 154 1 157 161 1 163 167 1 170 172 2 175 179 1 181 185 2 186 192 2 193 197 3 199 203 1 205 209 2 211 215 
42 1 1 4 1 6 9 3 10 15 1 16 19 2 21 24 1 26 29 1 31 34 2 36 39 1 41 44 1 46 49 2 50 55 1 56 59 2 60 65 2 65 70 2 71 74 2 76 79 1 80 85 1 86 89 1 90 95 1 95 100 1 101 104 1 105 110 1 111 114 2 116 119 1 121 124 1 126 129 1 130 135 1 136 139 1 140 145 1 146 149 3 150 155 2 156 159 1 160 165 2 165 170 2 171 174 1 176 179 3 180 185 2 185 190 1 191 194 1 196 199 1 201 204 1 206 209 
24 2 2 7 6 10 17 2 19 26 4 29 34 2 39 42 2 48 51 3 56 61 2 65 70 1 74 79 4 82 89 5 91 98 1 101 106 2 110 115 1 118 125 2 127 134 2 137 142 2 145 152 2 156 159 2 165 168 1 173 178 1 182 187 1 191 196 2 200 205 2 209 214 
18 6 1 10 5 13 20 1 25 30 3 36 41 5 45 54 1 57 64 1 68 75 2 78 87 3 91 96 5 101 108 1 113 118 3 124 129 4 133 142 2 146 151 5 156 163 6 166 175 1 179 184 4 190 195 
33 1 2 4 2 7 11 1 13 17 1 20 22 1 26 28 1 31 35 3 37 41 1 43 47 2 49 53 3 54 60 1 62 64 1 68 70 3 73 77 2 79 83 1 86 88 1 91 95 2 97 101 3 103 107 2 108 114 1 115 119 1 121 125 2 126 132 1 133 137 1 139 143 1 145 149 4 150 156 1 157 161 3 162 168 1 170 172 3 174 180 1 181 185 2 187 191 1 193 197 
6 3 4 26 4 35 55 6 69 81 8 98 112 14 127 143 14 156 174 
17 1 3 8 5 13 20 3 25 30 1 34 43 7 45 54 1 58 63 2 69 74 3 80 85 1 91 96 3 100 109 7 111 120 3 124 129 5 134 141 3 146 151 4 156 163 5 167 174 5 177 186 
4 10 11 33 24 53 79 5 99 121 8 148 160 
35 3 1 5 1 7 11 1 12 18 1 19 23 1 25 29 2 30 36 2 37 41 1 42 48 1 49 53 1 56 58 1 62 64 2 67 71 1 73 77 1 79 83 4 84 90 3 91 95 2 97 101 3 103 107 1 109 113 1 115 119 2 121 125 1 127 131 1 133 137 4 138 144 1 144 150 2 151 155 4 156 162 1 163 167 1 169 173 1 176 178 3 181 185 1 187 191 1 193 197 1 200 202 2 205 209 
10 6 6 14 10 23 37 4 46 54 4 66 74 5 86 94 1 103 117 6 126 134 3 146 154 6 166 174 6 186 194 
34 1 1 5 1 7 11 1 14 16 1 19 23 1 26 28 1 32 34 1 37 41 3 43 47 2 49 53 1 56 58 3 61 65 4 66 72 2 72 78 1 79 83 1 85 89 2 91 95 2 97 101 2 103 107 2 109 113 2 114 120 1 122 124 2 126 132 1 133 137 2 138 144 3 145 149 1 151 155 2 157 161 3 163 167 1 169 173 1 176 178 3 180 186 2 187 191 1 193 197 2 199 203 
8 9 6 18 7 27 45 2 54 66 3 78 90 3 104 112 4 123 141 13 149 163 8 175 185 
14 7 2 11 4 14 25 3 30 35 4 41 50 3 55 62 3 69 74 3 80 89 2 94 101 5 107 114 1 118 129 5 133 140 4 145 154 3 159 166 3 173 178 
5 11 8 26 3 40 62 5 74 96 10 112 126 3 146 160 
41 1 1 4 3 5 10 3 10 15 2 16 19 2 21 24 1 26 29 1 30 35 1 35 40 1 41 44 2 45 50 2 50 55 1 56 59 1 61 64 1 65 70 1 71 74 3 75 80 1 81 84 1 86 89 2 91 94 1 96 99 3 100 105 2 106 109 3 110 115 3 115 120 1 121 124 1 126 129 1 131 134 1 136 139 1 141 144 1 145 150 2 151 154 1 156 159 1 161 164 2 165 170 2 170 175 1 176 179 1 181 184 1 185 190 2 190 195 2 195 200 2 200 205 
22 1 2 6 3 9 15 3 17 23 3 25 31 3 34 38 2 42 46 3 49 55 2 58 62 1 65 71 2 74 78 2 82 86 2 90 94 1 98 102 3 105 111 1 114 118 3 121 127 1 130 134 3 138 142 4 145 151 1 154 158 3 162 166 2 170 174 
2 24 37 70 29 120 201 
34 2 1 6 2 8 13 3 14 21 2 23 26 2 29 34 1 36 41 1 44 47 2 51 54 4 57 62 1 64 69 1 72 75 2 79 82 3 85 90 1 92 97 3 99 104 1 107 110 1 113 118 2 120 125 2 127 132 1 134 139 1 142 145 2 148 153 3 154 161 2 163 166 1 169 174 2 176 181 2 184 187 2 190 195 3 197 202 4 203 210 1 212 215 1 218 223 1 225 230 1 233 236 
13 2 4 12 6 20 28 3 37 43 3 53 59 3 66 78 1 85 91 1 100 108 4 116 124 4 130 142 2 149 155 6 162 174 1 179 189 7 196 204 
8 13 4 22 4 34 44 12 58 72 14 82 100 12 110 124 2 136 150 16 160 178 6 191 199 
16 3 7 23 4 41 49 1 67 83 3 95 115 3 126 144 4 159 171 3 187 203 15 215 235 19 245 265 9 276 294 5 309 321 11 337 353 18 364 386 1 397 413 6 428 442 8 457 473 
9 18 11 48 2 80 97 25 134 161 5 188 225 14 256 275 13 314 335 2 375 392 1 434 451 2 491 512 
8 41 9 55 8 77 115 11 147 173 10 215 233 25 265 311 36 328 376 7 398 434 4 465 495 
13 22 6 33 2 52 65 10 88 107 14 128 145 5 168 183 8 204 225 2 246 261 10 287 298 13 319 344 21 357 384 10 398 421 20 437 460 9 476 499 
