50 40 12.3
5 4 1 14 2 10 3 20 4 30 24 9 30 10 30 11 12 12 30 13 28 14 27 15 19 16 12 17 26 18 10 19 19 20 26 25 13 26 24 27 27 28 13 29 29 30 21 31 10 32 20 33 14 34 12 35 27 36 12 16 5 17 6 25 7 20 8 21 9 14 10 13 11 12 12 27 13 26 14 22 15 30 16 24 21 11 22 12 23 11 24 15 4 33 19 34 17 35 18 36 21 4 37 14 38 26 39 26 40 19 
5 4 1 29 2 15 3 12 4 11 12 9 18 10 21 11 18 12 29 17 11 18 25 19 27 20 13 21 25 22 29 23 28 24 17 4 29 17 30 20 31 21 32 19 8 21 15 22 19 23 11 24 26 25 14 26 28 27 26 28 22 4 37 19 38 29 39 21 40 26 
5 4 1 16 2 23 3 19 4 27 32 5 30 6 24 7 29 8 21 9 26 10 26 11 16 12 23 13 20 14 15 15 21 16 14 17 19 18 20 19 11 20 23 21 16 22 25 23 22 24 10 25 26 26 28 27 13 28 10 29 10 30 14 31 15 32 26 33 15 34 30 35 18 36 26 12 17 14 18 23 19 27 20 15 21 13 22 29 23 29 24 18 33 24 34 29 35 24 36 21 12 9 27 10 12 11 24 12 10 17 21 18 19 19 20 20 16 29 24 30 25 31 25 32 27 4 37 20 38 20 39 23 40 23 
5 4 1 18 2 26 3 30 4 24 20 5 30 6 11 7 20 8 13 9 14 10 18 11 21 12 11 21 19 22 12 23 21 24 11 29 15 30 15 31 23 32 12 33 30 34 10 35 15 36 19 12 5 26 6 14 7 10 8 15 17 29 18 19 19 10 20 28 21 16 22 30 23 20 24 15 24 5 22 6 29 7 17 8 14 9 22 10 10 11 13 12 29 13 17 14 21 15 23 16 18 17 18 18 16 19 27 20 22 21 15 22 11 23 23 24 28 33 23 34 15 35 12 36 19 4 37 27 38 29 39 14 40 28 
5 4 1 21 2 11 3 30 4 15 8 17 27 18 13 19 10 20 24 21 15 22 26 23 24 24 20 4 29 17 30 25 31 10 32 15 4 33 21 34 30 35 12 36 24 4 37 23 38 11 39 15 40 17 
5 4 1 16 2 10 3 20 4 12 4 5 24 6 25 7 27 8 11 24 5 11 6 16 7 21 8 20 9 14 10 20 11 19 12 10 13 28 14 17 15 17 16 22 17 28 18 22 19 10 20 27 21 14 22 13 23 26 24 10 33 27 34 17 35 17 36 14 8 25 18 26 15 27 23 28 14 29 26 30 15 31 23 32 14 4 37 13 38 21 39 14 40 17 
5 4 1 10 2 12 3 12 4 28 32 5 30 6 19 7 27 8 19 9 11 10 22 11 29 12 27 13 12 14 10 15 10 16 30 17 14 18 11 19 14 20 27 21 21 22 23 23 19 24 30 25 22 26 26 27 21 28 19 29 19 30 15 31 29 32 20 33 17 34 16 35 13 36 19 20 9 20 10 22 11 25 12 22 13 19 14 15 15 20 16 23 21 22 22 26 23 19 24 18 25 28 26 22 27 29 28 30 33 14 34 12 35 17 36 16 16 9 26 10 18 11 23 12 16 13 27 14 21 15 25 16 23 17 26 18 11 19 18 20 25 33 19 34 25 35 17 36 24 4 37 21 38 23 39 30 40 20 
5 4 1 22 2 19 3 26 4 10 32 5 27 6 23 7 17 8 19 9 21 10 17 11 14 12 21 13 21 14 29 15 18 16 20 17 25 18 19 19 12 20 22 21 16 22 20 23 10 24 27 25 21 26 13 27 21 28 12 29 16 30 16 31 26 32 25 33 19 34 11 35 14 36 20 12 9 22 10 27 11 29 12 11 13 19 14 27 15 18 16 20 29 18 30 24 31 22 32 22 8 25 15 26 13 27 24 28 10 29 11 30 22 31 16 32 14 4 37 14 38 16 39 25 40 13 
5 4 1 28 2 15 3 17 4 13 8 13 27 14 30 15 27 16 19 17 17 18 21 19 14 20 14 24 5 14 6 29 7 12 8 17 13 21 14 28 15 29 16 19 17 28 18 12 19 26 20 22 25 15 26 27 27 30 28 27 29 27 30 24 31 12 32 25 33 17 34 14 35 12 36 25 12 17 10 18 16 19 11 20 29 21 13 22 13 23 21 24 14 25 16 26 22 27 11 28 28 4 37 12 38 11 39 14 40 19 
5 4 1 19 2 11 3 16 4 12 24 5 11 6 27 7 15 8 20 9 18 10 17 11 28 12 10 13 18 14 19 15 23 16 13 21 21 22 28 23 16 24 25 25 16 26 14 27 17 28 17 33 10 34 20 35 16 36 16 28 5 12 6 17 7 27 8 24 9 18 10 19 11 19 12 22 17 29 18 11 19 15 20 24 21 19 22 11 23 23 24 14 25 13 26 16 27 17 28 23 29 22 30 18 31 25 32 16 33 24 34 10 35 13 36 28 16 5 18 6 12 7 28 8 26 13 27 14 22 15 19 16 18 21 14 22 26 23 13 24 24 33 16 34 22 35 16 36 23 4 37 12 38 18 39 10 40 21 
5 4 1 15 2 16 3 13 4 16 12 5 17 6 11 7 12 8 29 13 22 14 19 15 22 16 13 25 14 26 15 27 23 28 20 16 5 27 6 18 7 23 8 28 21 15 22 11 23 18 24 11 29 24 30 18 31 11 32 20 33 23 34 21 35 28 36 23 4 29 15 30 22 31 25 32 15 4 37 25 38 21 39 22 40 22 
5 4 1 18 2 14 3 15 4 29 20 5 14 6 17 7 29 8 22 9 22 10 23 11 11 12 15 21 29 22 17 23 20 24 22 25 26 26 24 27 19 28 15 33 29 34 30 35 15 36 12 28 5 26 6 21 7 28 8 14 9 24 10 12 11 27 12 20 13 21 14 13 15 12 16 28 17 14 18 13 19 24 20 16 21 25 22 14 23 22 24 15 25 11 26 19 27 13 28 27 29 22 30 29 31 11 32 20 16 9 30 10 14 11 11 12 26 17 28 18 11 19 25 20 29 25 29 26 11 27 25 28 12 29 18 30 16 31 14 32 24 4 37 29 38 15 39 10 40 29 
5 4 1 16 2 14 3 10 4 16 8 5 19 6 12 7 21 8 25 13 19 14 29 15 10 16 22 16 5 17 6 11 7 23 8 18 9 14 10 29 11 18 12 11 13 30 14 18 15 18 16 16 25 20 26 19 27 22 28 28 8 13 20 14 10 15 29 16 26 21 28 22 20 23 18 24 12 4 37 22 38 18 39 19 40 13 
5 4 1 12 2 30 3 12 4 13 16 5 14 6 22 7 19 8 18 13 27 14 19 15 20 16 14 17 23 18 13 19 27 20 21 21 22 22 26 23 10 24 15 4 17 27 18 22 19 25 20 12 24 5 23 6 11 7 19 8 16 9 28 10 12 11 18 12 16 13 19 14 12 15 28 16 19 25 17 26 23 27 30 28 11 29 16 30 28 31 19 32 24 33 24 34 23 35 30 36 21 4 37 17 38 11 39 23 40 19 
5 4 1 11 2 18 3 20 4 25 8 9 29 10 22 11 15 12 14 13 22 14 19 15 22 16 25 32 5 23 6 16 7 16 8 20 9 19 10 25 11 20 12 27 13 26 14 11 15 26 16 15 17 20 18 19 19 19 20 21 21 24 22 13 23 15 24 29 25 11 26 10 27 15 28 28 29 25 30 18 31 15 32 23 33 22 34 21 35 28 36 28 28 5 18 6 13 7 30 8 28 9 22 10 12 11 22 12 24 13 23 14 19 15 27 16 27 17 16 18 30 19 20 20 11 21 29 22 24 23 16 24 23 25 28 26 22 27 17 28 14 33 22 34 12 35 23 36 21 4 37 16 38 26 39 12 40 30 
5 4 1 27 2 19 3 15 4 14 8 9 14 10 17 11 15 12 27 25 23 26 22 27 28 28 27 4 13 20 14 30 15 16 16 29 12 17 25 18 15 19 14 20 13 21 22 22 13 23 14 24 28 29 13 30 28 31 20 32 23 4 37 18 38 29 39 16 40 30 
5 4 1 26 2 12 3 24 4 10 20 9 16 10 24 11 29 12 26 13 23 14 14 15 13 16 12 21 25 22 26 23 15 24 26 25 12 26 21 27 18 28 16 29 18 30 13 31 16 32 14 32 5 23 6 22 7 22 8 11 9 19 10 16 11 19 12 29 13 11 14 12 15 29 16 26 17 22 18 29 19 16 20 14 21 14 22 16 23 14 24 26 25 30 26 26 27 20 28 22 29 17 30 22 31 19 32 14 33 19 34 30 35 10 36 11 20 5 22 6 26 7 18 8 15 17 10 18 29 19 11 20 19 21 20 22 23 23 22 24 11 25 11 26 24 27 18 28 30 29 17 30 29 31 22 32 27 4 37 23 38 14 39 11 40 27 
5 4 1 28 2 21 3 24 4 29 8 21 14 22 18 23 23 24 23 25 29 26 20 27 13 28 15 32 5 24 6 26 7 24 8 29 9 21 10 13 11 27 12 10 13 20 14 10 15 16 16 16 17 30 18 24 19 16 20 24 21 10 22 12 23 18 24 23 25 23 26 23 27 27 28 20 29 18 30 23 31 10 32 16 33 25 34 17 35 16 36 18 16 17 14 18 27 19 20 20 23 21 22 22 20 23 21 24 25 25 23 26 19 27 10 28 30 29 10 30 28 31 17 32 15 4 37 27 38 17 39 18 40 17 
5 4 1 16 2 16 3 18 4 13 8 13 29 14 22 15 27 16 30 25 29 26 19 27 22 28 22 24 9 14 10 11 11 20 12 18 13 18 14 17 15 16 16 16 17 12 18 11 19 27 20 24 21 30 22 19 23 13 24 30 25 17 26 16 27 21 28 10 33 14 34 26 35 24 36 20 32 5 17 6 30 7 11 8 23 9 16 10 25 11 16 12 14 13 22 14 15 15 18 16 16 17 11 18 11 19 28 20 27 21 26 22 20 23 27 24 17 25 12 26 20 27 15 28 11 29 25 30 20 31 29 32 17 33 30 34 28 35 20 36 21 4 37 14 38 30 39 14 40 22 
5 4 1 23 2 13 3 28 4 24 24 5 25 6 13 7 27 8 13 9 16 10 23 11 30 12 26 13 12 14 27 15 11 16 29 21 18 22 29 23 12 24 14 29 22 30 18 31 20 32 24 33 14 34 29 35 22 36 15 32 5 25 6 19 7 13 8 24 9 27 10 12 11 25 12 12 13 18 14 20 15 20 16 13 17 17 18 14 19 13 20 12 21 12 22 28 23 19 24 27 25 29 26 19 27 16 28 22 29 26 30 17 31 19 32 12 33 22 34 29 35 30 36 12 32 5 27 6 29 7 11 8 25 9 18 10 21 11 12 12 27 13 10 14 22 15 16 16 12 17 27 18 22 19 26 20 11 21 10 22 19 23 14 24 19 25 24 26 15 27 19 28 26 29 11 30 14 31 10 32 16 33 12 34 21 35 25 36 16 4 37 16 38 19 39 12 40 12 
5 4 1 27 2 25 3 28 4 11 12 9 24 10 14 11 10 12 25 13 23 14 15 15 30 16 19 21 10 22 24 23 16 24 12 8 13 14 14 27 15 28 16 14 25 15 26 29 27 18 28 26 20 5 16 6 20 7 26 8 25 13 24 14 10 15 28 16 10 21 18 22 26 23 20 24 14 25 16 26 14 27 11 28 13 29 29 30 30 31 29 32 10 4 37 21 38 24 39 25 40 18 
5 4 1 12 2 22 3 13 4 12 16 9 21 10 10 11 14 12 10 13 26 14 15 15 20 16 10 25 16 26 22 27 16 28 25 29 13 30 24 31 21 32 23 8 9 25 10 14 11 30 12 15 21 10 22 12 23 16 24 20 20 13 30 14 22 15 23 16 17 17 26 18 21 19 26 20 13 21 10 22 22 23 17 24 16 25 25 26 26 27 12 28 21 33 19 34 25 35 22 36 22 4 37 24 38 11 39 12 40 29 
5 4 1 19 2 20 3 11 4 25 28 5 30 6 24 7 14 8 23 9 27 10 11 11 17 12 24 13 24 14 11 15 29 16 11 17 21 18 28 19 20 20 29 25 13 26 29 27 15 28 16 29 12 30 19 31 18 32 22 33 16 34 27 35 22 36 19 20 9 19 10 20 11 22 12 19 13 14 14 12 15 12 16 24 17 13 18 21 19 24 20 10 21 11 22 28 23 17 24 28 29 20 30 30 31 13 32 17 20 5 13 6 20 7 26 8 13 9 11 10 21 11 26 12 14 13 18 14 14 15 27 16 30 21 22 22 26 23 20 24 26 29 26 30 16 31 23 32 12 4 37 17 38 25 39 11 40 25 
5 4 1 27 2 30 3 11 4 30 4 17 14 18 27 19 17 20 15 4 9 21 10 12 11 25 12 14 4 9 25 10 13 11 26 12 26 4 37 10 38 25 39 30 40 20 
5 4 1 29 2 25 3 28 4 21 12 5 12 6 14 7 23 8 29 21 27 22 28 23 12 24 27 33 13 34 23 35 14 36 11 20 5 16 6 11 7 13 8 11 17 13 18 12 19 28 20 25 21 13 22 21 23 19 24 10 29 13 30 13 31 15 32 27 33 29 34 29 35 14 36 21 32 5 30 6 25 7 19 8 22 9 21 10 30 11 25 12 19 13 15 14 18 15 20 16 12 17 22 18 21 19 16 20 15 21 11 22 18 23 11 24 20 25 18 26 20 27 10 28 12 29 23 30 21 31 27 32 17 33 30 34 17 35 14 36 24 4 37 12 38 24 39 11 40 14 
5 4 1 15 2 23 3 21 4 29 32 5 28 6 21 7 14 8 18 9 25 10 14 11 11 12 11 13 11 14 25 15 29 16 26 17 21 18 23 19 29 20 25 21 18 22 27 23 21 24 26 25 16 26 25 27 16 28 16 29 17 30 17 31 30 32 24 33 22 34 25 35 30 36 14 28 5 11 6 21 7 18 8 16 9 11 10 17 11 28 12 20 17 20 18 13 19 24 20 10 21 16 22 29 23 10 24 20 25 19 26 14 27 12 28 15 29 21 30 24 31 24 32 29 33 29 34 19 35 18 36 22 28 9 21 10 24 11 11 12 30 13 19 14 12 15 15 16 28 17 12 18 22 19 19 20 21 21 17 22 17 23 10 24 16 25 17 26 24 27 30 28 26 29 14 30 17 31 21 32 22 33 22 34 21 35 23 36 11 4 37 13 38 29 39 29 40 11 
5 4 1 27 2 20 3 27 4 25 4 13 21 14 12 15 16 16 27 8 5 13 6 16 7 13 8 17 17 23 18 13 19 29 20 18 28 5 19 6 18 7 21 8 25 9 12 10 10 11 13 12 25 13 11 14 12 15 22 16 28 17 10 18 10 19 27 20 14 21 17 22 13 23 29 24 21 29 27 30 29 31 22 32 14 33 14 34 20 35 25 36 18 4 37 21 38 11 39 23 40 20 
5 4 1 21 2 26 3 14 4 29 24 5 25 6 26 7 30 8 24 9 21 10 11 11 23 12 27 13 29 14 17 15 29 16 26 25 18 26 23 27 13 28 27 29 10 30 10 31 29 32 21 33 27 34 27 35 28 36 27 32 5 15 6 18 7 22 8 14 9 28 10 22 11 21 12 17 13 22 14 18 15 27 16 28 17 30 18 26 19 14 20 22 21 30 22 14 23 23 24 28 25 14 26 26 27 19 28 18 29 30 30 10 31 21 32 11 33 17 34 19 35 23 36 25 8 17 29 18 29 19 28 20 13 25 30 26 29 27 21 28 16 4 37 22 38 18 39 21 40 19 
5 4 1 18 2 30 3 24 4 16 8 21 19 22 26 23 10 24 15 29 22 30 26 31 28 32 13 20 9 29 10 12 11 27 12 16 13 10 14 16 15 14 16 27 25 28 26 19 27 13 28 20 29 11 30 25 31 16 32 20 33 29 34 28 35 27 36 16 32 5 12 6 12 7 23 8 14 9 27 10 29 11 24 12 30 13 14 14 15 15 21 16 10 17 26 18 16 19 24 20 14 21 24 22 21 23 22 24 12 25 23 26 27 27 15 28 26 29 17 30 26 31 13 32 30 33 20 34 10 35 23 36 10 4 37 12 38 25 39 29 40 20 
5 4 1 15 2 17 3 25 4 13 28 9 22 10 25 11 19 12 20 13 29 14 12 15 26 16 25 17 22 18 17 19 23 20 25 21 12 22 15 23 16 24 14 25 28 26 15 27 27 28 17 29 23 30 22 31 11 32 20 33 15 34 20 35 11 36 16 16 9 29 10 13 11 11 12 17 13 20 14 18 15 15 16 26 25 16 26 16 27 10 28 28 33 21 34 23 35 28 36 18 32 5 10 6 12 7 12 8 27 9 11 10 14 11 25 12 25 13 26 14 16 15 25 16 11 17 11 18 21 19 27 20 18 21 11 22 11 23 11 24 23 25 25 26 12 27 27 28 23 29 11 30 11 31 16 32 16 33 27 34 13 35 26 36 18 4 37 25 38 21 39 27 40 23 
5 4 1 12 2 18 3 27 4 30 4 5 28 6 16 7 22 8 23 32 5 23 6 19 7 27 8 19 9 21 10 11 11 22 12 30 13 17 14 23 15 28 16 10 17 26 18 22 19 28 20 12 21 26 22 29 23 29 24 27 25 22 26 14 27 29 28 17 29 22 30 15 31 24 32 19 33 22 34 10 35 15 36 29 20 5 15 6 16 7 18 8 15 9 23 10 19 11 19 12 28 13 20 14 19 15 11 16 25 17 23 18 20 19 10 20 10 33 20 34 19 35 16 36 15 4 37 14 38 10 39 21 40 25 
5 4 1 13 2 19 3 29 4 28 20 5 12 6 22 7 30 8 30 13 17 14 20 15 18 16 12 17 18 18 24 19 22 20 16 25 19 26 25 27 26 28 12 29 21 30 24 31 12 32 28 20 5 18 6 21 7 27 8 28 9 11 10 30 11 13 12 17 13 13 14 21 15 23 16 18 21 17 22 12 23 17 24 29 29 29 30 17 31 20 32 15 32 5 20 6 20 7 17 8 17 9 20 10 19 11 18 12 12 13 27 14 10 15 24 16 30 17 18 18 22 19 16 20 20 21 15 22 17 23 29 24 23 25 23 26 16 27 23 28 23 29 18 30 11 31 29 32 29 33 17 34 29 35 15 36 30 4 37 10 38 15 39 12 40 20 
5 4 1 17 2 16 3 18 4 30 4 17 28 18 26 19 23 20 27 24 5 29 6 24 7 11 8 17 17 14 18 27 19 19 20 19 21 30 22 18 23 26 24 14 25 15 26 14 27 16 28 26 29 28 30 28 31 13 32 26 33 27 34 13 35 27 36 18 20 9 20 10 23 11 20 12 16 13 13 14 24 15 21 16 10 21 10 22 16 23 22 24 22 29 14 30 20 31 11 32 20 33 24 34 24 35 28 36 24 4 37 10 38 15 39 21 40 24 
5 4 1 17 2 21 3 12 4 13 4 29 17 30 12 31 28 32 16 28 5 11 6 24 7 27 8 24 9 17 10 10 11 23 12 14 13 21 14 14 15 17 16 30 17 10 18 20 19 28 20 18 21 10 22 11 23 12 24 25 25 20 26 21 27 23 28 25 33 22 34 17 35 30 36 25 8 9 26 10 21 11 12 12 27 33 19 34 10 35 22 36 29 4 37 10 38 10 39 11 40 24 
5 4 1 10 2 24 3 14 4 17 4 13 17 14 11 15 20 16 29 12 9 25 10 25 11 10 12 26 17 28 18 20 19 12 20 14 33 12 34 14 35 15 36 14 8 5 12 6 21 7 16 8 30 33 19 34 16 35 23 36 11 4 37 25 38 19 39 25 40 30 
5 4 1 27 2 30 3 17 4 25 28 5 20 6 25 7 11 8 21 9 12 10 22 11 23 12 28 17 29 18 28 19 17 20 26 21 10 22 20 23 10 24 21 25 10 26 30 27 18 28 14 29 29 30 16 31 15 32 11 33 28 34 11 35 26 36 27 28 5 22 6 16 7 30 8 18 9 20 10 12 11 26 12 29 13 16 14 24 15 13 16 24 21 12 22 13 23 26 24 15 25 13 26 26 27 17 28 13 29 30 30 12 31 16 32 25 33 28 34 16 35 27 36 15 20 9 28 10 21 11 15 12 25 17 10 18 10 19 20 20 19 21 28 22 11 23 26 24 21 25 26 26 27 27 18 28 15 29 30 30 21 31 18 32 10 4 37 17 38 20 39 14 40 23 
5 4 1 14 2 18 3 27 4 13 24 5 20 6 21 7 10 8 11 9 13 10 10 11 25 12 16 13 22 14 30 15 29 16 30 17 27 18 20 19 11 20 29 29 20 30 19 31 22 32 20 33 29 34 28 35 25 36 14 12 21 18 22 27 23 10 24 18 25 19 26 19 27 22 28 12 33 30 34 17 35 17 36 19 32 5 20 6 21 7 24 8 21 9 28 10 12 11 27 12 24 13 24 14 20 15 13 16 29 17 27 18 12 19 15 20 12 21 30 22 30 23 15 24 25 25 13 26 12 27 29 28 23 29 25 30 20 31 19 32 28 33 22 34 20 35 16 36 19 4 37 20 38 10 39 20 40 10 
5 4 1 15 2 15 3 14 4 15 8 9 12 10 30 11 23 12 29 25 14 26 19 27 17 28 23 32 5 10 6 20 7 28 8 12 9 22 10 25 11 17 12 12 13 27 14 23 15 16 16 25 17 15 18 19 19 23 20 13 21 13 22 27 23 16 24 17 25 12 26 30 27 28 28 18 29 29 30 16 31 21 32 18 33 13 34 14 35 17 36 22 24 9 22 10 28 11 20 12 28 13 30 14 10 15 19 16 16 17 20 18 17 19 14 20 26 21 17 22 22 23 16 24 25 25 29 26 22 27 19 28 12 29 22 30 22 31 17 32 23 4 37 23 38 19 39 27 40 26 
5 4 1 15 2 17 3 11 4 28 8 9 23 10 28 11 27 12 16 13 14 14 11 15 12 16 23 16 13 27 14 10 15 19 16 14 21 29 22 17 23 27 24 11 25 14 26 16 27 21 28 11 29 28 30 19 31 19 32 12 28 5 16 6 14 7 25 8 17 9 23 10 15 11 27 12 26 13 22 14 17 15 10 16 15 17 28 18 18 19 19 20 17 21 27 22 12 23 22 24 17 25 21 26 21 27 27 28 14 33 14 34 28 35 25 36 16 4 37 30 38 12 39 12 40 28 
5 4 1 28 2 22 3 17 4 24 28 5 17 6 23 7 14 8 20 13 22 14 17 15 21 16 12 17 29 18 25 19 30 20 21 21 22 22 10 23 14 24 26 25 15 26 16 27 12 28 15 29 20 30 26 31 26 32 24 33 15 34 23 35 15 36 19 20 5 27 6 18 7 25 8 11 9 25 10 28 11 19 12 29 13 24 14 24 15 18 16 24 17 16 18 27 19 24 20 14 21 29 22 10 23 23 24 16 16 13 20 14 27 15 13 16 11 17 26 18 22 19 15 20 26 29 30 30 30 31 27 32 26 33 29 34 30 35 28 36 10 4 37 20 38 25 39 19 40 24 
5 4 1 13 2 14 3 14 4 10 24 5 12 6 27 7 17 8 10 9 19 10 12 11 15 12 23 17 30 18 18 19 24 20 21 21 16 22 20 23 23 24 22 25 10 26 29 27 28 28 20 29 28 30 13 31 23 32 21 16 13 22 14 25 15 13 16 29 21 13 22 30 23 15 24 24 29 12 30 24 31 20 32 30 33 17 34 22 35 13 36 29 8 13 22 14 29 15 21 16 10 21 30 22 24 23 20 24 12 4 37 25 38 26 39 29 40 22 
5 4 1 12 2 16 3 10 4 23 12 9 20 10 19 11 15 12 15 13 23 14 17 15 20 16 21 29 28 30 22 31 19 32 15 8 9 22 10 25 11 28 12 27 13 28 14 26 15 19 16 24 8 5 21 6 22 7 18 8 16 13 10 14 10 15 22 16 21 4 37 28 38 29 39 17 40 26 
5 4 1 22 2 15 3 11 4 17 12 5 13 6 19 7 24 8 23 21 21 22 20 23 13 24 29 29 11 30 22 31 26 32 13 32 5 11 6 21 7 23 8 14 9 22 10 16 11 10 12 19 13 27 14 30 15 14 16 29 17 28 18 14 19 26 20 22 21 29 22 15 23 30 24 12 25 21 26 16 27 24 28 23 29 16 30 23 31 25 32 18 33 16 34 19 35 22 36 22 32 5 29 6 12 7 24 8 16 9 23 10 22 11 11 12 23 13 16 14 26 15 24 16 20 17 20 18 17 19 23 20 25 21 13 22 13 23 10 24 28 25 27 26 19 27 21 28 14 29 15 30 14 31 22 32 16 33 15 34 10 35 28 36 23 4 37 25 38 30 39 19 40 27 
5 4 1 12 2 16 3 18 4 28 16 9 19 10 12 11 19 12 27 13 15 14 19 15 16 16 25 21 10 22 19 23 24 24 28 29 16 30 27 31 27 32 24 4 25 14 26 16 27 23 28 10 32 5 17 6 16 7 15 8 15 9 22 10 26 11 29 12 25 13 23 14 19 15 13 16 30 17 10 18 15 19 20 20 19 21 10 22 26 23 27 24 29 25 12 26 13 27 17 28 12 29 22 30 18 31 10 32 23 33 11 34 23 35 30 36 16 4 37 15 38 30 39 25 40 20 
5 4 1 11 2 13 3 18 4 25 28 5 15 6 28 7 10 8 29 9 16 10 26 11 21 12 18 13 13 14 19 15 21 16 27 17 28 18 12 19 11 20 24 25 18 26 27 27 26 28 17 29 28 30 17 31 21 32 15 33 29 34 24 35 17 36 12 28 5 12 6 16 7 26 8 15 9 19 10 29 11 23 12 12 13 26 14 15 15 30 16 15 17 15 18 19 19 23 20 26 21 15 22 19 23 28 24 24 29 28 30 26 31 18 32 21 33 15 34 13 35 19 36 15 16 9 29 10 20 11 30 12 13 17 14 18 13 19 15 20 27 25 14 26 30 27 27 28 19 29 18 30 27 31 15 32 12 4 37 25 38 15 39 14 40 24 
5 4 1 17 2 22 3 26 4 26 24 5 12 6 23 7 28 8 15 17 14 18 19 19 28 20 27 21 27 22 28 23 20 24 21 25 16 26 12 27 14 28 27 29 16 30 18 31 19 32 25 33 21 34 19 35 28 36 18 4 9 23 10 14 11 11 12 26 32 5 16 6 18 7 21 8 26 9 22 10 19 11 29 12 14 13 28 14 26 15 28 16 15 17 18 18 10 19 22 20 21 21 10 22 17 23 28 24 23 25 15 26 11 27 27 28 28 29 22 30 27 31 28 32 23 33 18 34 20 35 23 36 26 4 37 21 38 19 39 14 40 18 
5 4 1 22 2 19 3 10 4 11 4 5 13 6 18 7 28 8 15 16 9 20 10 30 11 19 12 24 13 26 14 21 15 29 16 12 29 28 30 21 31 11 32 12 33 12 34 15 35 28 36 18 16 21 28 22 11 23 24 24 29 25 29 26 24 27 15 28 28 29 10 30 19 31 15 32 12 33 27 34 14 35 30 36 21 4 37 29 38 25 39 25 40 22 
5 4 1 15 2 25 3 14 4 18 8 13 11 14 15 15 21 16 26 33 14 34 27 35 27 36 25 32 5 23 6 16 7 24 8 19 9 26 10 24 11 25 12 17 13 26 14 23 15 15 16 30 17 15 18 26 19 19 20 22 21 19 22 22 23 24 24 25 25 18 26 27 27 20 28 17 29 22 30 28 31 14 32 22 33 19 34 23 35 29 36 23 28 5 13 6 15 7 23 8 20 13 18 14 26 15 14 16 24 17 11 18 10 19 20 20 10 21 22 22 24 23 22 24 10 25 21 26 26 27 13 28 14 29 26 30 16 31 12 32 20 33 25 34 27 35 22 36 28 4 37 12 38 24 39 22 40 16 
5 4 1 17 2 29 3 14 4 24 28 5 24 6 18 7 10 8 15 9 17 10 29 11 30 12 19 13 12 14 10 15 22 16 21 17 27 18 14 19 27 20 11 25 30 26 24 27 15 28 28 29 28 30 18 31 27 32 19 33 28 34 23 35 19 36 16 32 5 28 6 19 7 26 8 25 9 30 10 27 11 18 12 23 13 11 14 18 15 25 16 29 17 22 18 19 19 10 20 11 21 21 22 22 23 17 24 25 25 23 26 17 27 28 28 17 29 20 30 27 31 30 32 10 33 30 34 18 35 15 36 24 16 5 14 6 10 7 12 8 30 13 30 14 21 15 30 16 24 17 10 18 24 19 28 20 15 33 11 34 11 35 22 36 10 4 37 27 38 17 39 29 40 29 
5 4 1 14 2 16 3 30 4 11 16 9 13 10 28 11 13 12 28 21 20 22 21 23 21 24 30 29 18 30 15 31 30 32 12 33 13 34 18 35 12 36 21 4 29 12 30 25 31 25 32 21 12 21 19 22 14 23 12 24 20 25 24 26 12 27 11 28 23 33 16 34 15 35 23 36 12 4 37 20 38 24 39 25 40 28 
3 3 10 67 20 91 140 33 167 218 
9 19 3 24 5 36 45 6 57 78 8 88 101 14 112 131 3 143 154 16 167 184 1 198 207 4 220 239 
3 45 12 66 15 104 130 35 174 216 
6 28 6 36 14 51 75 8 98 112 1 141 153 10 182 196 11 224 238 
14 1 1 5 2 7 11 4 12 18 2 19 23 2 25 29 2 31 35 1 38 40 2 42 48 2 48 54 2 55 59 3 60 66 2 67 71 1 73 77 2 79 83 
16 1 1 4 1 6 9 1 11 14 1 16 19 3 20 25 1 25 30 3 30 35 1 35 40 1 40 45 2 45 50 1 51 54 1 56 59 1 61 64 1 65 70 1 71 74 1 76 79 
10 5 1 8 3 10 17 3 20 25 2 29 34 3 38 43 1 48 51 4 56 61 2 65 70 3 74 79 4 82 89 
6 4 4 10 1 17 25 2 29 41 2 46 52 4 58 68 1 74 80 
20 2 1 5 2 6 12 1 13 17 2 19 23 1 25 29 2 31 35 1 37 41 1 43 47 2 49 53 2 55 59 2 61 65 1 66 72 2 73 77 1 80 82 1 86 88 4 90 96 4 96 102 3 102 108 1 110 112 2 115 119 
20 1 1 4 1 6 9 1 11 14 1 16 19 1 21 24 1 26 29 2 30 35 1 36 39 2 40 45 1 46 49 1 51 54 2 56 59 2 61 64 2 66 69 2 71 74 1 76 79 2 81 84 2 85 90 1 91 94 1 95 100 
4 8 7 19 4 35 43 3 59 71 6 85 97 
17 1 1 6 2 9 12 3 15 20 1 22 27 2 30 33 1 37 40 2 44 47 1 50 55 1 57 62 2 64 69 1 70 77 3 77 84 1 86 89 2 93 96 3 99 104 2 105 112 3 113 118 
2 11 17 41 21 75 99 
7 2 3 13 4 20 28 6 35 45 6 52 60 11 66 78 6 83 93 3 99 109 
12 3 2 8 2 13 17 4 21 29 2 33 37 1 43 47 1 52 58 1 61 69 1 73 77 1 81 89 2 93 97 4 102 108 2 112 118 
5 3 3 22 9 32 43 9 57 68 13 78 97 14 103 122 
11 1 1 8 1 11 16 1 20 25 3 28 35 3 38 43 2 48 51 1 55 62 2 65 70 4 73 80 1 82 89 4 92 97 
12 2 1 7 4 9 15 2 18 22 2 26 30 3 34 38 5 41 47 3 50 54 2 57 63 4 65 71 4 73 79 3 81 87 5 89 95 
7 6 3 10 1 15 24 1 29 36 3 42 49 6 54 63 8 67 76 2 82 87 
14 2 1 6 3 8 13 1 16 19 1 22 27 2 29 34 2 36 41 1 43 48 1 50 55 1 56 63 2 65 68 2 72 75 1 79 82 1 86 89 1 92 97 
9 1 3 7 3 13 17 2 22 28 5 31 39 1 41 49 3 53 57 1 62 68 4 72 78 1 82 88 
19 1 1 4 3 5 10 1 11 14 2 16 19 2 21 24 3 25 30 1 31 34 1 36 39 1 41 44 1 45 50 1 51 54 2 55 60 1 61 64 2 66 69 3 70 75 1 76 79 2 81 84 1 86 89 1 91 94 
9 5 1 9 1 13 17 1 22 28 3 33 37 6 41 49 2 53 57 5 61 69 2 72 78 3 81 89 
6 1 5 11 2 21 27 1 35 45 9 50 62 2 67 77 2 83 93 
18 1 1 4 1 6 9 1 11 14 2 16 19 1 21 24 3 25 30 1 30 35 1 36 39 1 41 44 1 46 49 3 50 55 2 56 59 1 61 64 1 65 70 2 71 74 1 76 79 2 81 84 1 86 89 
2 6 10 35 8 60 75 
18 1 1 4 2 5 10 2 11 14 3 15 20 1 21 24 1 26 29 3 30 35 1 36 39 1 41 44 2 46 49 2 51 54 1 56 59 1 61 64 2 65 70 2 71 74 1 76 79 1 81 84 1 86 89 
12 2 2 5 3 8 13 2 14 21 2 22 27 1 29 34 2 36 41 2 43 48 1 50 55 1 58 61 2 64 69 4 71 76 3 78 83 
5 3 6 14 8 24 36 1 46 54 1 65 75 5 86 94 
22 2 0 5 2 5 10 1 11 14 1 16 19 1 21 24 1 26 29 3 30 35 3 35 40 2 40 45 1 46 49 1 51 54 1 55 60 2 61 64 2 66 69 1 71 74 1 76 79 2 81 84 1 86 89 1 90 95 1 95 100 1 101 104 1 106 109 
3 3 12 23 12 45 60 12 81 94 
17 2 1 5 2 7 11 2 13 17 2 19 23 1 26 28 2 31 35 3 36 42 1 44 46 1 50 52 3 54 60 2 61 65 3 67 71 2 73 77 1 79 83 1 85 89 4 90 96 3 96 102 
8 2 3 8 5 13 20 3 24 31 4 34 43 2 47 52 3 58 63 6 68 75 6 79 86 
12 2 0 7 3 8 13 2 16 19 1 22 27 2 30 33 2 36 41 3 43 48 2 51 54 1 57 62 2 64 69 2 70 77 2 79 82 
20 1 1 4 2 6 9 1 10 15 1 16 19 2 21 24 3 25 30 1 31 34 2 36 39 2 41 44 2 46 49 1 51 54 2 56 59 1 60 65 1 66 69 1 71 74 1 76 79 3 80 85 2 86 89 1 91 94 2 96 99 
8 3 2 9 1 14 19 1 24 31 4 36 41 4 45 54 3 58 63 2 69 74 3 78 87 
12 2 7 14 1 27 36 5 49 56 1 69 78 2 89 100 12 109 122 1 133 140 1 149 166 2 174 183 7 193 206 7 216 225 2 234 249 
4 21 12 52 13 86 106 2 141 179 13 202 246 
7 6 12 23 5 42 63 4 76 99 6 114 131 5 147 168 9 185 200 2 220 235 
7 20 5 34 1 53 64 9 83 112 1 131 142 10 170 181 9 209 220 15 245 262 
