100 40 12.45
5 4 1 21 2 19 3 19 4 15 8 13 19 14 10 15 20 16 16 29 22 30 29 31 29 32 30 28 5 16 6 11 7 30 8 10 9 16 10 23 11 29 12 30 17 28 18 20 19 21 20 14 21 11 22 11 23 30 24 15 25 21 26 20 27 10 28 22 29 14 30 16 31 18 32 15 33 12 34 11 35 13 36 17 28 5 12 6 14 7 22 8 21 13 22 14 23 15 23 16 20 17 30 18 14 19 15 20 13 21 28 22 11 23 18 24 21 25 12 26 17 27 10 28 12 29 10 30 16 31 11 32 13 33 12 34 28 35 19 36 17 4 37 16 38 19 39 18 40 27 
5 4 1 27 2 29 3 14 4 24 8 25 12 26 16 27 19 28 27 29 21 30 10 31 17 32 11 24 5 17 6 20 7 17 8 25 13 10 14 18 15 10 16 29 17 10 18 23 19 25 20 22 21 18 22 12 23 11 24 11 29 23 30 19 31 17 32 20 33 10 34 10 35 27 36 29 24 5 29 6 13 7 23 8 28 9 10 10 21 11 25 12 21 13 30 14 17 15 15 16 26 17 26 18 28 19 13 20 14 25 13 26 14 27 28 28 13 33 30 34 26 35 22 36 13 4 37 14 38 12 39 21 40 17 
5 4 1 15 2 13 3 23 4 25 4 21 29 22 28 23 23 24 18 4 9 14 10 14 11 15 12 20 20 5 26 6 22 7 28 8 22 9 29 10 12 11 18 12 27 21 28 22 16 23 26 24 30 25 28 26 13 27 11 28 15 33 16 34 30 35 16 36 14 4 37 19 38 26 39 11 40 20 
5 4 1 19 2 22 3 12 4 23 32 5 10 6 28 7 28 8 20 9 15 10 11 11 18 12 25 13 23 14 12 15 18 16 26 17 17 18 24 19 25 20 11 21 30 22 18 23 22 24 13 25 24 26 13 27 11 28 22 29 20 30 26 31 23 32 18 33 16 34 10 35 26 36 29 24 5 22 6 21 7 19 8 14 9 21 10 10 11 20 12 27 17 25 18 21 19 28 20 14 25 20 26 19 27 27 28 23 29 12 30 21 31 15 32 21 33 16 34 28 35 10 36 21 4 21 13 22 12 23 12 24 25 4 37 26 38 29 39 23 40 10 
5 4 1 10 2 19 3 30 4 10 12 21 27 22 11 23 13 24 20 25 14 26 21 27 11 28 29 29 20 30 11 31 25 32 26 12 9 16 10 27 11 25 12 27 25 20 26 20 27 23 28 28 33 18 34 28 35 19 36 27 28 5 23 6 27 7 26 8 26 9 20 10 12 11 26 12 21 13 19 14 15 15 20 16 11 17 11 18 28 19 20 20 30 25 18 26 25 27 17 28 14 29 27 30 23 31 24 32 16 33 28 34 12 35 24 36 19 4 37 15 38 23 39 28 40 28 
5 4 1 19 2 10 3 19 4 19 12 17 23 18 29 19 20 20 17 21 10 22 15 23 14 24 11 33 15 34 22 35 17 36 23 8 5 16 6 28 7 29 8 10 17 12 18 25 19 16 20 26 24 5 18 6 13 7 18 8 24 9 22 10 29 11 16 12 13 13 18 14 15 15 24 16 27 17 10 18 26 19 16 20 19 21 23 22 17 23 29 24 17 33 11 34 11 35 30 36 28 4 37 12 38 25 39 16 40 26 
5 4 1 24 2 23 3 25 4 22 24 9 13 10 23 11 24 12 28 13 11 14 25 15 23 16 30 21 11 22 20 23 21 24 17 25 12 26 25 27 23 28 18 29 15 30 27 31 10 32 21 33 19 34 28 35 25 36 29 12 9 26 10 13 11 29 12 27 29 25 30 21 31 18 32 25 33 30 34 14 35 21 36 13 8 25 29 26 20 27 12 28 10 33 12 34 16 35 30 36 30 4 37 19 38 22 39 24 40 21 
5 4 1 28 2 26 3 23 4 12 32 5 20 6 21 7 15 8 19 9 14 10 23 11 28 12 24 13 25 14 30 15 22 16 23 17 25 18 18 19 21 20 23 21 25 22 14 23 18 24 28 25 17 26 11 27 30 28 12 29 18 30 23 31 12 32 28 33 16 34 19 35 22 36 14 8 9 23 10 30 11 17 12 23 21 11 22 13 23 28 24 23 20 5 23 6 29 7 30 8 11 21 24 22 29 23 25 24 25 25 19 26 10 27 28 28 23 29 18 30 25 31 30 32 20 33 12 34 22 35 10 36 15 4 37 29 38 28 39 23 40 12 
5 4 1 28 2 29 3 14 4 30 20 5 25 6 23 7 21 8 10 13 18 14 28 15 10 16 29 17 15 18 22 19 29 20 12 25 21 26 25 27 28 28 23 33 30 34 22 35 20 36 25 8 21 28 22 17 23 16 24 12 33 30 34 10 35 21 36 26 28 5 15 6 22 7 18 8 24 9 28 10 18 11 21 12 30 13 24 14 24 15 17 16 24 17 11 18 27 19 29 20 23 25 17 26 13 27 27 28 19 29 29 30 17 31 19 32 16 33 27 34 23 35 29 36 12 4 37 22 38 24 39 25 40 17 
5 4 1 27 2 24 3 22 4 23 28 5 28 6 15 7 16 8 25 9 29 10 18 11 16 12 20 13 19 14 15 15 26 16 13 21 12 22 15 23 24 24 18 25 10 26 26 27 16 28 17 29 28 30 30 31 29 32 15 33 20 34 22 35 21 36 13 12 17 13 18 28 19 17 20 25 25 21 26 23 27 12 28 15 29 18 30 20 31 21 32 20 16 9 29 10 19 11 25 12 22 17 27 18 27 19 29 20 26 21 14 22 14 23 13 24 25 33 19 34 18 35 28 36 19 4 37 11 38 12 39 10 40 18 
5 4 1 30 2 24 3 12 4 26 12 5 21 6 20 7 10 8 19 9 17 10 22 11 28 12 12 25 28 26 11 27 27 28 23 12 25 16 26 11 27 28 28 19 29 24 30 10 31 19 32 10 33 16 34 23 35 22 36 13 12 9 22 10 13 11 10 12 15 21 29 22 13 23 23 24 17 29 26 30 18 31 15 32 14 4 37 27 38 18 39 21 40 11 
5 4 1 24 2 10 3 21 4 14 4 13 19 14 15 15 22 16 20 16 9 13 10 14 11 28 12 29 13 22 14 12 15 30 16 17 17 23 18 22 19 27 20 19 29 10 30 15 31 12 32 18 4 33 24 34 21 35 24 36 10 4 37 15 38 25 39 14 40 24 
5 4 1 17 2 19 3 26 4 29 32 5 22 6 23 7 29 8 29 9 19 10 12 11 25 12 29 13 25 14 24 15 20 16 28 17 15 18 29 19 26 20 17 21 12 22 11 23 20 24 16 25 25 26 16 27 12 28 29 29 17 30 10 31 17 32 13 33 26 34 11 35 24 36 15 8 17 22 18 24 19 30 20 11 21 10 22 27 23 10 24 21 4 21 14 22 15 23 28 24 28 4 37 19 38 19 39 25 40 20 
5 4 1 28 2 25 3 15 4 23 32 5 27 6 19 7 14 8 16 9 29 10 25 11 23 12 30 13 12 14 11 15 15 16 30 17 29 18 20 19 29 20 18 21 12 22 28 23 30 24 11 25 14 26 20 27 12 28 12 29 20 30 17 31 16 32 15 33 14 34 28 35 28 36 12 32 5 25 6 14 7 16 8 27 9 12 10 27 11 27 12 28 13 14 14 26 15 28 16 14 17 22 18 18 19 28 20 29 21 10 22 15 23 18 24 25 25 22 26 29 27 16 28 18 29 26 30 12 31 23 32 29 33 24 34 21 35 15 36 20 16 5 28 6 21 7 13 8 27 9 21 10 18 11 18 12 16 21 30 22 29 23 14 24 21 33 20 34 12 35 25 36 29 4 37 17 38 28 39 17 40 28 
5 4 1 10 2 29 3 13 4 24 12 9 13 10 11 11 29 12 11 17 10 18 13 19 14 20 13 25 25 26 27 27 22 28 25 8 9 19 10 21 11 12 12 13 21 25 22 14 23 19 24 17 20 9 27 10 15 11 28 12 15 21 20 22 26 23 14 24 10 25 24 26 29 27 15 28 12 29 27 30 13 31 21 32 10 33 17 34 23 35 20 36 21 4 37 13 38 25 39 10 40 18 
5 4 1 21 2 16 3 22 4 30 8 5 20 6 11 7 27 8 10 25 27 26 24 27 13 28 19 12 13 24 14 29 15 11 16 12 17 23 18 19 19 29 20 22 25 18 26 13 27 17 28 17 24 9 10 10 16 11 30 12 24 13 24 14 11 15 18 16 24 17 23 18 14 19 13 20 28 21 27 22 24 23 15 24 22 25 30 26 27 27 26 28 28 33 13 34 21 35 15 36 13 4 37 11 38 30 39 19 40 29 
5 4 1 19 2 26 3 14 4 16 12 9 21 10 17 11 20 12 11 17 12 18 10 19 18 20 20 21 19 22 26 23 15 24 13 16 5 25 6 12 7 22 8 16 9 13 10 10 11 10 12 13 17 28 18 27 19 19 20 14 21 10 22 24 23 29 24 13 28 5 10 6 27 7 21 8 21 9 19 10 28 11 17 12 10 13 24 14 14 15 23 16 28 17 24 18 23 19 21 20 12 21 21 22 15 23 14 24 25 25 20 26 10 27 20 28 13 29 13 30 29 31 12 32 25 4 37 24 38 17 39 16 40 18 
5 4 1 28 2 19 3 19 4 21 28 5 22 6 10 7 10 8 29 13 18 14 20 15 15 16 22 17 20 18 11 19 17 20 14 21 15 22 14 23 20 24 13 25 11 26 27 27 22 28 23 29 19 30 18 31 22 32 20 33 12 34 30 35 11 36 19 24 5 12 6 30 7 18 8 24 9 13 10 17 11 17 12 29 17 11 18 25 19 11 20 22 21 12 22 16 23 30 24 28 25 16 26 20 27 15 28 24 33 24 34 14 35 18 36 27 28 5 16 6 28 7 20 8 29 13 22 14 14 15 15 16 30 17 22 18 23 19 22 20 24 21 16 22 24 23 28 24 27 25 11 26 30 27 12 28 22 29 26 30 15 31 14 32 19 33 14 34 17 35 14 36 16 4 37 20 38 27 39 14 40 18 
5 4 1 30 2 10 3 11 4 17 32 5 17 6 13 7 19 8 25 9 27 10 22 11 16 12 19 13 11 14 11 15 30 16 24 17 11 18 12 19 30 20 25 21 14 22 15 23 14 24 18 25 29 26 22 27 23 28 15 29 25 30 20 31 14 32 16 33 22 34 30 35 19 36 16 16 5 29 6 12 7 11 8 25 13 19 14 20 15 16 16 30 21 15 22 21 23 21 24 13 33 11 34 30 35 21 36 27 12 21 10 22 19 23 27 24 21 25 30 26 23 27 18 28 24 33 13 34 25 35 20 36 27 4 37 11 38 22 39 25 40 11 
5 4 1 24 2 27 3 18 4 19 12 9 27 10 15 11 11 12 23 17 21 18 22 19 10 20 18 29 20 30 13 31 20 32 26 20 17 25 18 18 19 18 20 20 21 19 22 10 23 15 24 29 25 14 26 12 27 14 28 22 29 27 30 26 31 25 32 20 33 17 34 29 35 17 36 28 4 33 20 34 23 35 15 36 14 4 37 24 38 22 39 21 40 15 
5 4 1 13 2 14 3 18 4 12 28 9 24 10 26 11 28 12 23 13 18 14 26 15 22 16 21 17 13 18 11 19 10 20 15 21 14 22 10 23 14 24 24 25 23 26 24 27 23 28 18 29 27 30 13 31 28 32 28 33 27 34 26 35 16 36 28 20 5 12 6 30 7 24 8 29 13 18 14 18 15 14 16 17 21 21 22 11 23 18 24 28 25 30 26 11 27 20 28 15 29 15 30 24 31 13 32 23 16 13 15 14 11 15 14 16 25 21 30 22 15 23 11 24 15 25 26 26 14 27 18 28 12 29 16 30 13 31 17 32 16 4 37 17 38 11 39 20 40 26 
5 4 1 25 2 21 3 14 4 28 4 17 30 18 28 19 14 20 15 12 13 11 14 17 15 19 16 21 17 23 18 29 19 21 20 19 21 24 22 11 23 28 24 30 20 9 10 10 26 11 29 12 22 13 26 14 16 15 10 16 11 21 22 22 19 23 11 24 25 25 23 26 13 27 10 28 14 29 22 30 16 31 12 32 28 4 37 18 38 11 39 15 40 22 
5 4 1 25 2 28 3 16 4 17 4 9 17 10 24 11 18 12 25 8 13 29 14 10 15 20 16 16 29 26 30 21 31 15 32 22 4 9 29 10 10 11 12 12 17 4 37 14 38 29 39 13 40 27 
5 4 1 24 2 25 3 23 4 23 8 5 25 6 24 7 24 8 23 25 14 26 26 27 24 28 10 32 5 23 6 10 7 18 8 13 9 14 10 16 11 29 12 28 13 19 14 25 15 25 16 23 17 12 18 11 19 20 20 13 21 28 22 12 23 10 24 30 25 27 26 14 27 17 28 30 29 16 30 11 31 19 32 30 33 29 34 10 35 17 36 13 20 5 13 6 12 7 13 8 12 13 27 14 20 15 23 16 23 17 14 18 15 19 16 20 13 25 27 26 16 27 27 28 12 29 23 30 12 31 25 32 17 4 37 10 38 29 39 12 40 19 
5 4 1 19 2 29 3 16 4 28 16 5 23 6 12 7 19 8 14 9 19 10 29 11 22 12 17 17 15 18 25 19 28 20 26 21 29 22 23 23 26 24 20 16 9 28 10 22 11 12 12 23 17 13 18 25 19 29 20 29 25 25 26 17 27 16 28 13 29 10 30 22 31 29 32 26 4 13 30 14 20 15 24 16 17 4 37 18 38 21 39 20 40 29 
5 4 1 29 2 28 3 10 4 22 16 5 30 6 30 7 11 8 13 9 20 10 24 11 24 12 16 17 16 18 25 19 11 20 21 33 14 34 15 35 14 36 16 20 9 20 10 14 11 10 12 29 17 27 18 30 19 30 20 24 21 29 22 11 23 14 24 19 25 25 26 14 27 27 28 13 29 24 30 11 31 28 32 28 4 25 14 26 14 27 25 28 13 4 37 18 38 21 39 18 40 12 
5 4 1 11 2 20 3 22 4 14 28 5 22 6 18 7 18 8 29 9 29 10 24 11 11 12 23 13 25 14 13 15 19 16 23 17 26 18 14 19 11 20 28 21 15 22 27 23 15 24 17 25 13 26 15 27 26 28 23 33 19 34 29 35 17 36 12 28 9 23 10 25 11 19 12 22 13 11 14 16 15 23 16 20 17 20 18 23 19 23 20 22 21 13 22 23 23 12 24 17 25 10 26 21 27 27 28 19 29 25 30 14 31 15 32 25 33 12 34 13 35 12 36 17 20 5 12 6 26 7 11 8 19 13 15 14 22 15 26 16 23 21 13 22 22 23 15 24 18 25 20 26 12 27 14 28 28 29 27 30 19 31 27 32 12 4 37 27 38 12 39 23 40 25 
5 4 1 16 2 18 3 12 4 18 28 5 28 6 20 7 10 8 22 9 17 10 24 11 17 12 13 13 25 14 26 15 19 16 19 17 29 18 11 19 22 20 14 21 26 22 23 23 11 24 10 25 10 26 28 27 30 28 27 29 27 30 17 31 24 32 12 8 5 14 6 21 7 22 8 19 9 30 10 20 11 17 12 18 24 5 15 6 14 7 16 8 28 9 26 10 20 11 24 12 30 17 29 18 19 19 24 20 14 21 12 22 20 23 14 24 13 29 26 30 20 31 16 32 24 33 13 34 21 35 14 36 18 4 37 18 38 24 39 16 40 20 
5 4 1 10 2 10 3 12 4 30 24 5 22 6 21 7 29 8 28 9 22 10 25 11 27 12 26 17 19 18 21 19 19 20 14 25 20 26 16 27 28 28 13 29 10 30 14 31 19 32 14 33 23 34 23 35 19 36 22 28 5 24 6 16 7 25 8 24 9 13 10 22 11 20 12 11 13 18 14 11 15 16 16 25 17 28 18 30 19 16 20 15 21 26 22 20 23 13 24 27 25 18 26 10 27 26 28 19 29 25 30 25 31 20 32 25 32 5 20 6 22 7 24 8 25 9 28 10 25 11 25 12 21 13 21 14 28 15 14 16 20 17 17 18 10 19 16 20 28 21 14 22 27 23 13 24 14 25 14 26 29 27 12 28 30 29 17 30 30 31 17 32 28 33 20 34 28 35 24 36 10 4 37 23 38 19 39 24 40 29 
5 4 1 12 2 29 3 29 4 16 28 5 18 6 13 7 13 8 16 9 16 10 18 11 17 12 27 13 26 14 30 15 14 16 10 17 18 18 12 19 18 20 17 25 24 26 20 27 11 28 11 29 20 30 24 31 18 32 12 33 19 34 11 35 12 36 11 8 17 18 18 13 19 17 20 29 29 15 30 30 31 18 32 14 28 5 30 6 10 7 27 8 18 9 18 10 16 11 24 12 24 13 14 14 10 15 10 16 27 17 27 18 17 19 28 20 14 21 19 22 19 23 15 24 22 25 15 26 11 27 28 28 10 29 20 30 28 31 12 32 17 4 37 27 38 25 39 10 40 14 
5 4 1 16 2 22 3 10 4 18 24 5 14 6 27 7 30 8 27 9 18 10 22 11 25 12 18 17 10 18 27 19 11 20 23 21 22 22 12 23 12 24 25 25 11 26 28 27 12 28 17 29 25 30 26 31 22 32 16 28 5 24 6 10 7 27 8 11 9 13 10 30 11 25 12 29 13 24 14 15 15 11 16 12 17 17 18 24 19 24 20 24 21 22 22 11 23 29 24 18 25 23 26 21 27 29 28 22 29 24 30 13 31 29 32 11 16 21 22 22 27 23 20 24 21 25 21 26 22 27 12 28 24 29 12 30 17 31 20 32 25 33 24 34 13 35 28 36 25 4 37 17 38 12 39 17 40 21 
5 4 1 20 2 17 3 23 4 13 28 5 11 6 14 7 19 8 23 9 24 10 26 11 10 12 11 13 23 14 26 15 10 16 18 17 27 18 10 19 13 20 21 25 17 26 24 27 17 28 21 29 29 30 10 31 19 32 17 33 23 34 18 35 21 36 12 28 5 17 6 12 7 24 8 13 9 29 10 27 11 14 12 15 13 12 14 22 15 27 16 28 21 14 22 30 23 17 24 23 25 21 26 18 27 24 28 30 29 18 30 17 31 24 32 26 33 19 34 15 35 21 36 16 12 13 20 14 19 15 29 16 10 17 11 18 18 19 18 20 10 21 13 22 26 23 25 24 15 4 37 24 38 15 39 17 40 11 
5 4 1 27 2 15 3 19 4 10 12 5 22 6 19 7 10 8 27 13 20 14 20 15 16 16 18 17 26 18 24 19 19 20 19 32 5 28 6 28 7 22 8 23 9 24 10 22 11 19 12 20 13 10 14 10 15 20 16 25 17 18 18 14 19 28 20 25 21 21 22 19 23 26 24 12 25 13 26 25 27 18 28 16 29 19 30 24 31 26 32 11 33 28 34 29 35 10 36 13 12 5 29 6 11 7 25 8 24 13 21 14 17 15 17 16 15 29 17 30 17 31 21 32 23 4 37 15 38 16 39 29 40 15 
5 4 1 25 2 28 3 25 4 23 4 21 13 22 30 23 22 24 11 24 5 11 6 27 7 23 8 27 9 22 10 30 11 18 12 20 13 16 14 28 15 20 16 18 21 20 22 18 23 22 24 11 25 22 26 23 27 14 28 13 29 14 30 16 31 14 32 30 24 5 21 6 15 7 15 8 22 9 27 10 19 11 20 12 21 13 10 14 16 15 30 16 14 17 25 18 26 19 23 20 30 25 24 26 25 27 24 28 17 33 30 34 21 35 19 36 27 4 37 22 38 22 39 11 40 29 
5 4 1 17 2 11 3 20 4 16 24 5 19 6 17 7 20 8 11 9 18 10 22 11 20 12 10 13 19 14 24 15 14 16 22 21 24 22 17 23 25 24 15 29 14 30 19 31 24 32 29 33 26 34 30 35 18 36 10 16 5 26 6 25 7 19 8 20 9 20 10 28 11 24 12 19 13 11 14 22 15 27 16 21 33 16 34 25 35 12 36 26 24 5 18 6 30 7 10 8 19 13 12 14 28 15 27 16 17 17 30 18 19 19 25 20 27 21 28 22 15 23 25 24 28 25 14 26 28 27 13 28 19 33 29 34 12 35 21 36 14 4 37 15 38 17 39 29 40 17 
5 4 1 25 2 17 3 22 4 29 4 25 24 26 25 27 22 28 28 16 5 14 6 12 7 10 8 17 17 28 18 24 19 25 20 30 21 21 22 30 23 15 24 21 25 26 26 14 27 12 28 21 28 5 10 6 23 7 22 8 15 9 17 10 28 11 11 12 11 17 22 18 25 19 30 20 11 21 18 22 15 23 12 24 12 25 28 26 24 27 27 28 22 29 21 30 20 31 21 32 26 33 13 34 16 35 28 36 30 4 37 23 38 18 39 23 40 30 
5 4 1 17 2 19 3 26 4 24 12 9 15 10 13 11 17 12 15 17 23 18 25 19 29 20 17 33 26 34 26 35 25 36 15 28 9 23 10 14 11 22 12 25 13 17 14 27 15 23 16 11 17 10 18 30 19 20 20 20 21 29 22 28 23 22 24 24 25 15 26 15 27 10 28 13 29 23 30 26 31 13 32 13 33 27 34 13 35 26 36 22 16 5 24 6 25 7 12 8 22 13 29 14 11 15 24 16 16 21 22 22 16 23 26 24 13 25 10 26 17 27 20 28 30 4 37 30 38 26 39 13 40 22 
5 4 1 12 2 26 3 20 4 11 8 9 12 10 13 11 16 12 17 29 20 30 30 31 11 32 14 12 5 17 6 18 7 12 8 21 25 22 26 28 27 20 28 26 29 11 30 13 31 15 32 15 8 13 11 14 26 15 27 16 10 25 30 26 15 27 10 28 29 4 37 16 38 26 39 19 40 28 
5 4 1 25 2 10 3 15 4 29 32 5 10 6 17 7 12 8 15 9 30 10 24 11 29 12 26 13 28 14 24 15 23 16 18 17 25 18 10 19 29 20 21 21 12 22 27 23 16 24 23 25 16 26 30 27 30 28 19 29 20 30 22 31 10 32 15 33 10 34 25 35 21 36 29 20 9 10 10 23 11 27 12 23 13 28 14 28 15 25 16 11 21 18 22 24 23 26 24 12 25 18 26 21 27 27 28 14 29 14 30 13 31 19 32 20 4 21 13 22 12 23 10 24 26 4 37 12 38 14 39 30 40 21 
5 4 1 20 2 28 3 13 4 24 4 5 14 6 13 7 21 8 29 28 5 21 6 13 7 18 8 15 9 11 10 26 11 14 12 28 13 17 14 16 15 10 16 14 17 20 18 15 19 19 20 16 25 26 26 28 27 26 28 17 29 26 30 21 31 27 32 17 33 16 34 25 35 18 36 23 24 9 10 10 19 11 20 12 14 13 22 14 13 15 29 16 30 17 24 18 19 19 30 20 23 21 20 22 12 23 16 24 15 25 19 26 18 27 29 28 29 33 26 34 14 35 23 36 14 4 37 17 38 29 39 21 40 14 
5 4 1 24 2 11 3 16 4 27 28 5 20 6 19 7 28 8 23 9 18 10 21 11 25 12 13 13 24 14 30 15 13 16 18 17 23 18 30 19 10 20 29 21 29 22 28 23 12 24 12 29 18 30 28 31 27 32 21 33 13 34 13 35 19 36 21 8 5 27 6 13 7 10 8 24 33 26 34 21 35 17 36 20 12 17 21 18 20 19 27 20 13 25 19 26 14 27 30 28 17 29 14 30 13 31 22 32 17 4 37 12 38 13 39 10 40 25 
5 4 1 19 2 30 3 12 4 24 4 25 19 26 14 27 25 28 12 24 5 20 6 24 7 29 8 19 9 19 10 14 11 30 12 13 17 13 18 23 19 20 20 21 21 29 22 27 23 11 24 10 25 20 26 13 27 22 28 22 33 30 34 27 35 27 36 23 16 5 24 6 12 7 24 8 28 13 29 14 16 15 26 16 16 17 25 18 12 19 16 20 23 29 15 30 22 31 22 32 15 4 37 16 38 10 39 26 40 17 
5 4 1 29 2 25 3 30 4 11 16 9 19 10 18 11 10 12 17 25 17 26 26 27 12 28 10 29 16 30 25 31 12 32 21 33 28 34 27 35 27 36 30 8 13 15 14 30 15 22 16 10 21 15 22 12 23 16 24 14 32 5 12 6 11 7 15 8 18 9 21 10 10 11 19 12 20 13 21 14 12 15 13 16 27 17 10 18 25 19 18 20 30 21 18 22 11 23 16 24 29 25 19 26 10 27 24 28 21 29 25 30 12 31 25 32 27 33 27 34 25 35 15 36 11 4 37 14 38 24 39 27 40 28 
5 4 1 17 2 14 3 24 4 30 32 5 23 6 20 7 10 8 23 9 14 10 22 11 28 12 22 13 21 14 19 15 27 16 17 17 11 18 25 19 15 20 29 21 20 22 12 23 26 24 28 25 11 26 12 27 12 28 16 29 14 30 25 31 21 32 26 33 14 34 18 35 20 36 10 4 5 23 6 11 7 18 8 30 32 5 19 6 10 7 17 8 25 9 16 10 22 11 13 12 24 13 17 14 10 15 23 16 23 17 16 18 16 19 29 20 11 21 29 22 21 23 14 24 17 25 14 26 30 27 22 28 25 29 17 30 23 31 25 32 14 33 17 34 10 35 18 36 25 4 37 14 38 29 39 26 40 22 
5 4 1 11 2 26 3 10 4 21 28 5 22 6 10 7 21 8 20 9 22 10 21 11 12 12 16 13 16 14 19 15 28 16 13 17 22 18 19 19 12 20 19 21 19 22 15 23 26 24 30 25 14 26 25 27 14 28 20 29 24 30 23 31 30 32 15 24 9 25 10 23 11 20 12 11 13 27 14 29 15 17 16 25 21 22 22 19 23 13 24 12 25 26 26 13 27 25 28 18 29 18 30 10 31 10 32 15 33 12 34 11 35 17 36 28 4 5 23 6 15 7 27 8 10 4 37 17 38 10 39 28 40 28 
5 4 1 21 2 27 3 16 4 24 8 13 29 14 15 15 22 16 18 33 25 34 14 35 29 36 30 20 9 27 10 16 11 15 12 26 13 14 14 15 15 24 16 16 21 12 22 24 23 11 24 10 25 27 26 29 27 12 28 21 33 19 34 28 35 20 36 15 24 5 23 6 22 7 29 8 12 9 15 10 21 11 28 12 30 17 19 18 29 19 25 20 15 21 14 22 10 23 24 24 17 29 13 30 20 31 21 32 29 33 12 34 22 35 27 36 26 4 37 13 38 30 39 16 40 14 
5 4 1 12 2 18 3 23 4 28 32 5 12 6 19 7 11 8 20 9 28 10 20 11 19 12 11 13 24 14 12 15 27 16 29 17 17 18 10 19 22 20 16 21 15 22 30 23 24 24 12 25 29 26 16 27 30 28 21 29 21 30 29 31 25 32 25 33 15 34 19 35 17 36 18 28 5 30 6 28 7 26 8 20 9 18 10 15 11 21 12 16 13 25 14 22 15 11 16 29 21 29 22 27 23 13 24 17 25 29 26 29 27 19 28 14 29 21 30 18 31 29 32 14 33 23 34 30 35 16 36 13 16 17 13 18 16 19 10 20 11 21 10 22 16 23 28 24 16 25 26 26 19 27 23 28 21 33 18 34 26 35 20 36 10 4 37 29 38 16 39 29 40 26 
5 4 1 27 2 30 3 13 4 26 12 9 22 10 26 11 10 12 16 25 22 26 25 27 29 28 26 33 23 34 26 35 14 36 25 16 5 10 6 30 7 24 8 22 17 25 18 29 19 29 20 30 25 18 26 27 27 15 28 17 29 27 30 16 31 15 32 29 28 5 25 6 15 7 23 8 11 9 29 10 17 11 16 12 26 13 18 14 14 15 19 16 11 17 10 18 22 19 30 20 21 21 21 22 24 23 21 24 14 29 24 30 23 31 20 32 14 33 21 34 25 35 22 36 29 4 37 30 38 30 39 15 40 25 
5 4 1 27 2 24 3 26 4 29 12 17 12 18 14 19 21 20 27 25 24 26 13 27 29 28 16 33 25 34 21 35 25 36 14 28 5 23 6 12 7 25 8 22 13 15 14 18 15 16 16 21 17 13 18 28 19 21 20 10 21 30 22 19 23 29 24 24 25 18 26 20 27 17 28 15 29 11 30 24 31 13 32 27 33 30 34 13 35 12 36 17 24 5 16 6 14 7 17 8 10 9 25 10 25 11 25 12 15 13 10 14 12 15 15 16 30 17 24 18 10 19 17 20 30 21 13 22 17 23 11 24 29 29 19 30 19 31 19 32 10 4 37 17 38 20 39 14 40 13 
5 4 1 13 2 24 3 30 4 19 12 5 22 6 10 7 16 8 14 9 29 10 28 11 13 12 21 21 14 22 10 23 13 24 23 24 5 22 6 20 7 16 8 21 13 25 14 17 15 13 16 11 17 22 18 29 19 15 20 20 21 23 22 23 23 24 24 22 29 13 30 14 31 20 32 24 33 14 34 25 35 20 36 17 20 5 30 6 22 7 27 8 13 9 25 10 12 11 27 12 12 21 16 22 13 23 16 24 30 29 17 30 23 31 14 32 18 33 22 34 27 35 19 36 30 4 37 21 38 10 39 16 40 22 
5 4 1 10 2 13 3 11 4 13 28 5 22 6 17 7 17 8 26 9 18 10 26 11 10 12 14 13 24 14 11 15 16 16 17 21 14 22 16 23 23 24 14 25 23 26 19 27 27 28 15 29 29 30 11 31 28 32 26 33 23 34 14 35 23 36 10 8 9 23 10 30 11 19 12 22 17 25 18 29 19 16 20 14 16 13 26 14 27 15 19 16 23 17 19 18 20 19 23 20 21 21 20 22 21 23 18 24 27 33 28 34 20 35 19 36 22 4 37 29 38 13 39 13 40 14 
5 4 1 26 2 21 3 30 4 19 20 5 10 6 21 7 16 8 13 9 30 10 27 11 19 12 27 13 22 14 28 15 24 16 11 29 16 30 10 31 29 32 16 33 28 34 13 35 24 36 24 8 9 29 10 19 11 13 12 22 33 17 34 16 35 14 36 27 4 5 17 6 27 7 28 8 22 4 37 10 38 26 39 20 40 29 
5 4 1 10 2 19 3 11 4 22 12 9 11 10 18 11 17 12 10 13 17 14 15 15 10 16 27 33 24 34 12 35 16 36 24 4 29 15 30 15 31 29 32 26 24 5 16 6 29 7 10 8 22 9 27 10 20 11 15 12 26 13 24 14 25 15 15 16 21 25 23 26 29 27 13 28 29 29 15 30 24 31 21 32 23 33 15 34 12 35 16 36 17 4 37 26 38 15 39 12 40 18 
5 4 1 17 2 13 3 17 4 21 24 5 16 6 10 7 28 8 18 13 20 14 24 15 10 16 17 17 24 18 23 19 22 20 17 21 12 22 11 23 30 24 12 29 24 30 19 31 30 32 14 33 12 34 28 35 10 36 16 20 13 14 14 21 15 29 16 13 17 27 18 19 19 25 20 28 21 18 22 15 23 25 24 22 25 12 26 22 27 29 28 15 33 10 34 29 35 30 36 12 32 5 27 6 12 7 21 8 22 9 20 10 25 11 17 12 11 13 19 14 10 15 25 16 27 17 22 18 30 19 25 20 10 21 23 22 29 23 17 24 19 25 17 26 13 27 30 28 16 29 11 30 25 31 29 32 11 33 23 34 20 35 22 36 25 4 37 29 38 21 39 13 40 21 
5 4 1 12 2 26 3 24 4 21 12 13 13 14 26 15 13 16 10 25 30 26 26 27 24 28 19 33 17 34 11 35 21 36 25 12 5 10 6 27 7 24 8 10 21 28 22 17 23 18 24 19 25 28 26 15 27 17 28 11 16 5 23 6 10 7 20 8 22 21 20 22 27 23 16 24 20 25 24 26 30 27 13 28 23 33 15 34 14 35 23 36 29 4 37 29 38 18 39 16 40 17 
5 4 1 10 2 30 3 13 4 13 24 5 28 6 13 7 27 8 17 9 27 10 10 11 17 12 28 17 17 18 14 19 13 20 13 25 26 26 16 27 12 28 26 29 19 30 22 31 12 32 26 33 14 34 19 35 27 36 20 28 9 23 10 17 11 13 12 25 13 23 14 21 15 26 16 30 17 11 18 28 19 25 20 12 21 30 22 21 23 29 24 13 25 22 26 18 27 17 28 29 29 27 30 23 31 25 32 25 33 15 34 23 35 25 36 17 32 5 13 6 10 7 29 8 21 9 26 10 18 11 14 12 24 13 28 14 27 15 21 16 26 17 24 18 15 19 26 20 18 21 23 22 30 23 30 24 10 25 17 26 14 27 18 28 20 29 23 30 11 31 27 32 16 33 12 34 18 35 23 36 27 4 37 28 38 29 39 30 40 22 
5 4 1 14 2 28 3 20 4 29 28 5 12 6 23 7 12 8 21 9 15 10 15 11 24 12 11 13 19 14 22 15 28 16 11 17 19 18 26 19 18 20 30 21 30 22 19 23 22 24 23 29 11 30 10 31 18 32 23 33 14 34 26 35 13 36 30 12 17 27 18 12 19 11 20 12 25 17 26 11 27 11 28 27 33 29 34 12 35 29 36 21 20 5 27 6 16 7 22 8 13 9 26 10 13 11 11 12 26 13 29 14 18 15 16 16 14 17 27 18 22 19 25 20 22 33 23 34 25 35 15 36 21 4 37 24 38 15 39 27 40 14 
5 4 1 17 2 18 3 30 4 23 28 5 26 6 30 7 21 8 11 9 21 10 18 11 19 12 27 13 23 14 23 15 16 16 10 17 17 18 12 19 12 20 26 21 27 22 26 23 23 24 17 25 19 26 27 27 28 28 26 29 12 30 10 31 19 32 14 32 5 20 6 24 7 20 8 17 9 28 10 24 11 16 12 13 13 22 14 26 15 14 16 20 17 30 18 27 19 28 20 18 21 26 22 28 23 18 24 30 25 21 26 12 27 21 28 18 29 17 30 22 31 26 32 11 33 29 34 17 35 18 36 30 8 5 21 6 22 7 28 8 13 13 19 14 10 15 11 16 30 4 37 29 38 17 39 18 40 30 
5 4 1 27 2 30 3 13 4 23 32 5 23 6 28 7 25 8 18 9 20 10 29 11 11 12 24 13 22 14 27 15 26 16 14 17 13 18 15 19 29 20 15 21 20 22 17 23 22 24 24 25 28 26 25 27 29 28 17 29 21 30 26 31 16 32 15 33 19 34 27 35 21 36 16 8 9 14 10 24 11 13 12 13 33 15 34 12 35 22 36 26 24 5 14 6 24 7 11 8 28 9 26 10 19 11 18 12 23 13 15 14 18 15 12 16 21 17 11 18 24 19 26 20 29 21 27 22 16 23 28 24 15 25 24 26 20 27 20 28 13 4 37 18 38 28 39 14 40 29 
5 4 1 12 2 28 3 26 4 19 24 9 16 10 10 11 22 12 23 13 16 14 21 15 22 16 11 17 11 18 18 19 10 20 10 25 26 26 24 27 13 28 28 29 16 30 15 31 20 32 14 33 20 34 12 35 16 36 14 32 5 29 6 20 7 13 8 16 9 12 10 22 11 17 12 27 13 10 14 28 15 14 16 21 17 20 18 25 19 12 20 30 21 19 22 17 23 22 24 30 25 25 26 25 27 12 28 10 29 11 30 29 31 29 32 14 33 19 34 21 35 16 36 11 32 5 16 6 30 7 25 8 16 9 10 10 13 11 23 12 25 13 23 14 12 15 29 16 11 17 15 18 10 19 27 20 22 21 30 22 25 23 29 24 13 25 22 26 18 27 24 28 26 29 28 30 13 31 19 32 18 33 17 34 16 35 26 36 27 4 37 16 38 12 39 19 40 27 
5 4 1 21 2 22 3 10 4 11 20 9 30 10 14 11 26 12 30 13 15 14 15 15 18 16 16 17 24 18 27 19 12 20 22 21 21 22 15 23 11 24 19 25 17 26 28 27 12 28 25 4 13 26 14 22 15 16 16 27 20 5 20 6 10 7 15 8 10 17 19 18 10 19 30 20 26 21 27 22 25 23 23 24 28 25 14 26 24 27 22 28 20 33 16 34 28 35 11 36 18 4 37 26 38 16 39 13 40 12 
5 4 1 13 2 28 3 23 4 20 16 5 24 6 26 7 17 8 23 9 25 10 16 11 25 12 19 17 12 18 15 19 18 20 20 25 19 26 13 27 24 28 18 16 5 19 6 28 7 25 8 23 13 27 14 17 15 11 16 28 25 16 26 25 27 23 28 15 33 21 34 30 35 21 36 10 4 21 17 22 15 23 25 24 27 4 37 24 38 19 39 21 40 26 
5 4 1 19 2 22 3 24 4 12 12 9 19 10 11 11 10 12 17 13 27 14 14 15 30 16 28 25 21 26 23 27 19 28 15 28 5 18 6 24 7 21 8 14 9 19 10 24 11 18 12 27 13 21 14 30 15 30 16 23 21 10 22 18 23 20 24 14 25 12 26 20 27 26 28 15 29 27 30 20 31 22 32 23 33 17 34 17 35 17 36 26 28 5 29 6 26 7 19 8 26 9 15 10 13 11 13 12 29 13 10 14 17 15 26 16 11 21 24 22 14 23 24 24 26 25 17 26 12 27 18 28 30 29 26 30 10 31 17 32 14 33 10 34 11 35 15 36 19 4 37 13 38 27 39 25 40 17 
5 4 1 17 2 11 3 13 4 30 8 13 22 14 10 15 19 16 26 17 21 18 18 19 18 20 16 28 5 16 6 19 7 16 8 28 13 10 14 24 15 18 16 19 17 16 18 25 19 11 20 22 21 14 22 13 23 17 24 21 25 12 26 29 27 14 28 19 29 15 30 24 31 22 32 20 33 19 34 19 35 28 36 20 20 9 21 10 29 11 15 12 25 13 11 14 20 15 24 16 21 17 12 18 15 19 25 20 20 21 26 22 20 23 28 24 14 25 30 26 20 27 10 28 12 4 37 12 38 17 39 18 40 14 
5 4 1 23 2 15 3 13 4 26 32 5 12 6 30 7 21 8 28 9 20 10 27 11 23 12 15 13 18 14 17 15 13 16 17 17 24 18 18 19 29 20 27 21 28 22 12 23 28 24 24 25 15 26 23 27 28 28 18 29 11 30 28 31 30 32 16 33 10 34 29 35 23 36 19 16 9 12 10 19 11 28 12 12 21 14 22 29 23 19 24 10 25 11 26 21 27 17 28 14 33 23 34 29 35 12 36 14 8 5 13 6 23 7 27 8 30 17 14 18 11 19 21 20 21 4 37 19 38 15 39 17 40 12 
5 4 1 15 2 19 3 16 4 24 20 5 22 6 10 7 11 8 30 9 24 10 11 11 16 12 22 25 15 26 16 27 27 28 22 29 22 30 24 31 12 32 27 33 29 34 27 35 10 36 15 32 5 19 6 21 7 23 8 26 9 14 10 17 11 28 12 11 13 24 14 13 15 28 16 12 17 11 18 30 19 19 20 13 21 18 22 22 23 11 24 17 25 19 26 28 27 24 28 27 29 18 30 27 31 20 32 11 33 26 34 23 35 18 36 11 16 9 19 10 23 11 21 12 23 13 18 14 24 15 29 16 29 17 17 18 16 19 26 20 21 33 23 34 16 35 23 36 22 4 37 24 38 30 39 15 40 18 
5 4 1 26 2 20 3 17 4 24 4 33 29 34 16 35 24 36 23 20 9 13 10 27 11 19 12 30 13 23 14 20 15 20 16 29 17 27 18 19 19 29 20 26 29 28 30 24 31 19 32 10 33 27 34 11 35 17 36 23 28 5 11 6 21 7 18 8 26 9 21 10 21 11 26 12 12 13 15 14 12 15 13 16 30 17 23 18 23 19 16 20 12 21 24 22 20 23 11 24 28 29 15 30 20 31 11 32 18 33 24 34 13 35 20 36 28 4 37 12 38 19 39 12 40 22 
5 4 1 17 2 28 3 12 4 25 12 9 26 10 21 11 22 12 29 25 30 26 14 27 21 28 25 29 27 30 27 31 21 32 22 12 5 21 6 28 7 30 8 19 9 16 10 25 11 21 12 10 25 11 26 18 27 30 28 28 4 21 26 22 17 23 23 24 21 4 37 21 38 20 39 29 40 30 
5 4 1 27 2 22 3 20 4 29 24 5 22 6 13 7 20 8 27 9 16 10 22 11 10 12 18 17 11 18 30 19 10 20 21 21 12 22 24 23 17 24 25 25 12 26 11 27 29 28 30 29 13 30 25 31 10 32 27 32 5 29 6 11 7 10 8 15 9 24 10 10 11 19 12 19 13 21 14 29 15 30 16 24 17 10 18 16 19 22 20 27 21 27 22 29 23 27 24 12 25 26 26 15 27 22 28 22 29 19 30 20 31 21 32 16 33 19 34 15 35 27 36 21 4 17 28 18 22 19 21 20 17 4 37 24 38 13 39 27 40 21 
5 4 1 23 2 18 3 29 4 13 32 5 23 6 24 7 16 8 27 9 11 10 30 11 27 12 11 13 16 14 27 15 28 16 17 17 18 18 22 19 10 20 20 21 22 22 24 23 12 24 15 25 21 26 27 27 24 28 25 29 24 30 26 31 30 32 22 33 11 34 30 35 19 36 13 12 9 28 10 13 11 27 12 12 25 30 26 16 27 23 28 26 29 25 30 22 31 17 32 13 8 29 29 30 25 31 11 32 23 33 24 34 29 35 22 36 21 4 37 24 38 15 39 27 40 22 
5 4 1 19 2 12 3 27 4 29 24 5 27 6 13 7 20 8 30 9 12 10 20 11 21 12 22 17 23 18 17 19 23 20 30 21 26 22 16 23 16 24 14 25 13 26 10 27 19 28 30 29 11 30 27 31 16 32 16 24 5 16 6 11 7 27 8 20 9 21 10 12 11 14 12 15 13 20 14 25 15 23 16 11 17 10 18 15 19 10 20 13 21 21 22 30 23 13 24 14 29 21 30 25 31 26 32 22 24 5 12 6 10 7 11 8 12 9 27 10 23 11 19 12 17 17 30 18 10 19 12 20 14 21 22 22 21 23 18 24 27 25 25 26 11 27 26 28 24 29 15 30 25 31 25 32 18 4 37 20 38 26 39 27 40 11 
5 4 1 17 2 12 3 26 4 17 16 17 16 18 20 19 20 20 17 25 21 26 28 27 19 28 22 29 27 30 23 31 18 32 13 33 25 34 22 35 18 36 15 8 5 22 6 29 7 22 8 26 25 27 26 12 27 25 28 30 16 5 13 6 18 7 22 8 27 9 11 10 15 11 22 12 23 13 20 14 23 15 17 16 20 21 16 22 13 23 18 24 23 4 37 30 38 16 39 29 40 11 
5 4 1 10 2 11 3 18 4 21 4 25 29 26 24 27 16 28 30 32 5 20 6 12 7 10 8 28 9 18 10 19 11 16 12 26 13 23 14 12 15 11 16 12 17 21 18 10 19 11 20 18 21 28 22 17 23 16 24 14 25 20 26 12 27 18 28 12 29 15 30 20 31 19 32 21 33 23 34 30 35 24 36 11 4 21 18 22 15 23 16 24 25 4 37 15 38 28 39 28 40 30 
5 4 1 25 2 29 3 29 4 14 16 9 11 10 18 11 12 12 25 13 17 14 14 15 12 16 14 17 25 18 15 19 23 20 28 21 25 22 28 23 13 24 19 12 9 24 10 16 11 29 12 25 17 18 18 12 19 28 20 11 33 14 34 19 35 22 36 27 24 9 28 10 16 11 19 12 18 13 27 14 11 15 14 16 27 21 24 22 13 23 30 24 19 25 12 26 29 27 20 28 18 29 12 30 18 31 16 32 28 33 24 34 23 35 21 36 10 4 37 24 38 19 39 28 40 11 
5 4 1 14 2 10 3 14 4 14 16 9 11 10 11 11 13 12 19 13 29 14 29 15 26 16 11 21 19 22 18 23 11 24 22 33 30 34 18 35 21 36 12 20 5 12 6 24 7 13 8 17 17 29 18 19 19 22 20 15 21 17 22 15 23 23 24 18 25 30 26 14 27 17 28 16 29 19 30 29 31 16 32 13 20 13 18 14 15 15 25 16 19 17 14 18 21 19 15 20 14 21 16 22 15 23 30 24 14 25 14 26 17 27 23 28 10 33 24 34 19 35 15 36 26 4 37 14 38 24 39 14 40 20 
5 4 1 13 2 10 3 10 4 20 24 5 13 6 16 7 15 8 23 9 22 10 26 11 24 12 27 13 28 14 22 15 25 16 12 21 24 22 21 23 14 24 11 25 19 26 13 27 27 28 26 33 19 34 13 35 21 36 17 32 5 21 6 25 7 23 8 15 9 12 10 12 11 20 12 27 13 19 14 22 15 14 16 18 17 30 18 26 19 28 20 21 21 18 22 18 23 30 24 25 25 21 26 17 27 19 28 11 29 16 30 30 31 28 32 28 33 26 34 28 35 12 36 13 16 5 15 6 16 7 26 8 18 9 23 10 30 11 21 12 11 21 30 22 14 23 18 24 12 25 15 26 17 27 18 28 13 4 37 21 38 13 39 14 40 14 
5 4 1 22 2 21 3 11 4 15 32 5 12 6 19 7 25 8 29 9 15 10 13 11 11 12 20 13 28 14 17 15 25 16 16 17 11 18 23 19 14 20 30 21 23 22 16 23 29 24 22 25 24 26 10 27 23 28 10 29 20 30 15 31 26 32 27 33 19 34 16 35 17 36 20 12 13 11 14 24 15 19 16 20 21 29 22 22 23 20 24 24 25 14 26 19 27 27 28 24 4 9 18 10 21 11 10 12 29 4 37 18 38 22 39 25 40 21 
5 4 1 13 2 30 3 13 4 24 8 9 13 10 13 11 15 12 15 21 18 22 28 23 14 24 21 20 13 27 14 23 15 19 16 27 17 15 18 13 19 13 20 21 21 10 22 26 23 24 24 23 25 16 26 30 27 11 28 23 33 28 34 30 35 13 36 22 12 9 17 10 10 11 28 12 12 13 27 14 15 15 21 16 21 25 26 26 20 27 19 28 26 4 37 26 38 14 39 17 40 11 
5 4 1 22 2 27 3 11 4 16 20 9 25 10 20 11 27 12 23 21 20 22 19 23 15 24 15 25 24 26 10 27 30 28 21 29 12 30 24 31 10 32 17 33 20 34 29 35 30 36 12 4 21 16 22 23 23 13 24 12 32 5 18 6 16 7 10 8 17 9 21 10 25 11 12 12 25 13 22 14 23 15 30 16 18 17 20 18 18 19 24 20 19 21 14 22 28 23 19 24 24 25 11 26 12 27 28 28 20 29 17 30 21 31 24 32 23 33 26 34 27 35 18 36 15 4 37 22 38 23 39 28 40 24 
5 4 1 15 2 27 3 30 4 10 32 5 22 6 23 7 29 8 16 9 17 10 23 11 10 12 22 13 12 14 23 15 29 16 14 17 18 18 15 19 30 20 15 21 24 22 16 23 18 24 10 25 25 26 19 27 14 28 24 29 15 30 13 31 17 32 21 33 11 34 24 35 18 36 11 20 9 19 10 10 11 15 12 10 21 19 22 16 23 12 24 28 25 28 26 29 27 26 28 22 29 12 30 24 31 19 32 14 33 11 34 28 35 23 36 12 24 5 11 6 19 7 12 8 19 9 10 10 18 11 26 12 14 17 16 18 27 19 27 20 25 25 19 26 20 27 26 28 19 29 10 30 26 31 28 32 21 33 12 34 27 35 15 36 12 4 37 20 38 27 39 16 40 13 
5 4 1 30 2 17 3 27 4 23 16 13 29 14 17 15 25 16 13 17 16 18 28 19 26 20 25 25 10 26 21 27 30 28 21 29 15 30 27 31 28 32 11 24 5 14 6 16 7 11 8 30 9 11 10 26 11 10 12 23 13 19 14 25 15 11 16 26 17 19 18 19 19 11 20 27 21 19 22 21 23 27 24 19 33 16 34 19 35 25 36 12 32 5 21 6 15 7 25 8 27 9 13 10 27 11 16 12 19 13 28 14 20 15 22 16 15 17 26 18 19 19 26 20 16 21 29 22 10 23 10 24 13 25 10 26 14 27 21 28 23 29 29 30 30 31 19 32 24 33 29 34 28 35 23 36 18 4 37 18 38 15 39 26 40 17 
5 4 1 16 2 10 3 14 4 18 32 5 29 6 26 7 19 8 29 9 15 10 26 11 29 12 21 13 10 14 17 15 15 16 11 17 12 18 19 19 25 20 10 21 16 22 24 23 18 24 29 25 15 26 21 27 10 28 30 29 17 30 11 31 30 32 13 33 13 34 11 35 11 36 12 4 29 15 30 21 31 17 32 20 12 5 12 6 24 7 19 8 22 13 22 14 17 15 30 16 30 17 17 18 29 19 22 20 11 4 37 21 38 21 39 24 40 23 
5 4 1 25 2 19 3 10 4 10 20 5 14 6 13 7 21 8 24 9 11 10 25 11 30 12 26 21 19 22 12 23 12 24 14 25 10 26 17 27 19 28 10 29 13 30 27 31 13 32 19 12 5 25 6 27 7 11 8 25 21 28 22 12 23 10 24 16 25 29 26 14 27 17 28 28 28 5 30 6 30 7 20 8 21 9 12 10 10 11 14 12 14 13 10 14 17 15 16 16 24 17 17 18 30 19 21 20 24 21 10 22 11 23 21 24 17 25 12 26 28 27 20 28 13 33 22 34 22 35 15 36 25 4 37 14 38 28 39 26 40 28 
5 4 1 12 2 12 3 29 4 23 12 9 13 10 29 11 24 12 15 17 19 18 19 19 16 20 11 21 15 22 30 23 23 24 16 8 13 24 14 28 15 27 16 24 25 19 26 29 27 28 28 11 32 5 18 6 19 7 30 8 13 9 15 10 20 11 17 12 24 13 14 14 13 15 14 16 13 17 29 18 13 19 16 20 29 21 25 22 13 23 21 24 26 25 28 26 17 27 14 28 19 29 11 30 28 31 28 32 14 33 18 34 29 35 23 36 17 4 37 14 38 23 39 11 40 14 
5 4 1 22 2 23 3 24 4 30 28 5 25 6 26 7 24 8 25 13 15 14 22 15 16 16 18 17 27 18 29 19 17 20 14 21 20 22 18 23 19 24 14 25 22 26 14 27 29 28 14 29 23 30 15 31 16 32 27 33 28 34 22 35 24 36 24 24 5 20 6 21 7 11 8 13 9 26 10 19 11 26 12 18 13 16 14 20 15 20 16 19 17 18 18 12 19 30 20 18 25 22 26 19 27 12 28 10 29 10 30 20 31 19 32 15 24 5 19 6 24 7 28 8 11 13 12 14 13 15 22 16 14 17 21 18 23 19 13 20 10 21 10 22 20 23 28 24 13 25 12 26 24 27 12 28 16 33 18 34 14 35 22 36 30 4 37 26 38 20 39 11 40 21 
5 4 1 16 2 17 3 27 4 30 32 5 10 6 19 7 25 8 19 9 10 10 26 11 21 12 22 13 14 14 12 15 24 16 14 17 28 18 29 19 13 20 24 21 16 22 10 23 27 24 22 25 25 26 24 27 25 28 12 29 25 30 16 31 22 32 23 33 12 34 25 35 26 36 27 28 5 13 6 10 7 23 8 23 9 25 10 16 11 24 12 27 13 25 14 29 15 25 16 19 17 13 18 26 19 10 20 20 25 19 26 26 27 18 28 29 29 17 30 14 31 18 32 13 33 19 34 20 35 24 36 17 28 5 23 6 15 7 19 8 12 13 14 14 28 15 26 16 18 17 29 18 26 19 15 20 28 21 24 22 23 23 19 24 14 25 28 26 29 27 28 28 10 29 22 30 18 31 10 32 11 33 11 34 13 35 23 36 28 4 37 12 38 12 39 15 40 16 
5 4 1 26 2 14 3 15 4 28 12 5 22 6 21 7 19 8 23 25 26 26 24 27 30 28 16 29 17 30 26 31 23 32 25 4 5 27 6 25 7 13 8 13 16 5 21 6 27 7 26 8 21 13 25 14 25 15 17 16 24 17 26 18 12 19 23 20 14 29 12 30 25 31 13 32 28 4 37 30 38 25 39 14 40 26 
5 4 1 24 2 23 3 18 4 23 4 9 26 10 21 11 13 12 29 20 9 19 10 22 11 10 12 11 13 30 14 21 15 10 16 28 21 13 22 28 23 23 24 22 29 18 30 11 31 29 32 25 33 18 34 14 35 30 36 14 8 17 20 18 28 19 23 20 15 29 17 30 21 31 30 32 17 4 37 10 38 22 39 30 40 18 
5 4 1 16 2 24 3 28 4 18 12 5 22 6 13 7 13 8 24 13 16 14 19 15 23 16 24 17 15 18 15 19 25 20 20 28 5 17 6 10 7 27 8 28 13 21 14 14 15 19 16 11 17 25 18 22 19 14 20 25 21 16 22 23 23 26 24 27 25 21 26 30 27 27 28 10 29 15 30 15 31 13 32 18 33 30 34 11 35 13 36 22 12 17 14 18 13 19 23 20 18 21 18 22 28 23 13 24 13 29 27 30 14 31 29 32 18 4 37 17 38 14 39 12 40 28 
5 4 1 11 2 21 3 20 4 22 8 21 15 22 13 23 20 24 14 33 13 34 16 35 12 36 24 8 5 19 6 24 7 14 8 21 13 25 14 30 15 17 16 25 32 5 27 6 21 7 13 8 30 9 23 10 26 11 22 12 20 13 25 14 22 15 13 16 25 17 12 18 21 19 18 20 13 21 19 22 19 23 12 24 16 25 28 26 21 27 24 28 25 29 20 30 27 31 22 32 13 33 19 34 22 35 26 36 15 4 37 17 38 22 39 10 40 10 
5 4 1 27 2 27 3 20 4 21 8 9 12 10 16 11 21 12 16 25 20 26 15 27 18 28 18 24 5 16 6 27 7 15 8 20 9 10 10 24 11 19 12 15 13 26 14 29 15 11 16 21 17 30 18 25 19 13 20 14 21 21 22 12 23 30 24 30 25 29 26 20 27 12 28 25 4 21 13 22 17 23 21 24 23 4 37 21 38 19 39 17 40 22 
5 4 1 17 2 22 3 18 4 15 20 9 21 10 12 11 19 12 23 13 18 14 26 15 21 16 25 21 27 22 16 23 15 24 22 25 28 26 30 27 30 28 24 29 13 30 17 31 19 32 26 32 5 23 6 12 7 28 8 13 9 24 10 15 11 21 12 28 13 10 14 27 15 22 16 25 17 20 18 16 19 22 20 29 21 10 22 21 23 22 24 26 25 20 26 18 27 11 28 29 29 24 30 19 31 21 32 21 33 21 34 26 35 25 36 13 4 29 12 30 18 31 24 32 13 4 37 30 38 14 39 16 40 29 
5 4 1 27 2 28 3 15 4 11 20 5 25 6 29 7 11 8 12 9 16 10 22 11 18 12 17 13 25 14 27 15 12 16 28 29 23 30 15 31 29 32 26 33 22 34 17 35 19 36 21 16 9 20 10 10 11 28 12 26 13 20 14 17 15 16 16 26 21 26 22 26 23 21 24 23 25 11 26 22 27 16 28 18 32 5 11 6 28 7 21 8 30 9 15 10 14 11 14 12 27 13 18 14 20 15 15 16 29 17 14 18 25 19 18 20 20 21 19 22 19 23 18 24 25 25 20 26 20 27 17 28 29 29 16 30 10 31 21 32 28 33 13 34 12 35 22 36 30 4 37 11 38 20 39 29 40 16 
5 4 1 12 2 12 3 21 4 18 4 33 21 34 19 35 18 36 30 24 9 19 10 17 11 15 12 15 17 23 18 17 19 13 20 20 21 18 22 28 23 26 24 11 25 11 26 14 27 19 28 19 29 11 30 20 31 16 32 18 33 13 34 20 35 13 36 28 24 5 28 6 27 7 24 8 11 9 10 10 21 11 19 12 18 17 12 18 21 19 15 20 12 21 30 22 19 23 29 24 20 29 16 30 28 31 25 32 18 33 24 34 27 35 22 36 27 4 37 16 38 21 39 23 40 22 
5 4 1 11 2 30 3 30 4 30 28 9 19 10 18 11 19 12 13 13 28 14 12 15 25 16 10 17 27 18 28 19 26 20 23 21 13 22 14 23 19 24 28 25 19 26 17 27 16 28 28 29 23 30 12 31 20 32 13 33 10 34 19 35 18 36 13 4 21 27 22 19 23 23 24 12 24 9 30 10 19 11 19 12 17 13 14 14 15 15 27 16 25 17 10 18 28 19 21 20 22 21 17 22 25 23 18 24 12 29 14 30 21 31 15 32 14 33 12 34 20 35 28 36 30 4 37 10 38 25 39 25 40 22 
5 4 1 29 2 26 3 11 4 20 16 5 21 6 17 7 13 8 30 9 18 10 18 11 22 12 23 21 16 22 24 23 10 24 30 25 12 26 24 27 23 28 10 32 5 26 6 18 7 12 8 21 9 13 10 20 11 22 12 26 13 25 14 10 15 14 16 18 17 30 18 22 19 10 20 23 21 12 22 16 23 21 24 15 25 28 26 21 27 28 28 30 29 11 30 11 31 25 32 28 33 26 34 16 35 24 36 25 8 13 21 14 26 15 28 16 25 29 15 30 14 31 21 32 21 4 37 25 38 13 39 25 40 16 
5 4 1 21 2 21 3 13 4 24 28 5 13 6 15 7 22 8 22 9 28 10 27 11 29 12 27 17 15 18 16 19 17 20 21 21 17 22 20 23 30 24 28 25 24 26 18 27 13 28 14 29 28 30 18 31 16 32 11 33 10 34 11 35 24 36 13 4 13 21 14 17 15 22 16 14 32 5 28 6 27 7 21 8 25 9 15 10 25 11 15 12 11 13 15 14 10 15 12 16 13 17 26 18 10 19 11 20 28 21 27 22 21 23 28 24 23 25 17 26 27 27 16 28 19 29 25 30 22 31 24 32 21 33 10 34 12 35 20 36 17 4 37 16 38 18 39 13 40 19 
5 4 1 28 2 20 3 17 4 26 20 9 29 10 11 11 16 12 19 13 15 14 11 15 27 16 29 17 29 18 19 19 30 20 28 21 20 22 20 23 23 24 25 33 18 34 27 35 24 36 24 24 5 19 6 30 7 20 8 15 9 29 10 22 11 28 12 22 17 22 18 18 19 11 20 18 25 24 26 12 27 26 28 13 29 14 30 26 31 29 32 12 33 18 34 10 35 24 36 23 20 5 22 6 23 7 10 8 12 13 21 14 23 15 12 16 13 21 16 22 11 23 24 24 24 29 24 30 12 31 22 32 18 33 30 34 11 35 12 36 28 4 37 29 38 13 39 20 40 26 
5 4 1 15 2 25 3 11 4 16 4 17 20 18 29 19 23 20 24 16 5 14 6 10 7 10 8 12 9 16 10 14 11 23 12 15 17 13 18 28 19 15 20 12 21 26 22 15 23 23 24 17 4 29 21 30 24 31 16 32 16 4 37 27 38 17 39 18 40 21 
5 4 1 10 2 15 3 19 4 15 4 9 16 10 30 11 16 12 19 8 17 12 18 23 19 15 20 13 21 19 22 15 23 23 24 19 16 9 29 10 27 11 14 12 17 25 16 26 22 27 12 28 26 29 15 30 29 31 30 32 14 33 23 34 24 35 14 36 13 4 37 14 38 19 39 14 40 11 
3 11 56 108 56 213 279 32 383 437 
11 20 11 37 4 61 83 14 107 133 5 157 179 13 203 229 4 252 276 24 296 328 23 343 377 20 396 420 17 447 465 26 489 519 
15 10 10 22 17 36 60 18 68 92 8 101 123 17 134 154 15 168 184 7 200 216 20 229 251 9 263 281 20 293 315 4 330 342 4 362 374 6 394 406 8 425 439 2 458 470 
8 3 23 43 16 85 113 6 156 174 34 211 251 13 275 319 26 342 384 17 416 442 10 486 504 
13 2 4 10 7 16 26 1 32 38 2 44 54 8 58 68 3 74 80 7 86 96 3 100 110 1 117 121 6 129 137 6 143 151 7 156 166 6 170 180 
24 2 1 7 1 9 15 3 17 23 1 26 30 1 34 38 2 42 46 4 49 55 3 58 62 4 65 71 2 73 79 1 82 86 2 90 94 1 98 102 2 105 111 4 113 119 4 121 127 4 129 135 3 137 143 2 145 151 1 154 158 1 161 167 2 170 174 4 177 183 2 186 190 
38 2 1 4 1 6 9 1 11 14 2 15 20 3 20 25 2 25 30 1 31 34 1 35 40 1 41 44 1 46 49 3 50 55 2 56 59 1 61 64 1 65 70 2 71 74 1 76 79 1 81 84 2 86 89 1 90 95 2 96 99 2 101 104 1 106 109 2 111 114 1 116 119 1 121 124 1 126 129 1 131 134 1 136 139 1 141 144 2 145 150 2 151 154 1 156 159 1 161 164 2 165 170 1 171 174 2 176 179 3 180 185 1 186 189 
15 1 4 9 3 16 23 5 29 36 3 43 48 4 55 62 6 67 76 8 79 90 3 93 102 4 108 113 3 120 127 2 134 139 7 145 154 5 159 166 1 171 180 3 185 192 
15 1 2 12 1 16 26 2 30 40 4 43 55 8 58 68 6 73 81 9 86 96 1 102 108 2 116 122 6 128 138 3 142 152 6 157 165 3 173 177 2 187 191 2 198 208 
18 4 3 9 3 13 23 7 25 35 3 38 46 2 50 58 3 63 69 4 73 83 1 86 94 1 98 106 1 112 116 7 121 131 4 135 141 7 145 155 5 157 167 2 172 176 5 182 190 2 196 200 3 207 213 
20 3 3 7 1 13 17 2 23 27 5 31 39 3 42 48 3 53 57 3 63 67 1 73 77 1 83 87 1 92 98 2 102 108 6 111 119 1 123 127 2 131 139 2 142 148 4 152 158 3 161 169 2 172 178 6 181 189 6 191 199 
20 2 2 9 5 13 20 3 24 31 3 36 41 3 47 52 2 56 65 4 68 75 4 78 87 2 90 97 2 101 108 2 111 120 2 123 130 2 133 142 2 146 151 2 157 162 1 168 173 4 178 185 3 190 195 3 201 206 2 212 217 
11 5 5 12 3 19 32 10 36 49 8 54 65 3 74 79 6 90 97 1 108 113 1 123 132 8 138 151 3 156 167 4 172 185 
31 2 1 5 2 7 11 1 14 16 1 20 22 3 25 29 3 31 35 1 38 40 1 43 47 1 48 54 1 56 58 1 61 65 2 67 71 2 73 77 1 79 83 1 85 89 3 90 96 3 97 101 1 104 106 3 109 113 1 115 119 3 121 125 1 127 131 2 133 137 1 139 143 4 144 150 3 151 155 3 157 161 1 163 167 2 169 173 2 175 179 2 181 185 
38 1 1 4 1 6 9 2 11 14 2 16 19 1 21 24 1 26 29 2 31 34 1 36 39 1 41 44 1 45 50 1 51 54 1 56 59 1 61 64 3 65 70 3 70 75 1 76 79 2 81 84 3 85 90 2 91 94 1 96 99 1 100 105 1 106 109 1 111 114 3 115 120 1 121 124 2 126 129 1 131 134 2 135 140 1 141 144 2 146 149 3 150 155 2 156 159 2 160 165 2 165 170 1 170 175 2 176 179 1 181 184 1 186 189 
36 1 1 4 2 6 9 1 11 14 1 16 19 1 21 24 1 26 29 2 31 34 1 36 39 3 40 45 2 46 49 1 50 55 1 56 59 1 61 64 1 66 69 3 70 75 2 75 80 1 80 85 2 86 89 3 90 95 1 96 99 2 100 105 2 106 109 3 110 115 1 116 119 1 120 125 1 126 129 1 131 134 1 136 139 2 141 144 2 146 149 2 150 155 2 156 159 1 161 164 1 166 169 1 171 174 1 176 179 
25 1 2 6 4 9 15 3 17 23 1 26 30 1 34 38 3 41 47 1 50 54 2 58 62 2 66 70 2 73 79 2 81 87 2 90 94 5 97 103 2 106 110 1 114 118 5 121 127 2 130 134 1 138 142 5 145 151 3 153 159 1 162 166 2 169 175 3 177 183 5 185 191 1 193 199 
3 16 15 48 1 85 104 26 141 174 
34 3 1 5 3 7 11 1 14 16 1 20 22 3 25 29 2 30 36 1 36 42 4 42 48 2 49 53 1 56 58 2 60 66 1 67 71 1 73 77 1 80 82 1 85 89 3 91 95 1 96 102 3 103 107 4 108 114 1 115 119 1 121 125 2 127 131 2 133 137 2 139 143 2 145 149 2 151 155 1 157 161 2 162 168 4 168 174 2 175 179 1 181 185 1 187 191 4 192 198 1 199 203 
19 2 3 7 2 13 17 3 22 28 4 32 38 4 41 49 2 51 59 1 61 69 2 72 78 4 82 88 1 93 97 1 102 108 4 112 118 2 121 129 1 132 138 4 142 148 4 151 159 2 162 168 4 172 178 2 182 188 
6 2 10 26 9 46 62 2 82 98 12 115 137 11 152 172 5 186 210 
37 3 0 6 1 8 10 2 13 17 2 18 24 1 25 29 4 30 36 2 37 41 3 42 48 1 49 53 2 55 59 3 60 66 3 67 71 2 73 77 2 79 83 2 85 89 3 91 95 2 97 101 1 104 106 2 109 113 1 115 119 3 121 125 2 127 131 1 134 136 2 139 143 1 145 149 1 151 155 2 157 161 1 163 167 1 170 172 1 175 179 1 182 184 1 188 190 3 192 198 3 199 203 2 205 209 3 210 216 1 216 222 
34 1 1 6 1 9 12 3 15 20 3 22 27 1 30 33 1 36 41 1 43 48 2 51 54 3 57 62 4 64 69 2 71 76 3 78 83 4 85 90 1 92 97 1 100 103 3 106 111 1 113 118 1 121 124 1 127 132 1 135 138 2 141 146 1 148 153 1 156 159 2 162 167 1 170 173 3 176 181 1 184 187 1 191 194 1 198 201 2 204 209 2 212 215 2 219 222 2 225 230 4 232 237 
24 2 2 7 3 10 17 5 19 26 3 29 34 3 38 43 2 47 52 4 55 62 3 64 71 2 73 80 1 83 88 3 91 98 3 101 106 3 109 116 1 119 124 2 129 132 2 137 142 5 145 152 3 155 160 2 164 169 4 172 179 4 181 188 1 192 195 3 200 205 3 209 214 
15 4 4 10 6 16 26 9 30 40 5 44 54 5 60 66 5 72 82 1 88 94 3 99 111 9 113 125 3 130 136 3 144 150 6 157 165 9 169 181 1 186 192 4 199 207 
32 1 2 5 4 8 13 2 16 19 2 22 27 1 30 33 2 36 41 3 43 48 2 50 55 3 57 62 3 64 69 1 71 76 1 79 82 2 86 89 1 92 97 1 100 103 1 106 111 2 114 117 1 121 124 2 127 132 2 134 139 2 142 145 3 148 153 1 155 160 1 162 167 1 170 173 3 176 181 1 183 188 1 191 194 1 197 202 1 205 208 3 211 216 2 218 223 
12 8 4 13 7 19 32 6 37 48 1 55 64 5 72 81 3 89 98 1 105 116 2 121 134 5 138 151 8 156 167 2 175 182 5 190 201 
27 1 2 6 3 10 14 1 17 23 3 25 31 3 34 38 2 42 46 5 49 55 2 57 63 4 65 71 2 74 78 1 81 87 2 90 94 1 98 102 1 105 111 2 113 119 4 121 127 5 129 135 2 138 142 4 145 151 3 153 159 2 162 166 4 169 175 3 177 183 3 185 191 1 193 199 2 202 206 2 210 214 
7 7 5 18 1 28 41 8 50 65 5 71 90 1 100 107 9 121 132 4 142 157 
4 17 11 32 12 53 76 7 94 121 6 141 160 
41 2 0 5 3 5 10 1 10 15 1 16 19 2 21 24 1 26 29 2 31 34 1 35 40 1 40 45 2 46 49 1 50 55 2 56 59 3 60 65 1 66 69 1 71 74 1 76 79 1 81 84 2 86 89 1 91 94 2 96 99 1 101 104 1 106 109 2 111 114 1 116 119 1 121 124 1 126 129 2 130 135 3 135 140 1 141 144 1 146 149 1 151 154 1 156 159 3 160 165 2 166 169 1 171 174 1 176 179 1 181 184 1 186 189 1 191 194 3 195 200 2 201 204 
37 1 1 4 1 6 9 1 10 15 2 15 20 3 20 25 1 25 30 1 31 34 2 36 39 2 40 45 3 45 50 1 51 54 2 55 60 2 61 64 1 66 69 1 71 74 1 76 79 1 81 84 2 86 89 1 91 94 2 96 99 1 101 104 2 105 110 1 111 114 2 116 119 2 121 124 1 125 130 1 131 134 1 136 139 1 141 144 1 146 149 1 151 154 2 155 160 1 161 164 1 166 169 1 171 174 2 176 179 1 181 184 
14 3 3 10 3 16 23 7 28 37 6 41 50 3 56 61 5 67 76 6 81 88 2 95 100 5 106 115 3 121 126 2 133 140 6 146 153 9 157 168 2 173 178 
36 1 1 4 3 5 10 1 11 14 1 16 19 1 21 24 3 25 30 1 31 34 1 35 40 1 41 44 2 46 49 2 51 54 1 56 59 1 60 65 2 65 70 1 71 74 1 76 79 1 81 84 2 86 89 1 91 94 2 96 99 3 100 105 1 106 109 1 111 114 2 116 119 2 121 124 1 126 129 2 131 134 1 136 139 1 141 144 2 146 149 1 151 154 2 156 159 1 161 164 1 165 170 1 171 174 1 176 179 
40 2 1 4 1 6 9 1 11 14 1 16 19 1 21 24 2 26 29 2 30 35 1 36 39 1 41 44 2 45 50 3 50 55 2 55 60 1 61 64 1 65 70 1 70 75 1 76 79 1 81 84 3 85 90 2 91 94 2 96 99 1 101 104 1 106 109 1 111 114 3 115 120 1 121 124 1 126 129 2 130 135 2 135 140 1 141 144 1 146 149 3 150 155 2 156 159 2 160 165 2 165 170 1 171 174 1 175 180 1 181 184 1 186 189 2 191 194 1 196 199 
11 1 2 15 6 19 32 4 39 46 1 55 64 8 71 82 2 90 97 7 106 115 7 123 132 1 139 150 5 156 167 1 173 184 
10 23 10 39 1 65 82 11 115 130 15 162 181 11 210 231 13 260 279 10 300 337 16 357 378 9 401 432 11 452 479 
5 55 20 81 1 130 173 14 229 276 20 327 380 24 438 471 
15 6 11 22 6 43 56 9 72 93 7 110 121 16 139 158 6 176 187 9 207 222 1 236 259 5 275 286 13 303 324 8 342 351 15 368 391 9 403 422 12 437 454 9 471 486 
15 4 7 27 3 44 58 3 73 97 11 110 128 5 141 165 2 177 197 14 213 229 2 246 264 23 276 302 13 315 331 14 349 365 2 383 399 1 416 434 6 452 466 7 486 500 
