100 40 12.2
5 4 1 13 2 28 3 20 4 12 24 9 16 10 26 11 20 12 14 13 13 14 15 15 20 16 22 17 18 18 14 19 19 20 26 21 30 22 23 23 27 24 24 25 29 26 30 27 27 28 16 33 19 34 24 35 22 36 13 32 5 27 6 21 7 26 8 16 9 18 10 25 11 18 12 19 13 27 14 22 15 23 16 21 17 29 18 25 19 30 20 18 21 21 22 17 23 20 24 27 25 18 26 21 27 28 28 28 29 12 30 16 31 10 32 15 33 14 34 17 35 30 36 14 28 5 26 6 17 7 28 8 27 9 14 10 26 11 14 12 28 13 10 14 14 15 24 16 16 17 15 18 15 19 30 20 30 21 30 22 18 23 22 24 11 25 11 26 25 27 13 28 16 29 28 30 17 31 20 32 10 4 37 14 38 20 39 27 40 24 
5 4 1 11 2 16 3 22 4 14 8 5 27 6 27 7 10 8 11 25 22 26 24 27 29 28 30 20 5 30 6 17 7 30 8 27 13 13 14 28 15 10 16 25 17 22 18 16 19 15 20 14 25 11 26 29 27 16 28 14 29 21 30 26 31 20 32 29 24 5 28 6 20 7 26 8 21 9 21 10 25 11 28 12 18 13 30 14 21 15 11 16 26 17 22 18 14 19 29 20 14 29 30 30 16 31 14 32 10 33 17 34 17 35 15 36 10 4 37 21 38 19 39 12 40 29 
5 4 1 12 2 17 3 26 4 27 16 5 28 6 12 7 25 8 22 17 22 18 14 19 24 20 20 21 11 22 16 23 27 24 30 29 24 30 10 31 19 32 24 4 21 30 22 12 23 26 24 24 8 5 29 6 15 7 15 8 28 29 10 30 29 31 25 32 13 4 37 30 38 12 39 18 40 13 
5 4 1 19 2 23 3 30 4 19 8 13 23 14 26 15 21 16 20 29 22 30 30 31 25 32 16 24 5 19 6 27 7 18 8 22 17 21 18 22 19 16 20 23 21 15 22 13 23 10 24 22 25 15 26 11 27 14 28 14 29 27 30 26 31 26 32 15 33 20 34 30 35 19 36 17 32 5 11 6 17 7 26 8 24 9 16 10 19 11 24 12 11 13 12 14 20 15 13 16 11 17 13 18 28 19 27 20 21 21 11 22 29 23 22 24 16 25 11 26 20 27 22 28 10 29 24 30 30 31 14 32 15 33 17 34 14 35 17 36 27 4 37 10 38 12 39 22 40 10 
5 4 1 23 2 16 3 22 4 20 4 21 12 22 24 23 14 24 24 32 5 25 6 14 7 26 8 28 9 14 10 13 11 10 12 12 13 13 14 17 15 24 16 11 17 29 18 25 19 27 20 25 21 12 22 21 23 22 24 16 25 28 26 18 27 13 28 24 29 21 30 14 31 21 32 18 33 23 34 25 35 21 36 28 4 17 13 18 29 19 22 20 12 4 37 17 38 27 39 17 40 19 
5 4 1 16 2 25 3 14 4 22 24 9 27 10 10 11 22 12 10 13 26 14 21 15 14 16 26 17 22 18 20 19 25 20 19 21 29 22 28 23 10 24 25 29 29 30 25 31 12 32 29 33 16 34 24 35 10 36 28 4 25 15 26 30 27 23 28 10 4 29 23 30 15 31 10 32 19 4 37 24 38 16 39 12 40 10 
5 4 1 25 2 21 3 12 4 29 20 5 12 6 16 7 27 8 13 9 21 10 20 11 13 12 30 13 15 14 22 15 10 16 27 21 16 22 26 23 25 24 28 25 23 26 21 27 30 28 20 4 17 23 18 13 19 30 20 11 12 9 29 10 26 11 13 12 13 25 10 26 14 27 27 28 20 33 13 34 15 35 30 36 22 4 37 26 38 10 39 11 40 29 
5 4 1 19 2 19 3 18 4 23 12 13 15 14 19 15 15 16 20 29 14 30 12 31 29 32 25 33 11 34 23 35 21 36 27 8 21 30 22 25 23 12 24 25 29 23 30 24 31 19 32 13 24 5 14 6 20 7 20 8 12 13 18 14 19 15 14 16 15 17 23 18 16 19 27 20 25 21 10 22 10 23 27 24 12 29 29 30 23 31 11 32 13 33 18 34 16 35 21 36 10 4 37 23 38 12 39 25 40 30 
5 4 1 30 2 14 3 17 4 14 20 9 17 10 19 11 13 12 28 13 23 14 21 15 24 16 13 17 20 18 13 19 16 20 12 21 25 22 19 23 21 24 14 33 28 34 20 35 17 36 21 28 5 22 6 12 7 10 8 13 13 14 14 29 15 30 16 27 17 22 18 25 19 11 20 12 21 13 22 11 23 17 24 23 25 13 26 23 27 10 28 26 29 20 30 14 31 27 32 29 33 26 34 27 35 16 36 14 28 5 15 6 12 7 13 8 10 9 16 10 14 11 10 12 25 17 25 18 13 19 24 20 21 21 15 22 16 23 29 24 23 25 14 26 21 27 23 28 30 29 13 30 30 31 29 32 26 33 16 34 27 35 13 36 13 4 37 17 38 11 39 10 40 12 
5 4 1 23 2 11 3 16 4 14 28 5 22 6 17 7 30 8 11 9 17 10 12 11 19 12 25 13 20 14 19 15 15 16 16 17 24 18 19 19 12 20 22 21 11 22 11 23 16 24 17 29 15 30 10 31 21 32 27 33 14 34 15 35 30 36 29 24 5 17 6 28 7 24 8 10 13 28 14 30 15 28 16 23 17 26 18 29 19 12 20 20 21 20 22 20 23 20 24 16 25 25 26 25 27 19 28 11 29 11 30 13 31 16 32 20 20 5 25 6 13 7 27 8 14 9 18 10 24 11 13 12 26 17 26 18 11 19 10 20 24 21 15 22 21 23 24 24 17 29 17 30 13 31 14 32 24 4 37 15 38 16 39 13 40 27 
5 4 1 10 2 14 3 14 4 29 8 25 22 26 30 27 26 28 24 29 29 30 28 31 15 32 21 16 13 14 14 15 15 14 16 14 17 10 18 19 19 17 20 14 25 11 26 20 27 29 28 27 33 26 34 27 35 27 36 20 12 13 23 14 22 15 19 16 25 25 27 26 11 27 19 28 17 33 27 34 11 35 16 36 10 4 37 25 38 16 39 11 40 15 
5 4 1 26 2 14 3 19 4 12 28 5 13 6 26 7 18 8 16 9 14 10 20 11 23 12 26 13 21 14 18 15 19 16 13 17 29 18 17 19 20 20 10 21 10 22 14 23 19 24 27 25 29 26 14 27 27 28 28 33 15 34 28 35 16 36 28 16 5 27 6 16 7 25 8 14 13 19 14 30 15 14 16 28 17 12 18 11 19 22 20 17 29 21 30 30 31 30 32 25 28 5 29 6 29 7 27 8 28 9 11 10 21 11 22 12 19 13 29 14 13 15 13 16 23 17 12 18 29 19 18 20 22 21 18 22 28 23 24 24 12 29 20 30 30 31 20 32 22 33 17 34 29 35 22 36 28 4 37 19 38 23 39 29 40 21 
5 4 1 21 2 25 3 22 4 19 24 9 13 10 20 11 18 12 12 13 14 14 27 15 16 16 13 17 14 18 28 19 12 20 27 25 16 26 17 27 15 28 23 29 28 30 19 31 12 32 14 33 29 34 18 35 14 36 14 20 5 15 6 30 7 27 8 10 13 24 14 25 15 28 16 17 17 11 18 19 19 12 20 18 29 27 30 20 31 24 32 12 33 23 34 12 35 18 36 12 12 9 12 10 26 11 30 12 22 17 28 18 24 19 16 20 11 25 17 26 28 27 22 28 16 4 37 19 38 17 39 14 40 22 
5 4 1 13 2 22 3 19 4 26 4 33 17 34 22 35 27 36 21 28 5 15 6 21 7 29 8 28 13 16 14 16 15 13 16 11 17 14 18 20 19 10 20 16 21 11 22 20 23 10 24 28 25 28 26 26 27 16 28 27 29 13 30 28 31 21 32 28 33 12 34 16 35 25 36 24 8 21 28 22 30 23 26 24 30 25 17 26 17 27 20 28 21 4 37 27 38 14 39 20 40 30 
5 4 1 28 2 12 3 16 4 27 32 5 15 6 29 7 11 8 20 9 16 10 18 11 21 12 10 13 19 14 23 15 12 16 30 17 12 18 29 19 25 20 12 21 20 22 26 23 10 24 20 25 15 26 27 27 29 28 17 29 16 30 19 31 24 32 18 33 22 34 29 35 27 36 27 28 5 17 6 29 7 28 8 23 9 24 10 14 11 10 12 11 13 16 14 20 15 26 16 25 21 17 22 12 23 19 24 27 25 15 26 20 27 18 28 15 29 29 30 30 31 11 32 26 33 11 34 19 35 16 36 10 20 5 20 6 15 7 29 8 28 17 23 18 20 19 19 20 12 21 25 22 20 23 11 24 22 29 16 30 20 31 15 32 24 33 16 34 22 35 13 36 12 4 37 25 38 22 39 17 40 24 
5 4 1 22 2 24 3 12 4 27 12 5 14 6 12 7 14 8 23 9 21 10 26 11 26 12 21 21 14 22 26 23 12 24 27 24 5 17 6 29 7 12 8 26 9 10 10 13 11 19 12 23 13 21 14 26 15 21 16 12 25 10 26 21 27 29 28 15 29 15 30 29 31 26 32 29 33 11 34 29 35 14 36 12 20 5 20 6 28 7 20 8 14 13 15 14 20 15 14 16 18 17 16 18 19 19 26 20 14 25 29 26 15 27 11 28 30 29 19 30 22 31 30 32 10 4 37 16 38 27 39 11 40 14 
5 4 1 25 2 11 3 12 4 30 4 25 12 26 14 27 15 28 20 32 5 26 6 16 7 27 8 27 9 22 10 13 11 29 12 14 13 25 14 14 15 25 16 10 17 15 18 21 19 11 20 18 21 24 22 24 23 14 24 26 25 10 26 17 27 19 28 12 29 29 30 22 31 10 32 14 33 30 34 15 35 13 36 27 24 5 17 6 13 7 20 8 12 13 30 14 30 15 24 16 13 21 17 22 21 23 25 24 22 25 24 26 24 27 22 28 30 29 29 30 17 31 14 32 30 33 19 34 26 35 22 36 19 4 37 20 38 27 39 27 40 13 
5 4 1 15 2 24 3 27 4 13 12 5 16 6 30 7 16 8 30 13 23 14 29 15 25 16 27 29 30 30 23 31 27 32 18 32 5 29 6 29 7 17 8 28 9 26 10 23 11 23 12 10 13 13 14 14 15 30 16 27 17 13 18 14 19 13 20 12 21 18 22 15 23 27 24 19 25 25 26 26 27 15 28 27 29 30 30 23 31 26 32 28 33 16 34 17 35 26 36 22 4 17 21 18 21 19 22 20 27 4 37 13 38 28 39 27 40 24 
5 4 1 29 2 24 3 24 4 11 24 5 17 6 28 7 15 8 14 13 26 14 20 15 28 16 29 17 14 18 13 19 14 20 14 25 17 26 20 27 26 28 25 29 22 30 15 31 13 32 17 33 28 34 18 35 11 36 15 12 13 17 14 14 15 28 16 14 17 20 18 15 19 21 20 29 33 19 34 14 35 26 36 18 20 9 11 10 19 11 17 12 21 17 18 18 23 19 28 20 23 25 11 26 26 27 17 28 27 29 10 30 27 31 24 32 20 33 21 34 20 35 10 36 24 4 37 29 38 21 39 15 40 17 
5 4 1 19 2 16 3 18 4 20 24 5 11 6 22 7 24 8 22 9 28 10 21 11 20 12 27 13 26 14 23 15 11 16 29 17 27 18 29 19 11 20 16 21 10 22 17 23 27 24 11 33 26 34 11 35 23 36 28 16 5 16 6 23 7 10 8 30 13 20 14 23 15 30 16 24 17 29 18 30 19 30 20 16 29 22 30 28 31 24 32 15 28 5 27 6 20 7 14 8 27 13 19 14 14 15 23 16 30 17 28 18 10 19 19 20 14 21 29 22 23 23 12 24 16 25 25 26 25 27 26 28 19 29 26 30 29 31 26 32 30 33 29 34 23 35 14 36 30 4 37 26 38 21 39 14 40 13 
5 4 1 11 2 17 3 14 4 19 12 13 25 14 30 15 26 16 18 17 21 18 16 19 10 20 18 29 24 30 24 31 20 32 18 20 5 17 6 28 7 13 8 25 13 10 14 16 15 20 16 19 21 22 22 24 23 11 24 26 29 27 30 18 31 14 32 11 33 19 34 21 35 21 36 21 4 17 22 18 10 19 26 20 27 4 37 20 38 18 39 16 40 28 
5 4 1 19 2 17 3 23 4 27 12 9 18 10 28 11 24 12 29 25 30 26 21 27 15 28 15 33 10 34 19 35 11 36 25 20 5 15 6 23 7 10 8 16 9 28 10 23 11 23 12 13 21 25 22 16 23 13 24 16 29 16 30 23 31 14 32 23 33 19 34 28 35 30 36 25 16 9 23 10 18 11 17 12 10 17 12 18 10 19 24 20 26 29 17 30 26 31 12 32 20 33 19 34 10 35 13 36 23 4 37 18 38 30 39 11 40 17 
5 4 1 28 2 19 3 12 4 14 28 5 17 6 18 7 15 8 26 9 30 10 25 11 12 12 30 17 14 18 12 19 10 20 20 21 29 22 23 23 28 24 10 25 26 26 24 27 24 28 13 29 19 30 29 31 30 32 14 33 13 34 11 35 25 36 21 20 5 27 6 11 7 11 8 22 13 14 14 26 15 29 16 29 17 27 18 16 19 27 20 14 21 17 22 17 23 10 24 29 33 23 34 27 35 28 36 21 32 5 11 6 15 7 19 8 12 9 14 10 30 11 24 12 13 13 21 14 28 15 27 16 15 17 15 18 27 19 24 20 30 21 26 22 10 23 12 24 24 25 12 26 30 27 24 28 15 29 12 30 12 31 17 32 21 33 13 34 11 35 15 36 24 4 37 21 38 12 39 27 40 11 
5 4 1 18 2 17 3 26 4 29 8 17 29 18 17 19 17 20 23 29 10 30 17 31 15 32 26 16 9 26 10 11 11 15 12 12 25 30 26 22 27 29 28 29 29 25 30 15 31 28 32 10 33 22 34 18 35 22 36 25 4 13 18 14 17 15 24 16 15 4 37 24 38 21 39 26 40 27 
5 4 1 15 2 23 3 15 4 24 8 5 22 6 17 7 12 8 16 13 10 14 30 15 20 16 22 4 29 22 30 21 31 22 32 28 12 5 15 6 22 7 26 8 10 21 21 22 24 23 30 24 15 29 15 30 22 31 23 32 20 4 37 16 38 22 39 27 40 24 
5 4 1 13 2 25 3 12 4 19 16 5 29 6 25 7 28 8 25 9 22 10 15 11 15 12 13 17 29 18 24 19 28 20 25 29 13 30 12 31 16 32 23 24 5 19 6 24 7 30 8 13 9 29 10 16 11 15 12 18 17 21 18 12 19 15 20 23 21 12 22 12 23 28 24 22 25 18 26 18 27 20 28 11 29 13 30 14 31 11 32 26 12 13 22 14 16 15 21 16 13 21 26 22 28 23 27 24 23 29 26 30 16 31 26 32 19 4 37 18 38 13 39 30 40 16 
5 4 1 20 2 23 3 26 4 15 28 5 27 6 19 7 22 8 25 13 30 14 17 15 24 16 24 17 17 18 26 19 25 20 25 21 19 22 17 23 28 24 18 25 14 26 26 27 23 28 30 29 14 30 24 31 26 32 20 33 20 34 26 35 21 36 11 12 9 22 10 26 11 20 12 14 17 19 18 27 19 29 20 20 33 12 34 19 35 10 36 17 12 13 11 14 15 15 17 16 12 29 21 30 27 31 21 32 22 33 15 34 17 35 24 36 25 4 37 21 38 17 39 29 40 13 
5 4 1 25 2 28 3 20 4 12 4 33 27 34 18 35 16 36 11 32 5 25 6 24 7 19 8 24 9 25 10 24 11 26 12 14 13 23 14 26 15 14 16 20 17 27 18 13 19 11 20 28 21 20 22 30 23 24 24 17 25 13 26 12 27 13 28 28 29 22 30 27 31 18 32 16 33 16 34 10 35 27 36 30 8 13 11 14 18 15 13 16 22 25 17 26 25 27 20 28 22 4 37 18 38 19 39 14 40 29 
5 4 1 27 2 10 3 10 4 22 16 5 18 6 24 7 19 8 19 9 23 10 16 11 17 12 14 21 19 22 20 23 15 24 30 25 18 26 20 27 15 28 10 4 13 26 14 23 15 28 16 25 24 5 16 6 16 7 19 8 18 9 13 10 18 11 26 12 15 13 30 14 30 15 24 16 17 21 14 22 28 23 21 24 15 25 15 26 21 27 17 28 30 33 11 34 11 35 14 36 14 4 37 22 38 27 39 25 40 19 
5 4 1 27 2 10 3 19 4 29 20 9 26 10 26 11 29 12 26 13 10 14 26 15 27 16 21 17 25 18 23 19 24 20 11 21 15 22 23 23 16 24 24 25 20 26 22 27 28 28 14 16 5 23 6 14 7 30 8 18 13 28 14 11 15 29 16 29 17 21 18 10 19 24 20 12 21 25 22 14 23 21 24 14 4 21 19 22 26 23 21 24 23 4 37 19 38 21 39 25 40 17 
5 4 1 19 2 30 3 17 4 27 24 5 17 6 17 7 17 8 12 9 29 10 23 11 29 12 15 13 28 14 19 15 13 16 14 21 24 22 19 23 22 24 18 29 18 30 27 31 14 32 29 33 12 34 30 35 22 36 27 24 5 13 6 19 7 25 8 14 9 26 10 28 11 17 12 20 17 10 18 21 19 26 20 22 21 22 22 22 23 25 24 23 25 22 26 20 27 29 28 18 29 23 30 12 31 27 32 19 12 5 21 6 14 7 13 8 19 13 20 14 22 15 21 16 10 21 16 22 13 23 14 24 16 4 37 25 38 13 39 11 40 12 
5 4 1 18 2 22 3 20 4 29 4 5 17 6 30 7 15 8 20 16 9 16 10 30 11 17 12 12 17 25 18 20 19 10 20 12 21 21 22 28 23 10 24 16 29 15 30 22 31 17 32 14 28 5 29 6 11 7 14 8 24 9 13 10 19 11 24 12 18 13 23 14 29 15 22 16 29 17 16 18 24 19 21 20 28 21 22 22 15 23 21 24 15 25 11 26 11 27 29 28 16 33 10 34 21 35 29 36 24 4 37 28 38 23 39 22 40 10 
5 4 1 23 2 30 3 15 4 28 20 9 10 10 28 11 22 12 19 13 11 14 22 15 11 16 30 17 29 18 29 19 22 20 15 29 28 30 24 31 21 32 11 33 14 34 25 35 23 36 14 20 5 18 6 23 7 10 8 12 17 29 18 28 19 24 20 22 21 10 22 19 23 23 24 13 29 29 30 20 31 17 32 17 33 15 34 25 35 13 36 29 24 9 19 10 26 11 24 12 30 13 28 14 14 15 13 16 11 17 24 18 28 19 10 20 14 25 21 26 10 27 26 28 22 29 30 30 20 31 24 32 25 33 11 34 11 35 12 36 20 4 37 10 38 28 39 18 40 25 
5 4 1 17 2 26 3 20 4 14 12 9 30 10 25 11 25 12 17 13 19 14 10 15 17 16 28 21 19 22 17 23 11 24 19 16 13 23 14 29 15 10 16 26 17 14 18 26 19 16 20 11 21 19 22 30 23 22 24 16 29 19 30 21 31 21 32 17 24 5 24 6 22 7 29 8 30 9 12 10 27 11 13 12 17 13 16 14 26 15 17 16 15 21 11 22 29 23 27 24 15 25 13 26 29 27 21 28 20 33 29 34 19 35 22 36 20 4 37 30 38 13 39 27 40 15 
5 4 1 30 2 24 3 15 4 26 32 5 18 6 10 7 25 8 30 9 24 10 27 11 30 12 29 13 25 14 15 15 25 16 15 17 20 18 21 19 28 20 20 21 10 22 20 23 18 24 18 25 26 26 11 27 29 28 30 29 13 30 15 31 20 32 29 33 25 34 13 35 15 36 30 20 9 16 10 14 11 28 12 19 17 19 18 22 19 11 20 27 21 27 22 10 23 26 24 12 25 29 26 27 27 23 28 22 33 16 34 20 35 21 36 21 24 9 14 10 24 11 27 12 13 17 19 18 29 19 13 20 27 21 16 22 16 23 26 24 20 25 21 26 15 27 28 28 30 29 15 30 23 31 23 32 25 33 26 34 24 35 11 36 29 4 37 12 38 15 39 30 40 26 
5 4 1 18 2 19 3 15 4 23 32 5 18 6 23 7 28 8 13 9 29 10 26 11 17 12 10 13 22 14 25 15 26 16 11 17 14 18 18 19 23 20 16 21 14 22 17 23 30 24 13 25 16 26 15 27 29 28 11 29 20 30 21 31 15 32 20 33 14 34 21 35 14 36 16 16 5 13 6 11 7 10 8 20 13 29 14 22 15 22 16 29 17 22 18 24 19 20 20 11 21 11 22 25 23 11 24 19 28 5 14 6 29 7 14 8 11 9 25 10 24 11 21 12 29 13 21 14 26 15 29 16 13 17 13 18 21 19 15 20 22 21 20 22 28 23 30 24 11 25 16 26 19 27 22 28 25 33 26 34 30 35 19 36 12 4 37 15 38 22 39 24 40 13 
5 4 1 12 2 18 3 28 4 17 4 5 28 6 19 7 29 8 28 24 5 29 6 15 7 12 8 14 9 14 10 30 11 30 12 16 13 13 14 20 15 23 16 24 21 25 22 22 23 21 24 20 25 18 26 20 27 23 28 13 29 13 30 15 31 20 32 18 20 5 16 6 24 7 12 8 20 13 13 14 15 15 21 16 24 21 25 22 24 23 12 24 18 25 29 26 28 27 13 28 23 33 15 34 13 35 17 36 17 4 37 23 38 19 39 28 40 28 
5 4 1 28 2 30 3 30 4 12 20 5 11 6 21 7 10 8 11 9 23 10 28 11 27 12 15 21 12 22 15 23 12 24 10 25 18 26 14 27 19 28 11 33 27 34 17 35 25 36 15 28 5 12 6 29 7 17 8 13 9 21 10 15 11 16 12 10 13 14 14 20 15 19 16 20 17 21 18 24 19 14 20 16 25 19 26 16 27 27 28 14 29 29 30 17 31 20 32 14 33 17 34 27 35 28 36 26 4 25 21 26 12 27 12 28 11 4 37 30 38 12 39 12 40 29 
5 4 1 10 2 12 3 14 4 10 24 5 29 6 23 7 21 8 22 9 22 10 19 11 14 12 23 17 17 18 15 19 26 20 30 25 20 26 15 27 30 28 23 29 30 30 18 31 16 32 27 33 13 34 17 35 16 36 25 8 9 16 10 13 11 21 12 29 25 27 26 29 27 19 28 29 32 5 18 6 21 7 17 8 28 9 22 10 26 11 10 12 23 13 11 14 13 15 28 16 21 17 29 18 11 19 13 20 13 21 24 22 24 23 13 24 15 25 13 26 24 27 29 28 24 29 23 30 25 31 14 32 21 33 16 34 18 35 20 36 11 4 37 21 38 22 39 30 40 20 
5 4 1 24 2 22 3 18 4 15 32 5 19 6 21 7 16 8 16 9 11 10 25 11 11 12 26 13 11 14 18 15 25 16 17 17 25 18 30 19 23 20 28 21 15 22 13 23 23 24 11 25 12 26 27 27 16 28 18 29 17 30 21 31 15 32 20 33 14 34 27 35 10 36 27 16 9 25 10 23 11 22 12 23 17 27 18 26 19 11 20 26 21 14 22 20 23 23 24 15 25 20 26 23 27 14 28 24 32 5 21 6 21 7 12 8 20 9 20 10 28 11 12 12 30 13 16 14 30 15 18 16 27 17 15 18 18 19 28 20 27 21 26 22 26 23 26 24 21 25 14 26 14 27 12 28 23 29 28 30 19 31 15 32 18 33 27 34 20 35 21 36 30 4 37 24 38 17 39 16 40 16 
5 4 1 30 2 13 3 28 4 21 16 9 29 10 30 11 28 12 24 13 26 14 26 15 15 16 11 17 30 18 27 19 15 20 29 29 22 30 11 31 24 32 21 32 5 12 6 28 7 26 8 23 9 20 10 14 11 13 12 30 13 10 14 22 15 24 16 13 17 12 18 15 19 10 20 14 21 30 22 19 23 14 24 16 25 18 26 21 27 12 28 24 29 13 30 21 31 17 32 11 33 20 34 24 35 30 36 24 16 13 26 14 25 15 11 16 16 25 18 26 15 27 14 28 20 29 14 30 29 31 22 32 25 33 20 34 11 35 28 36 16 4 37 24 38 16 39 19 40 28 
5 4 1 17 2 11 3 30 4 22 28 5 10 6 26 7 14 8 25 9 23 10 28 11 23 12 10 13 24 14 28 15 27 16 19 17 21 18 24 19 22 20 10 21 14 22 21 23 11 24 30 25 23 26 26 27 11 28 13 29 19 30 25 31 19 32 27 8 9 15 10 20 11 11 12 26 21 16 22 29 23 29 24 22 8 5 20 6 12 7 23 8 14 13 12 14 20 15 23 16 28 4 37 13 38 20 39 18 40 11 
5 4 1 23 2 26 3 13 4 23 24 5 18 6 29 7 19 8 20 13 25 14 15 15 22 16 27 17 29 18 15 19 13 20 26 21 24 22 25 23 27 24 30 25 25 26 21 27 17 28 28 29 29 30 28 31 17 32 28 24 9 12 10 29 11 13 12 23 13 20 14 29 15 30 16 19 17 28 18 19 19 30 20 29 21 22 22 15 23 13 24 16 29 23 30 10 31 29 32 16 33 29 34 18 35 25 36 11 8 13 19 14 23 15 11 16 28 25 19 26 22 27 19 28 12 4 37 14 38 28 39 28 40 10 
5 4 1 11 2 27 3 25 4 18 32 5 23 6 18 7 17 8 23 9 15 10 14 11 14 12 16 13 24 14 28 15 22 16 14 17 17 18 15 19 23 20 10 21 12 22 30 23 16 24 18 25 12 26 12 27 26 28 20 29 13 30 18 31 27 32 12 33 27 34 29 35 28 36 11 16 5 26 6 12 7 20 8 11 9 11 10 30 11 19 12 15 13 19 14 17 15 17 16 11 29 22 30 28 31 18 32 18 4 13 14 14 28 15 28 16 17 4 37 13 38 18 39 26 40 30 
5 4 1 16 2 23 3 13 4 13 12 13 18 14 13 15 30 16 14 17 26 18 26 19 14 20 26 21 19 22 22 23 19 24 15 32 5 13 6 11 7 19 8 14 9 16 10 12 11 18 12 30 13 10 14 19 15 22 16 18 17 15 18 30 19 29 20 16 21 26 22 10 23 28 24 13 25 20 26 10 27 22 28 26 29 14 30 17 31 27 32 13 33 29 34 22 35 11 36 26 4 25 20 26 20 27 22 28 28 4 37 21 38 18 39 24 40 21 
5 4 1 29 2 18 3 18 4 27 24 5 30 6 12 7 19 8 27 9 15 10 18 11 23 12 17 21 26 22 20 23 13 24 15 25 15 26 24 27 15 28 18 29 18 30 26 31 19 32 22 33 25 34 17 35 28 36 25 8 17 10 18 26 19 17 20 13 29 21 30 25 31 15 32 25 16 5 20 6 30 7 21 8 11 9 16 10 24 11 24 12 28 17 10 18 30 19 13 20 25 33 18 34 21 35 29 36 30 4 37 25 38 27 39 27 40 15 
5 4 1 18 2 27 3 18 4 14 8 5 23 6 13 7 10 8 14 25 17 26 20 27 10 28 28 24 5 22 6 26 7 20 8 10 9 17 10 19 11 18 12 16 13 22 14 23 15 18 16 25 25 13 26 10 27 30 28 15 29 15 30 30 31 25 32 17 33 30 34 30 35 18 36 30 8 25 18 26 18 27 20 28 30 29 29 30 12 31 15 32 28 4 37 18 38 22 39 12 40 28 
5 4 1 23 2 29 3 20 4 16 28 5 14 6 13 7 30 8 28 9 18 10 30 11 16 12 19 13 10 14 17 15 21 16 27 17 26 18 20 19 20 20 24 21 18 22 22 23 30 24 24 29 14 30 12 31 21 32 17 33 15 34 19 35 17 36 24 32 5 19 6 27 7 29 8 15 9 30 10 17 11 28 12 20 13 15 14 19 15 16 16 28 17 21 18 23 19 10 20 17 21 19 22 28 23 25 24 16 25 30 26 24 27 17 28 17 29 21 30 14 31 23 32 18 33 20 34 15 35 27 36 27 12 21 20 22 17 23 21 24 13 25 11 26 30 27 19 28 30 33 16 34 10 35 30 36 13 4 37 12 38 19 39 23 40 17 
5 4 1 24 2 30 3 27 4 11 16 5 21 6 24 7 22 8 19 21 30 22 30 23 11 24 30 25 13 26 30 27 25 28 11 29 29 30 26 31 13 32 27 4 9 21 10 24 11 14 12 28 12 5 24 6 23 7 18 8 18 13 21 14 24 15 21 16 20 33 26 34 11 35 12 36 18 4 37 26 38 13 39 22 40 29 
5 4 1 16 2 27 3 11 4 16 24 5 15 6 20 7 27 8 28 9 22 10 22 11 18 12 22 13 13 14 29 15 12 16 17 21 18 22 21 23 20 24 27 25 11 26 14 27 21 28 15 29 20 30 10 31 30 32 28 24 5 27 6 17 7 28 8 20 13 14 14 18 15 19 16 29 21 10 22 26 23 23 24 13 25 24 26 30 27 23 28 24 29 22 30 21 31 28 32 22 33 29 34 17 35 27 36 28 4 9 20 10 14 11 14 12 11 4 37 13 38 27 39 10 40 28 
5 4 1 16 2 22 3 25 4 14 32 5 30 6 11 7 19 8 18 9 20 10 13 11 18 12 16 13 11 14 27 15 18 16 17 17 29 18 15 19 26 20 11 21 12 22 27 23 21 24 14 25 14 26 11 27 30 28 10 29 23 30 18 31 13 32 24 33 14 34 17 35 13 36 29 8 5 18 6 22 7 20 8 22 21 23 22 14 23 11 24 30 8 13 18 14 27 15 17 16 11 29 18 30 28 31 10 32 24 4 37 29 38 25 39 10 40 29 
5 4 1 30 2 21 3 29 4 11 16 13 10 14 22 15 18 16 29 17 30 18 13 19 17 20 27 21 10 22 16 23 10 24 19 25 21 26 20 27 26 28 29 8 5 21 6 22 7 11 8 10 29 23 30 11 31 26 32 22 28 5 15 6 27 7 26 8 26 9 18 10 27 11 11 12 25 13 17 14 22 15 15 16 14 17 16 18 20 19 15 20 29 21 26 22 12 23 21 24 29 25 20 26 22 27 24 28 14 29 11 30 15 31 18 32 30 4 37 20 38 11 39 24 40 21 
5 4 1 20 2 26 3 19 4 24 28 5 15 6 20 7 13 8 14 9 29 10 20 11 27 12 27 13 30 14 28 15 26 16 15 17 21 18 19 19 18 20 23 25 13 26 19 27 28 28 10 29 12 30 11 31 20 32 17 33 30 34 17 35 25 36 15 32 5 21 6 10 7 24 8 17 9 18 10 27 11 24 12 15 13 15 14 29 15 29 16 21 17 10 18 29 19 17 20 19 21 28 22 13 23 14 24 30 25 19 26 13 27 20 28 29 29 13 30 14 31 10 32 15 33 30 34 16 35 28 36 16 12 9 15 10 14 11 18 12 18 13 22 14 24 15 29 16 17 25 17 26 22 27 22 28 11 4 37 28 38 23 39 15 40 15 
5 4 1 16 2 25 3 22 4 15 12 21 25 22 25 23 19 24 25 25 27 26 18 27 18 28 26 33 25 34 22 35 25 36 11 20 17 11 18 23 19 22 20 23 21 25 22 27 23 23 24 27 25 18 26 29 27 23 28 24 29 20 30 30 31 26 32 23 33 17 34 27 35 12 36 14 4 29 10 30 17 31 13 32 23 4 37 20 38 11 39 10 40 22 
5 4 1 30 2 13 3 13 4 14 8 5 16 6 10 7 29 8 14 33 21 34 22 35 17 36 21 8 13 25 14 23 15 14 16 20 29 28 30 16 31 28 32 27 8 17 19 18 25 19 11 20 11 29 12 30 15 31 17 32 16 4 37 22 38 19 39 19 40 17 
5 4 1 16 2 13 3 28 4 10 16 13 21 14 13 15 18 16 25 17 29 18 24 19 19 20 12 21 13 22 22 23 30 24 12 29 23 30 25 31 23 32 18 16 9 25 10 16 11 23 12 19 21 28 22 27 23 10 24 12 29 22 30 24 31 11 32 20 33 11 34 30 35 18 36 20 20 9 12 10 16 11 30 12 15 17 12 18 11 19 21 20 19 21 10 22 22 23 24 24 13 25 26 26 30 27 28 28 28 29 18 30 12 31 12 32 23 4 37 29 38 23 39 16 40 12 
5 4 1 30 2 14 3 12 4 16 4 5 28 6 12 7 28 8 30 24 5 16 6 22 7 27 8 26 13 12 14 19 15 11 16 17 17 11 18 18 19 16 20 27 25 28 26 27 27 24 28 29 29 28 30 18 31 23 32 15 33 30 34 27 35 30 36 17 20 5 11 6 11 7 14 8 13 13 26 14 12 15 23 16 14 17 11 18 30 19 17 20 17 21 20 22 12 23 18 24 20 29 28 30 25 31 29 32 15 4 37 23 38 28 39 11 40 17 
5 4 1 27 2 10 3 10 4 14 28 5 30 6 22 7 27 8 12 9 30 10 19 11 21 12 28 13 15 14 27 15 28 16 23 21 18 22 12 23 13 24 23 25 14 26 10 27 19 28 24 29 24 30 14 31 29 32 10 33 30 34 27 35 29 36 30 16 9 20 10 11 11 24 12 15 13 25 14 17 15 18 16 12 25 17 26 10 27 21 28 29 29 18 30 13 31 24 32 17 4 25 10 26 19 27 26 28 10 4 37 18 38 18 39 28 40 29 
5 4 1 25 2 10 3 23 4 21 32 5 17 6 27 7 17 8 24 9 10 10 20 11 16 12 10 13 13 14 25 15 30 16 11 17 20 18 20 19 22 20 25 21 26 22 18 23 28 24 12 25 16 26 19 27 19 28 28 29 26 30 19 31 15 32 28 33 14 34 27 35 18 36 26 12 5 11 6 25 7 26 8 15 13 29 14 25 15 15 16 21 29 11 30 24 31 25 32 20 8 13 30 14 16 15 29 16 23 17 16 18 15 19 14 20 15 4 37 16 38 19 39 20 40 19 
5 4 1 13 2 16 3 14 4 27 20 9 21 10 13 11 22 12 24 13 25 14 19 15 23 16 18 21 20 22 24 23 22 24 22 25 21 26 18 27 22 28 11 33 15 34 17 35 25 36 26 24 5 12 6 26 7 10 8 17 9 20 10 18 11 27 12 25 13 12 14 10 15 30 16 30 21 18 22 22 23 29 24 28 29 11 30 14 31 16 32 30 33 12 34 21 35 19 36 23 28 5 26 6 17 7 23 8 28 9 18 10 29 11 18 12 23 13 28 14 29 15 21 16 21 17 16 18 11 19 18 20 21 21 27 22 29 23 19 24 21 29 11 30 18 31 19 32 12 33 24 34 11 35 16 36 25 4 37 19 38 28 39 29 40 27 
5 4 1 28 2 12 3 30 4 24 8 13 17 14 25 15 12 16 13 17 17 18 10 19 28 20 15 8 9 23 10 26 11 30 12 27 17 21 18 21 19 11 20 13 24 5 14 6 20 7 17 8 16 9 24 10 16 11 25 12 13 13 18 14 23 15 25 16 23 17 15 18 14 19 30 20 22 29 18 30 20 31 18 32 17 33 17 34 16 35 11 36 15 4 37 17 38 22 39 16 40 23 
5 4 1 29 2 18 3 17 4 29 16 13 10 14 15 15 19 16 28 17 11 18 20 19 29 20 13 25 27 26 13 27 25 28 10 29 30 30 10 31 24 32 27 20 5 20 6 12 7 28 8 15 9 29 10 15 11 23 12 13 17 29 18 18 19 20 20 22 21 29 22 22 23 13 24 21 25 27 26 22 27 17 28 20 20 5 18 6 16 7 12 8 22 17 27 18 11 19 26 20 28 21 12 22 15 23 23 24 17 25 16 26 10 27 18 28 11 29 21 30 29 31 27 32 18 4 37 19 38 12 39 10 40 15 
5 4 1 20 2 22 3 16 4 29 12 9 16 10 13 11 18 12 27 21 24 22 21 23 27 24 30 29 30 30 21 31 19 32 22 16 9 14 10 17 11 11 12 27 13 18 14 14 15 30 16 17 17 26 18 13 19 20 20 22 21 27 22 15 23 11 24 16 16 13 19 14 21 15 18 16 26 17 29 18 30 19 15 20 19 25 11 26 22 27 11 28 30 33 17 34 19 35 28 36 23 4 37 24 38 29 39 23 40 13 
5 4 1 30 2 14 3 19 4 13 4 29 26 30 23 31 14 32 29 32 5 23 6 12 7 29 8 10 9 22 10 17 11 16 12 28 13 12 14 19 15 13 16 27 17 25 18 27 19 24 20 29 21 30 22 11 23 16 24 11 25 16 26 16 27 22 28 12 29 21 30 14 31 25 32 22 33 11 34 20 35 21 36 21 8 5 24 6 16 7 27 8 28 13 12 14 25 15 24 16 21 4 37 30 38 11 39 27 40 22 
5 4 1 24 2 19 3 26 4 15 32 5 13 6 14 7 20 8 10 9 22 10 18 11 18 12 23 13 17 14 25 15 20 16 27 17 10 18 28 19 26 20 12 21 23 22 17 23 19 24 12 25 22 26 25 27 17 28 10 29 15 30 13 31 19 32 14 33 29 34 19 35 21 36 26 24 5 13 6 13 7 19 8 12 9 14 10 15 11 10 12 14 13 27 14 30 15 23 16 23 17 23 18 27 19 20 20 26 29 20 30 27 31 14 32 13 33 18 34 14 35 11 36 27 20 9 27 10 12 11 15 12 20 17 29 18 14 19 25 20 24 21 24 22 15 23 17 24 15 29 10 30 25 31 29 32 15 33 29 34 23 35 28 36 28 4 37 30 38 19 39 25 40 25 
5 4 1 15 2 19 3 20 4 22 12 9 26 10 24 11 30 12 30 17 16 18 17 19 19 20 14 29 25 30 10 31 29 32 24 24 5 19 6 20 7 27 8 24 9 19 10 20 11 17 12 16 13 19 14 30 15 10 16 18 17 18 18 11 19 14 20 24 25 21 26 26 27 19 28 29 29 26 30 14 31 23 32 18 24 5 25 6 12 7 15 8 23 9 27 10 20 11 17 12 23 13 14 14 18 15 25 16 24 21 28 22 11 23 14 24 13 29 30 30 25 31 17 32 16 33 13 34 27 35 30 36 27 4 37 15 38 23 39 19 40 30 
5 4 1 16 2 25 3 23 4 30 16 5 26 6 12 7 14 8 11 13 13 14 24 15 26 16 25 21 24 22 21 23 18 24 24 29 20 30 24 31 23 32 21 28 5 20 6 13 7 27 8 13 9 23 10 10 11 26 12 13 13 30 14 21 15 18 16 25 17 24 18 15 19 21 20 10 21 24 22 21 23 11 24 23 29 24 30 25 31 19 32 11 33 26 34 21 35 18 36 26 28 5 15 6 26 7 29 8 28 9 26 10 23 11 19 12 19 13 30 14 16 15 27 16 12 17 29 18 12 19 13 20 11 21 21 22 20 23 24 24 26 25 12 26 23 27 20 28 13 33 23 34 13 35 27 36 25 4 37 29 38 21 39 13 40 23 
5 4 1 14 2 20 3 10 4 14 8 5 10 6 26 7 27 8 13 33 29 34 11 35 28 36 16 20 5 21 6 12 7 25 8 11 17 18 18 18 19 14 20 27 21 28 22 26 23 28 24 18 25 19 26 10 27 10 28 11 29 27 30 15 31 25 32 18 12 5 15 6 11 7 20 8 27 13 27 14 19 15 10 16 11 33 30 34 30 35 22 36 28 4 37 25 38 30 39 11 40 29 
5 4 1 14 2 30 3 11 4 12 20 5 30 6 12 7 23 8 11 9 20 10 10 11 22 12 13 21 23 22 23 23 29 24 30 25 29 26 15 27 28 28 25 29 24 30 19 31 28 32 11 28 5 12 6 12 7 21 8 18 9 13 10 26 11 30 12 27 13 18 14 28 15 28 16 10 21 29 22 11 23 11 24 15 25 24 26 27 27 21 28 12 29 21 30 19 31 25 32 18 33 17 34 13 35 17 36 13 32 5 26 6 23 7 22 8 29 9 24 10 10 11 21 12 22 13 27 14 11 15 26 16 14 17 19 18 28 19 11 20 10 21 29 22 21 23 22 24 29 25 22 26 29 27 15 28 13 29 21 30 12 31 11 32 14 33 24 34 17 35 10 36 30 4 37 18 38 23 39 24 40 27 
5 4 1 26 2 10 3 14 4 13 24 5 11 6 13 7 13 8 25 9 23 10 25 11 27 12 16 13 28 14 18 15 17 16 17 17 23 18 22 19 29 20 23 21 22 22 16 23 24 24 11 29 23 30 29 31 11 32 26 4 29 15 30 17 31 16 32 14 8 17 23 18 25 19 21 20 16 21 15 22 28 23 23 24 25 4 37 13 38 19 39 23 40 23 
5 4 1 21 2 23 3 10 4 27 28 5 28 6 15 7 23 8 12 13 25 14 29 15 24 16 17 17 27 18 26 19 24 20 27 21 10 22 29 23 12 24 16 25 17 26 25 27 27 28 11 29 12 30 20 31 24 32 16 33 11 34 26 35 26 36 25 28 5 20 6 10 7 22 8 23 9 11 10 25 11 29 12 30 13 11 14 19 15 19 16 13 21 19 22 13 23 26 24 23 25 17 26 15 27 19 28 17 29 24 30 24 31 10 32 16 33 16 34 22 35 28 36 26 12 9 29 10 21 11 28 12 18 17 23 18 14 19 23 20 28 21 17 22 14 23 21 24 13 4 37 29 38 27 39 22 40 30 
5 4 1 22 2 12 3 15 4 10 12 17 19 18 11 19 22 20 15 21 20 22 18 23 26 24 21 29 11 30 30 31 12 32 15 32 5 27 6 27 7 22 8 11 9 12 10 21 11 20 12 26 13 24 14 27 15 12 16 15 17 18 18 17 19 24 20 27 21 30 22 17 23 18 24 23 25 10 26 25 27 14 28 12 29 27 30 20 31 22 32 23 33 10 34 19 35 26 36 27 20 5 30 6 19 7 17 8 20 9 28 10 13 11 11 12 10 13 12 14 28 15 16 16 26 21 22 22 27 23 27 24 20 33 22 34 13 35 16 36 27 4 37 30 38 27 39 29 40 14 
5 4 1 16 2 17 3 13 4 23 4 17 30 18 28 19 26 20 19 4 33 26 34 27 35 24 36 22 12 5 16 6 19 7 23 8 12 25 23 26 20 27 10 28 24 33 26 34 21 35 21 36 18 4 37 18 38 12 39 12 40 14 
5 4 1 18 2 24 3 27 4 10 32 5 12 6 14 7 23 8 12 9 14 10 26 11 20 12 27 13 14 14 26 15 13 16 15 17 16 18 27 19 12 20 18 21 21 22 19 23 10 24 30 25 18 26 19 27 27 28 30 29 20 30 20 31 26 32 25 33 26 34 27 35 25 36 16 24 5 21 6 30 7 17 8 22 9 15 10 23 11 30 12 29 17 19 18 13 19 16 20 19 21 20 22 13 23 24 24 23 29 23 30 26 31 12 32 16 33 29 34 12 35 11 36 26 12 13 16 14 10 15 11 16 28 21 11 22 23 23 17 24 19 29 21 30 11 31 10 32 14 4 37 15 38 17 39 11 40 28 
5 4 1 15 2 25 3 27 4 21 4 9 24 10 28 11 11 12 13 12 5 24 6 28 7 23 8 24 29 29 30 18 31 25 32 27 33 10 34 12 35 20 36 23 20 9 28 10 22 11 29 12 28 21 22 22 12 23 27 24 24 25 25 26 20 27 29 28 18 29 23 30 23 31 17 32 28 33 14 34 28 35 14 36 29 4 37 19 38 25 39 22 40 17 
5 4 1 23 2 25 3 12 4 18 8 25 13 26 17 27 13 28 13 33 28 34 23 35 24 36 28 4 17 28 18 12 19 13 20 20 12 9 13 10 20 11 29 12 19 17 26 18 19 19 29 20 12 29 22 30 12 31 10 32 10 4 37 11 38 22 39 12 40 25 
5 4 1 22 2 11 3 25 4 30 4 33 23 34 16 35 16 36 28 4 25 22 26 28 27 28 28 15 4 9 26 10 17 11 23 12 12 4 37 19 38 19 39 10 40 26 
5 4 1 19 2 11 3 22 4 25 16 5 26 6 11 7 12 8 13 13 24 14 27 15 16 16 30 17 29 18 12 19 14 20 24 21 25 22 15 23 29 24 29 12 5 30 6 30 7 21 8 23 13 25 14 25 15 19 16 28 21 22 22 20 23 16 24 29 4 25 27 26 11 27 16 28 14 4 37 20 38 21 39 27 40 14 
5 4 1 26 2 16 3 15 4 15 8 21 30 22 14 23 25 24 22 33 11 34 26 35 10 36 26 12 13 10 14 22 15 21 16 19 17 24 18 15 19 11 20 12 29 12 30 16 31 23 32 28 28 9 19 10 25 11 11 12 25 13 19 14 27 15 10 16 20 17 13 18 16 19 23 20 25 21 30 22 23 23 17 24 19 25 21 26 12 27 21 28 30 29 17 30 27 31 17 32 11 33 29 34 27 35 12 36 15 4 37 28 38 20 39 10 40 19 
5 4 1 16 2 14 3 30 4 27 20 5 17 6 17 7 17 8 22 13 25 14 14 15 26 16 17 17 26 18 23 19 10 20 23 25 16 26 12 27 30 28 10 29 10 30 29 31 17 32 27 32 5 23 6 26 7 25 8 30 9 11 10 13 11 28 12 14 13 18 14 28 15 27 16 20 17 23 18 27 19 21 20 27 21 26 22 21 23 27 24 24 25 19 26 26 27 25 28 22 29 21 30 26 31 29 32 20 33 29 34 29 35 28 36 22 20 5 28 6 20 7 22 8 17 9 13 10 14 11 28 12 15 17 16 18 15 19 22 20 30 29 27 30 21 31 16 32 18 33 27 34 23 35 18 36 24 4 37 24 38 20 39 30 40 18 
5 4 1 28 2 13 3 20 4 15 12 9 10 10 24 11 14 12 29 25 24 26 29 27 13 28 18 29 14 30 25 31 27 32 24 12 13 13 14 26 15 11 16 26 17 12 18 30 19 19 20 29 25 19 26 30 27 30 28 14 4 9 26 10 28 11 18 12 11 4 37 30 38 24 39 18 40 13 
5 4 1 26 2 17 3 26 4 19 32 5 14 6 16 7 25 8 30 9 22 10 30 11 17 12 17 13 30 14 14 15 11 16 16 17 25 18 24 19 18 20 16 21 17 22 12 23 20 24 13 25 14 26 20 27 13 28 13 29 30 30 29 31 20 32 11 33 27 34 14 35 11 36 16 16 17 26 18 15 19 12 20 19 21 27 22 13 23 13 24 28 25 10 26 18 27 29 28 14 29 30 30 23 31 17 32 10 28 5 12 6 28 7 24 8 11 9 27 10 27 11 27 12 25 13 23 14 18 15 24 16 13 21 26 22 11 23 27 24 13 25 13 26 23 27 25 28 27 29 18 30 12 31 16 32 11 33 30 34 29 35 29 36 23 4 37 29 38 22 39 19 40 12 
5 4 1 20 2 25 3 22 4 25 20 5 13 6 27 7 30 8 25 9 27 10 20 11 10 12 23 21 12 22 10 23 24 24 15 25 12 26 27 27 18 28 12 33 23 34 18 35 25 36 27 16 17 13 18 30 19 23 20 29 25 28 26 23 27 11 28 13 29 16 30 25 31 19 32 12 33 14 34 13 35 18 36 15 28 5 25 6 12 7 24 8 19 13 26 14 26 15 13 16 29 17 23 18 22 19 28 20 30 21 21 22 26 23 25 24 22 25 10 26 28 27 10 28 12 29 30 30 27 31 13 32 23 33 19 34 25 35 12 36 22 4 37 29 38 22 39 16 40 27 
5 4 1 17 2 16 3 18 4 27 16 5 12 6 28 7 12 8 21 9 26 10 29 11 26 12 15 17 27 18 19 19 26 20 11 21 13 22 11 23 13 24 15 24 9 15 10 12 11 27 12 15 17 21 18 16 19 18 20 20 21 25 22 16 23 29 24 22 25 26 26 23 27 30 28 22 29 22 30 16 31 16 32 13 33 27 34 16 35 15 36 23 24 5 29 6 23 7 12 8 24 9 16 10 20 11 11 12 26 13 14 14 15 15 21 16 30 21 11 22 19 23 24 24 17 25 27 26 10 27 13 28 16 29 19 30 11 31 25 32 29 4 37 20 38 25 39 10 40 15 
5 4 1 21 2 28 3 11 4 22 28 5 15 6 18 7 18 8 25 9 12 10 29 11 26 12 16 13 12 14 27 15 24 16 23 17 27 18 18 19 22 20 29 25 27 26 19 27 25 28 16 29 13 30 17 31 26 32 16 33 15 34 28 35 30 36 19 12 9 30 10 12 11 11 12 15 13 23 14 26 15 10 16 14 17 12 18 19 19 21 20 26 24 13 17 14 30 15 19 16 29 17 28 18 24 19 26 20 28 21 15 22 19 23 28 24 29 25 24 26 10 27 24 28 23 29 21 30 29 31 13 32 28 33 28 34 29 35 28 36 19 4 37 24 38 23 39 28 40 27 
5 4 1 22 2 17 3 24 4 12 20 5 29 6 15 7 14 8 12 21 23 22 20 23 11 24 28 25 12 26 11 27 13 28 26 29 15 30 13 31 24 32 12 33 11 34 20 35 29 36 15 4 9 18 10 11 11 30 12 24 16 13 22 14 28 15 30 16 26 21 18 22 27 23 22 24 17 25 12 26 26 27 19 28 20 33 22 34 30 35 29 36 22 4 37 21 38 12 39 12 40 20 
5 4 1 28 2 24 3 12 4 14 4 21 29 22 21 23 10 24 30 20 5 16 6 30 7 13 8 27 13 27 14 18 15 27 16 25 17 23 18 30 19 23 20 14 25 10 26 29 27 15 28 26 29 20 30 21 31 27 32 15 4 33 22 34 13 35 15 36 27 4 37 28 38 15 39 29 40 28 
5 4 1 11 2 27 3 23 4 16 32 5 10 6 22 7 22 8 16 9 18 10 26 11 13 12 13 13 24 14 15 15 28 16 25 17 12 18 19 19 27 20 18 21 16 22 25 23 24 24 30 25 11 26 10 27 22 28 16 29 30 30 22 31 15 32 23 33 23 34 26 35 18 36 22 28 5 11 6 30 7 26 8 25 9 30 10 24 11 24 12 17 17 12 18 25 19 10 20 17 21 19 22 19 23 13 24 26 25 16 26 16 27 20 28 15 29 22 30 30 31 18 32 18 33 26 34 10 35 23 36 19 4 5 14 6 19 7 21 8 15 4 37 24 38 21 39 22 40 29 
5 4 1 14 2 18 3 18 4 22 32 5 19 6 24 7 27 8 19 9 16 10 25 11 22 12 21 13 14 14 27 15 26 16 16 17 27 18 20 19 22 20 10 21 28 22 16 23 23 24 29 25 24 26 29 27 25 28 26 29 28 30 12 31 20 32 26 33 26 34 29 35 26 36 14 8 13 18 14 26 15 12 16 24 17 11 18 23 19 15 20 18 28 5 10 6 14 7 12 8 11 9 26 10 28 11 22 12 21 13 20 14 12 15 26 16 14 17 21 18 25 19 19 20 19 25 22 26 28 27 18 28 10 29 23 30 15 31 20 32 25 33 29 34 13 35 28 36 29 4 37 21 38 13 39 15 40 22 
5 4 1 15 2 21 3 10 4 11 12 9 22 10 19 11 26 12 17 17 21 18 14 19 24 20 12 25 14 26 11 27 29 28 17 16 9 22 10 29 11 30 12 13 17 11 18 23 19 16 20 24 21 13 22 24 23 20 24 14 25 20 26 16 27 28 28 23 28 5 11 6 27 7 26 8 22 9 17 10 25 11 30 12 20 13 25 14 29 15 10 16 13 17 26 18 23 19 22 20 18 21 27 22 23 23 20 24 18 25 21 26 17 27 16 28 17 33 25 34 24 35 19 36 17 4 37 10 38 29 39 11 40 14 
5 4 1 28 2 26 3 22 4 22 20 5 16 6 16 7 30 8 12 9 22 10 16 11 12 12 25 17 19 18 19 19 30 20 30 21 21 22 26 23 24 24 14 25 27 26 12 27 12 28 25 12 21 22 22 22 23 13 24 23 25 20 26 20 27 20 28 22 29 17 30 16 31 14 32 15 8 13 28 14 24 15 21 16 26 29 29 30 12 31 11 32 22 4 37 22 38 28 39 16 40 29 
5 4 1 17 2 26 3 10 4 20 28 5 14 6 17 7 25 8 12 9 15 10 26 11 28 12 22 13 20 14 19 15 27 16 22 17 18 18 15 19 13 20 29 21 29 22 28 23 29 24 30 25 23 26 14 27 28 28 30 29 20 30 22 31 18 32 22 28 5 23 6 21 7 30 8 28 9 11 10 28 11 20 12 12 13 10 14 15 15 12 16 13 17 30 18 15 19 28 20 12 21 22 22 13 23 21 24 17 29 11 30 10 31 13 32 17 33 23 34 20 35 30 36 27 28 5 12 6 30 7 12 8 23 9 25 10 29 11 27 12 30 13 29 14 18 15 27 16 29 17 20 18 18 19 21 20 26 25 25 26 20 27 10 28 10 29 10 30 27 31 20 32 21 33 10 34 19 35 29 36 16 4 37 13 38 20 39 12 40 16 
5 4 1 27 2 18 3 28 4 12 28 5 19 6 20 7 19 8 14 9 20 10 11 11 22 12 28 13 30 14 26 15 24 16 23 17 20 18 22 19 14 20 15 25 17 26 12 27 26 28 19 29 18 30 14 31 17 32 28 33 22 34 26 35 21 36 10 4 13 18 14 27 15 23 16 14 32 5 22 6 25 7 14 8 28 9 20 10 22 11 14 12 23 13 23 14 14 15 16 16 24 17 26 18 25 19 20 20 13 21 19 22 28 23 28 24 26 25 28 26 23 27 11 28 19 29 21 30 27 31 13 32 23 33 30 34 20 35 26 36 30 4 37 18 38 12 39 23 40 14 
5 4 1 19 2 21 3 23 4 13 20 13 29 14 24 15 25 16 29 17 15 18 18 19 22 20 25 25 26 26 27 27 18 28 30 29 17 30 10 31 26 32 25 33 11 34 18 35 11 36 18 28 5 25 6 17 7 18 8 26 9 28 10 14 11 25 12 25 13 30 14 19 15 17 16 20 21 21 22 25 23 28 24 20 25 23 26 30 27 29 28 15 29 20 30 21 31 21 32 19 33 18 34 19 35 23 36 15 12 9 23 10 28 11 10 12 14 13 21 14 13 15 24 16 15 29 13 30 21 31 23 32 26 4 37 30 38 23 39 12 40 13 
5 4 1 21 2 16 3 21 4 23 12 13 16 14 16 15 21 16 22 25 10 26 13 27 27 28 22 33 27 34 22 35 25 36 11 16 5 14 6 15 7 16 8 27 25 26 26 13 27 14 28 20 29 27 30 12 31 22 32 20 33 25 34 21 35 17 36 18 8 17 19 18 23 19 16 20 28 29 14 30 17 31 29 32 19 4 37 20 38 29 39 30 40 19 
5 4 1 29 2 27 3 27 4 30 32 5 25 6 23 7 10 8 25 9 13 10 13 11 28 12 16 13 21 14 11 15 13 16 25 17 18 18 20 19 10 20 26 21 21 22 22 23 22 24 11 25 19 26 21 27 15 28 15 29 30 30 11 31 28 32 13 33 12 34 30 35 14 36 11 4 9 20 10 10 11 12 12 10 12 13 12 14 28 15 22 16 26 21 22 22 24 23 26 24 28 25 29 26 15 27 13 28 14 4 37 24 38 29 39 12 40 23 
5 4 1 23 2 13 3 18 4 14 24 9 18 10 25 11 24 12 28 13 24 14 10 15 15 16 29 21 15 22 17 23 13 24 24 25 29 26 13 27 26 28 30 29 14 30 22 31 17 32 21 33 25 34 15 35 25 36 29 24 9 12 10 12 11 15 12 18 13 13 14 17 15 20 16 25 21 22 22 19 23 26 24 26 25 28 26 15 27 12 28 12 29 15 30 17 31 28 32 26 33 27 34 11 35 29 36 17 8 29 22 30 17 31 16 32 20 33 23 34 25 35 11 36 14 4 37 19 38 12 39 16 40 22 
5 4 1 22 2 21 3 17 4 22 24 5 21 6 15 7 15 8 25 9 12 10 29 11 16 12 27 13 13 14 17 15 28 16 11 17 24 18 20 19 19 20 13 25 24 26 19 27 22 28 27 29 11 30 16 31 21 32 12 16 5 16 6 25 7 14 8 29 17 11 18 10 19 30 20 16 29 28 30 21 31 28 32 22 33 16 34 22 35 29 36 13 32 5 30 6 28 7 24 8 20 9 29 10 28 11 16 12 13 13 15 14 28 15 24 16 20 17 17 18 15 19 30 20 28 21 13 22 30 23 28 24 17 25 29 26 10 27 22 28 17 29 29 30 12 31 18 32 14 33 22 34 26 35 29 36 25 4 37 13 38 11 39 24 40 15 
5 4 1 25 2 21 3 22 4 21 32 5 20 6 22 7 21 8 27 9 30 10 10 11 17 12 22 13 21 14 16 15 30 16 29 17 14 18 21 19 18 20 27 21 10 22 10 23 11 24 13 25 29 26 13 27 17 28 25 29 11 30 30 31 20 32 10 33 25 34 26 35 19 36 26 32 5 13 6 22 7 29 8 14 9 28 10 15 11 12 12 23 13 15 14 21 15 12 16 18 17 12 18 15 19 29 20 29 21 25 22 24 23 16 24 21 25 28 26 17 27 30 28 29 29 17 30 28 31 25 32 11 33 21 34 19 35 22 36 25 8 29 22 30 11 31 25 32 23 33 14 34 28 35 25 36 23 4 37 11 38 11 39 23 40 27 
5 4 1 29 2 16 3 14 4 26 24 5 20 6 21 7 14 8 21 9 27 10 22 11 30 12 25 13 26 14 14 15 22 16 12 17 27 18 24 19 16 20 24 21 18 22 28 23 13 24 23 33 26 34 21 35 14 36 15 16 9 16 10 12 11 27 12 17 13 23 14 28 15 30 16 17 17 19 18 20 19 23 20 18 33 26 34 26 35 18 36 25 4 21 13 22 23 23 10 24 24 4 37 20 38 27 39 27 40 26 
20 9 8 19 7 36 45 1 64 71 11 86 103 3 115 128 7 141 156 9 166 185 2 198 207 7 225 234 5 249 264 15 273 294 8 306 315 12 329 346 5 357 372 9 386 397 18 409 428 10 438 453 13 465 480 13 490 509 1 522 531 
14 3 10 26 10 45 63 17 76 104 3 120 132 12 155 169 10 188 208 6 227 241 9 259 281 13 296 316 1 332 352 18 365 391 17 402 426 21 437 463 1 480 492 
23 2 4 17 5 26 37 6 45 60 4 68 79 13 87 102 4 109 122 11 129 144 2 154 161 1 171 186 1 193 206 5 217 224 7 236 247 7 256 269 4 275 292 6 297 312 5 320 331 13 339 354 7 360 375 13 380 397 4 405 414 1 422 439 7 447 456 3 469 476 
11 12 7 38 19 51 84 19 97 128 1 151 164 2 196 209 11 239 256 5 280 305 5 327 348 4 371 394 23 412 443 5 465 480 
5 8 11 25 16 43 65 12 82 98 4 112 140 10 154 170 
23 4 1 7 1 9 15 4 17 23 4 25 31 5 33 39 4 41 47 4 49 55 3 58 62 2 65 71 2 73 79 4 81 87 5 89 95 2 98 102 1 106 110 2 113 119 1 121 127 2 130 134 2 138 142 2 145 151 2 154 158 3 162 166 1 170 174 1 177 183 
22 3 2 7 5 10 17 5 19 26 1 28 35 2 38 43 1 48 51 4 56 61 2 65 70 2 73 80 1 83 88 3 92 97 2 102 105 2 110 115 2 118 125 2 128 133 2 137 142 1 145 152 1 154 161 2 163 170 2 172 179 1 182 187 5 190 197 
2 10 13 74 9 118 143 
34 1 1 5 1 7 11 4 12 18 1 20 22 1 24 30 1 31 35 1 38 40 2 43 47 4 48 54 2 54 60 1 62 64 1 68 70 1 74 76 1 80 82 2 85 89 1 91 95 1 97 101 2 103 107 1 110 112 2 115 119 1 122 124 1 128 130 3 133 137 2 139 143 3 144 150 1 150 156 3 157 161 1 163 167 2 169 173 1 176 178 1 181 185 4 186 192 1 193 197 2 198 204 
39 2 0 5 3 5 10 2 11 14 2 15 20 1 21 24 1 26 29 1 31 34 1 36 39 2 40 45 1 46 49 1 51 54 1 56 59 1 61 64 1 66 69 1 71 74 1 76 79 1 81 84 1 86 89 2 90 95 1 96 99 1 101 104 1 106 109 1 111 114 1 115 120 1 120 125 2 126 129 1 131 134 1 136 139 1 141 144 3 145 150 1 151 154 2 155 160 1 161 164 1 166 169 2 171 174 1 176 179 1 181 184 2 185 190 2 191 194 
28 3 1 6 2 9 12 2 15 20 1 22 27 2 29 34 1 36 41 2 43 48 1 51 54 3 57 62 2 65 68 2 72 75 2 79 82 3 85 90 1 93 96 3 99 104 2 107 110 2 112 119 1 121 124 1 128 131 1 135 138 1 142 145 4 147 154 2 156 159 1 162 167 3 169 174 3 176 181 1 184 187 1 191 194 
38 1 1 4 2 6 9 1 11 14 1 16 19 1 21 24 2 26 29 2 31 34 1 36 39 2 41 44 2 46 49 2 51 54 2 55 60 1 61 64 1 65 70 1 71 74 1 76 79 1 81 84 3 85 90 3 90 95 1 96 99 2 101 104 1 105 110 3 110 115 1 116 119 3 120 125 2 126 129 2 131 134 1 136 139 1 141 144 2 146 149 3 150 155 1 156 159 1 161 164 1 166 169 2 171 174 2 176 179 1 181 184 1 186 189 
43 1 1 4 1 6 9 1 11 14 2 15 20 2 21 24 2 25 30 3 30 35 2 36 39 1 41 44 1 46 49 1 51 54 3 55 60 2 60 65 1 66 69 1 70 75 1 76 79 1 81 84 1 86 89 2 91 94 1 96 99 1 101 104 1 106 109 1 110 115 1 116 119 1 121 124 3 125 130 1 130 135 1 136 139 2 141 144 2 146 149 1 150 155 1 156 159 1 161 164 1 166 169 1 171 174 1 175 180 2 181 184 1 186 189 1 191 194 1 196 199 1 201 204 2 205 210 1 211 214 
23 1 2 8 2 13 17 1 23 27 3 33 37 2 42 48 7 51 59 3 62 68 3 72 78 1 82 88 3 91 99 4 101 109 2 112 118 1 122 128 2 132 138 7 141 149 6 151 159 6 161 169 1 173 177 2 182 188 4 192 198 2 202 208 1 211 219 2 222 228 
31 2 1 6 1 8 13 1 16 19 1 23 26 3 29 34 2 37 40 1 43 48 1 50 55 1 58 61 1 65 68 2 71 76 1 79 82 2 85 90 2 92 97 3 98 105 4 106 111 2 114 117 1 121 124 2 127 132 4 134 139 3 141 146 1 148 153 3 155 160 1 163 166 2 170 173 1 177 180 2 183 188 4 190 195 1 198 201 4 204 209 1 212 215 
27 4 1 7 2 9 15 3 17 23 1 25 31 2 34 38 1 41 47 1 50 54 4 57 63 3 65 71 2 74 78 2 82 86 2 90 94 1 97 103 2 105 111 1 113 119 2 121 127 1 130 134 3 138 142 4 145 151 5 153 159 1 162 166 2 170 174 5 177 183 4 185 191 4 193 199 4 201 207 3 209 215 
20 3 2 9 7 12 21 5 23 32 5 35 42 2 46 53 2 57 64 4 68 75 1 80 85 2 89 98 3 102 107 2 113 118 5 123 130 1 135 140 6 144 153 1 157 162 3 168 173 3 178 185 2 190 195 3 201 206 4 212 217 
30 3 1 6 2 9 12 1 16 19 1 22 27 1 30 33 2 35 42 1 44 47 3 50 55 1 58 61 3 64 69 1 72 75 1 79 82 1 85 90 2 92 97 4 99 104 3 106 111 1 114 117 2 120 125 1 128 131 1 135 138 1 142 145 1 148 153 2 155 160 2 162 167 3 169 174 2 177 180 2 183 188 1 191 194 1 198 201 2 204 209 
15 6 2 11 1 16 23 3 29 36 2 42 49 7 54 63 5 67 76 5 79 90 3 94 101 2 106 115 2 118 129 3 133 140 3 145 154 6 158 167 2 173 178 4 185 192 
22 1 3 6 1 11 16 1 20 25 1 30 33 1 37 44 2 46 53 2 56 61 3 65 70 1 74 79 3 83 88 5 91 98 2 101 106 3 109 116 1 119 124 2 129 132 5 136 143 3 146 151 4 154 161 4 163 170 2 173 178 1 183 186 2 192 195 
37 1 0 5 2 6 9 1 10 15 1 16 19 2 20 25 1 26 29 3 30 35 2 36 39 1 41 44 1 45 50 1 50 55 1 56 59 1 60 65 1 66 69 1 71 74 2 76 79 1 80 85 1 86 89 1 91 94 2 96 99 1 101 104 1 106 109 3 110 115 1 116 119 1 121 124 3 125 130 2 130 135 3 135 140 1 141 144 1 146 149 1 150 155 2 156 159 2 161 164 2 166 169 2 170 175 2 176 179 1 181 184 
40 1 1 4 2 6 9 1 10 15 1 16 19 2 21 24 1 26 29 1 31 34 1 36 39 1 41 44 2 46 49 1 50 55 1 56 59 1 61 64 1 66 69 2 71 74 1 76 79 1 81 84 1 86 89 1 91 94 1 96 99 3 100 105 1 106 109 2 110 115 1 116 119 1 121 124 2 126 129 1 131 134 1 136 139 1 141 144 1 145 150 1 151 154 1 156 159 2 160 165 1 166 169 1 171 174 1 176 179 1 181 184 1 186 189 3 190 195 2 195 200 
22 3 2 7 3 11 16 3 20 25 2 29 34 1 38 43 1 46 53 1 56 61 2 64 71 2 74 79 2 83 88 4 92 97 6 100 107 1 110 115 3 119 124 2 127 134 2 136 143 1 147 150 3 154 161 1 165 168 3 173 178 3 181 188 2 191 196 
28 1 2 5 2 9 12 1 15 20 1 22 27 1 29 34 1 37 40 2 43 48 2 51 54 2 58 61 1 65 68 2 72 75 3 77 84 2 85 90 3 92 97 1 100 103 1 107 110 3 113 118 2 121 124 2 127 132 2 135 138 1 142 145 2 148 153 1 156 159 1 162 167 2 169 174 4 176 181 2 184 187 4 190 195 
14 2 4 9 2 15 24 3 29 36 5 41 50 5 55 62 6 67 76 4 80 89 5 93 102 2 108 113 6 118 129 4 132 141 4 145 154 7 157 168 6 170 181 
11 8 2 16 11 21 33 8 40 50 4 57 69 2 74 88 8 93 105 2 111 123 8 129 141 1 147 159 10 164 178 1 184 194 
11 6 5 13 1 24 30 6 38 52 4 58 68 2 76 86 2 94 104 11 110 124 4 131 139 5 148 158 2 166 176 5 184 194 
3 40 9 52 21 79 104 17 132 173 
31 3 2 6 2 10 14 1 17 23 3 26 30 3 33 39 2 42 46 2 49 55 2 58 62 5 65 71 2 74 78 3 82 86 2 89 95 3 98 102 1 105 111 3 113 119 3 122 126 2 130 134 3 137 143 5 145 151 3 154 158 3 161 167 2 170 174 4 177 183 2 186 190 2 194 198 3 201 207 4 209 215 5 217 223 3 226 230 2 233 239 1 241 247 
20 2 2 9 1 13 20 2 23 32 1 37 40 3 47 52 3 58 63 4 68 75 2 80 85 1 90 97 6 101 108 7 111 120 4 124 129 1 136 139 3 146 151 1 155 164 3 166 175 6 177 186 3 189 196 4 200 207 5 210 219 
9 9 7 17 4 29 43 10 54 66 15 75 93 4 101 115 8 126 138 1 147 165 7 173 187 1 195 213 
36 2 2 5 1 9 12 1 16 19 1 22 27 1 29 34 2 37 40 2 42 49 2 49 56 1 57 62 3 64 69 1 71 76 3 78 83 2 85 90 1 92 97 4 99 104 3 106 111 1 113 118 2 120 125 2 127 132 3 134 139 4 141 146 3 148 153 1 155 160 1 163 166 3 169 174 2 176 181 4 182 189 1 191 194 2 197 202 1 204 209 1 212 215 1 219 222 2 225 230 2 232 237 3 239 244 3 246 251 
11 11 2 14 5 18 30 7 35 45 3 53 59 5 68 76 8 83 93 3 98 110 4 115 125 3 131 141 5 147 157 5 163 173 
18 1 1 9 3 12 18 4 22 28 3 33 37 6 41 49 1 53 57 1 63 67 5 72 78 1 83 87 1 93 97 2 101 109 2 113 117 2 123 127 1 133 137 1 143 147 3 153 157 1 163 167 2 172 178 
30 2 1 5 2 7 11 1 14 16 3 19 23 2 25 29 1 31 35 2 37 41 2 43 47 3 49 53 2 54 60 2 60 66 2 67 71 1 73 77 2 79 83 1 86 88 1 91 95 3 97 101 1 103 107 3 109 113 3 115 119 2 121 125 1 128 130 2 132 138 1 139 143 1 145 149 3 151 155 2 157 161 1 163 167 1 169 173 1 176 178 
35 1 2 4 2 7 11 2 12 18 1 19 23 2 25 29 1 31 35 2 37 41 2 43 47 2 49 53 3 55 59 1 62 64 3 67 71 2 73 77 2 79 83 1 85 89 1 91 95 1 98 100 1 104 106 2 108 114 2 115 119 1 122 124 1 127 131 2 133 137 2 138 144 2 145 149 2 151 155 2 157 161 1 164 166 1 169 173 2 175 179 2 181 185 2 187 191 1 193 197 4 198 204 1 205 209 
25 2 6 15 13 23 40 1 45 60 6 68 79 13 86 103 4 112 119 4 129 144 1 152 163 6 173 184 4 196 203 4 214 227 7 237 246 1 257 268 12 277 290 9 298 311 1 317 334 9 340 353 2 364 371 1 383 394 13 402 417 6 424 437 2 447 456 2 469 476 8 488 499 5 508 521 
16 15 6 26 10 42 54 4 71 89 16 103 121 3 138 150 13 166 186 9 198 218 23 228 252 1 260 284 13 294 314 17 324 348 3 362 374 8 395 405 3 423 441 8 459 469 16 487 505 
12 1 7 34 23 48 75 6 92 113 6 133 154 7 179 190 7 216 235 10 258 275 9 300 315 19 335 362 1 383 396 4 416 445 13 462 481 
14 6 12 25 12 46 65 2 87 98 11 118 141 9 161 172 13 193 214 14 229 252 3 265 290 4 309 320 16 338 365 13 375 402 13 417 434 7 457 468 5 488 511 
