100 40 12.04
5 4 1 10 2 15 3 12 4 15 32 5 20 6 20 7 27 8 16 9 26 10 12 11 17 12 20 13 10 14 10 15 15 16 19 17 15 18 26 19 18 20 20 21 30 22 14 23 26 24 25 25 10 26 15 27 21 28 22 29 13 30 28 31 18 32 22 33 25 34 15 35 16 36 24 8 9 28 10 28 11 27 12 20 13 22 14 28 15 20 16 23 4 17 23 18 30 19 26 20 28 4 37 21 38 20 39 24 40 29 
5 4 1 21 2 19 3 29 4 22 8 17 30 18 16 19 27 20 15 29 30 30 25 31 13 32 20 24 5 30 6 13 7 18 8 11 9 28 10 17 11 27 12 17 13 16 14 30 15 12 16 11 17 13 18 27 19 26 20 24 25 10 26 25 27 28 28 17 29 30 30 23 31 24 32 22 4 5 10 6 26 7 28 8 27 4 37 10 38 13 39 13 40 20 
5 4 1 23 2 17 3 13 4 26 32 5 22 6 20 7 19 8 21 9 13 10 28 11 17 12 29 13 18 14 13 15 20 16 23 17 17 18 12 19 12 20 12 21 13 22 24 23 14 24 20 25 12 26 19 27 26 28 29 29 24 30 15 31 23 32 13 33 27 34 18 35 20 36 26 16 9 17 10 14 11 28 12 14 17 14 18 13 19 10 20 17 21 15 22 10 23 15 24 16 29 23 30 25 31 10 32 26 24 5 15 6 19 7 21 8 13 9 28 10 22 11 21 12 17 13 16 14 21 15 10 16 10 17 15 18 21 19 26 20 28 29 21 30 14 31 17 32 21 33 27 34 18 35 15 36 30 4 37 13 38 30 39 14 40 14 
5 4 1 26 2 25 3 28 4 15 20 5 16 6 24 7 17 8 13 21 27 22 28 23 17 24 14 25 12 26 10 27 21 28 15 29 22 30 23 31 14 32 24 33 27 34 21 35 27 36 10 32 5 14 6 24 7 13 8 19 9 20 10 16 11 30 12 10 13 16 14 28 15 25 16 22 17 11 18 30 19 30 20 29 21 27 22 18 23 28 24 10 25 20 26 24 27 15 28 12 29 14 30 21 31 27 32 19 33 27 34 19 35 10 36 19 4 13 19 14 15 15 25 16 16 4 37 17 38 20 39 11 40 16 
5 4 1 26 2 27 3 13 4 21 24 5 12 6 19 7 23 8 14 9 25 10 10 11 28 12 13 21 19 22 20 23 13 24 27 25 15 26 13 27 21 28 29 29 11 30 30 31 11 32 18 33 27 34 13 35 28 36 22 4 33 21 34 15 35 29 36 12 24 9 26 10 24 11 16 12 21 13 18 14 15 15 11 16 20 17 28 18 10 19 25 20 13 21 15 22 17 23 23 24 11 25 28 26 23 27 25 28 19 33 18 34 23 35 13 36 28 4 37 25 38 22 39 17 40 13 
5 4 1 19 2 24 3 27 4 16 28 5 20 6 14 7 21 8 13 9 10 10 27 11 10 12 30 13 10 14 30 15 21 16 23 17 15 18 21 19 30 20 10 25 24 26 22 27 22 28 20 29 19 30 10 31 26 32 16 33 20 34 17 35 15 36 19 16 5 11 6 14 7 16 8 28 9 10 10 25 11 11 12 10 21 15 22 27 23 11 24 25 33 16 34 25 35 14 36 10 28 5 27 6 17 7 28 8 22 9 23 10 16 11 26 12 16 13 21 14 20 15 26 16 30 17 17 18 18 19 19 20 12 21 23 22 27 23 10 24 26 29 24 30 27 31 16 32 24 33 16 34 26 35 19 36 21 4 37 22 38 11 39 27 40 13 
5 4 1 20 2 27 3 17 4 17 4 9 10 10 26 11 12 12 16 16 13 13 14 13 15 12 16 30 17 16 18 13 19 20 20 14 29 29 30 29 31 18 32 13 33 20 34 27 35 22 36 22 32 5 26 6 27 7 30 8 16 9 29 10 28 11 18 12 13 13 20 14 17 15 23 16 29 17 15 18 13 19 20 20 22 21 28 22 14 23 16 24 14 25 16 26 18 27 23 28 24 29 17 30 15 31 19 32 24 33 11 34 17 35 17 36 14 4 37 29 38 25 39 25 40 25 
5 4 1 25 2 26 3 22 4 21 28 5 24 6 15 7 26 8 23 9 28 10 27 11 14 12 19 13 15 14 17 15 12 16 28 17 14 18 22 19 15 20 26 21 28 22 10 23 14 24 28 25 18 26 14 27 22 28 28 33 12 34 16 35 30 36 18 16 5 27 6 23 7 19 8 23 9 27 10 25 11 10 12 20 25 27 26 23 27 30 28 10 33 22 34 15 35 10 36 26 12 5 26 6 16 7 13 8 23 21 24 22 11 23 23 24 17 33 24 34 29 35 30 36 12 4 37 22 38 14 39 21 40 24 
5 4 1 27 2 17 3 10 4 24 16 21 26 22 23 23 13 24 29 25 20 26 10 27 20 28 27 29 22 30 28 31 22 32 19 33 28 34 27 35 25 36 24 16 5 11 6 14 7 18 8 18 17 14 18 22 19 24 20 14 21 17 22 28 23 13 24 10 33 11 34 14 35 10 36 19 28 5 18 6 15 7 22 8 24 9 10 10 18 11 25 12 10 13 12 14 23 15 12 16 22 17 14 18 25 19 21 20 25 21 24 22 14 23 12 24 28 25 12 26 15 27 17 28 19 33 17 34 10 35 12 36 22 4 37 19 38 10 39 12 40 16 
5 4 1 10 2 17 3 19 4 16 20 13 22 14 17 15 12 16 19 17 22 18 13 19 14 20 19 21 18 22 13 23 30 24 14 25 21 26 18 27 25 28 30 29 10 30 10 31 22 32 30 20 9 16 10 15 11 18 12 25 13 18 14 25 15 29 16 19 17 30 18 10 19 20 20 13 21 22 22 18 23 19 24 24 25 25 26 24 27 28 28 26 32 5 18 6 11 7 23 8 10 9 14 10 30 11 20 12 18 13 12 14 22 15 23 16 30 17 23 18 11 19 28 20 23 21 20 22 24 23 29 24 22 25 19 26 23 27 12 28 15 29 26 30 28 31 28 32 23 33 19 34 22 35 15 36 18 4 37 17 38 21 39 20 40 13 
5 4 1 13 2 16 3 14 4 18 28 5 24 6 24 7 24 8 10 9 23 10 24 11 25 12 22 13 20 14 13 15 18 16 19 17 30 18 17 19 22 20 12 25 28 26 29 27 16 28 12 29 13 30 21 31 14 32 20 33 16 34 19 35 10 36 29 20 5 26 6 24 7 11 8 11 9 18 10 22 11 10 12 22 21 24 22 20 23 12 24 10 25 29 26 14 27 20 28 29 29 14 30 10 31 30 32 20 8 21 16 22 15 23 14 24 18 25 14 26 25 27 13 28 20 4 37 13 38 13 39 12 40 25 
5 4 1 13 2 13 3 11 4 18 12 9 11 10 15 11 10 12 17 13 16 14 17 15 24 16 17 29 12 30 13 31 13 32 29 8 5 18 6 28 7 12 8 25 21 19 22 23 23 13 24 18 8 9 20 10 20 11 22 12 28 25 29 26 26 27 26 28 28 4 37 27 38 15 39 17 40 29 
5 4 1 19 2 30 3 26 4 16 12 5 26 6 26 7 29 8 25 21 24 22 27 23 13 24 11 29 30 30 29 31 24 32 16 32 5 27 6 14 7 16 8 28 9 19 10 12 11 18 12 10 13 24 14 14 15 30 16 14 17 20 18 22 19 20 20 19 21 14 22 18 23 29 24 21 25 15 26 13 27 23 28 27 29 25 30 14 31 21 32 21 33 14 34 14 35 24 36 15 12 5 21 6 13 7 10 8 28 25 24 26 26 27 22 28 16 33 20 34 30 35 21 36 15 4 37 21 38 25 39 15 40 19 
5 4 1 22 2 18 3 24 4 10 24 5 13 6 18 7 29 8 11 9 13 10 18 11 24 12 18 17 11 18 29 19 27 20 11 21 21 22 19 23 26 24 28 29 10 30 23 31 21 32 13 33 13 34 18 35 15 36 18 8 5 25 6 11 7 17 8 28 25 16 26 27 27 12 28 29 24 5 30 6 18 7 21 8 15 9 27 10 19 11 19 12 17 13 18 14 30 15 13 16 17 17 15 18 22 19 17 20 19 29 16 30 23 31 17 32 18 33 19 34 29 35 16 36 14 4 37 12 38 10 39 23 40 21 
5 4 1 17 2 30 3 13 4 26 12 9 30 10 20 11 21 12 14 21 21 22 25 23 16 24 25 25 21 26 25 27 11 28 26 4 5 12 6 29 7 28 8 13 8 29 23 30 20 31 17 32 16 33 15 34 17 35 27 36 26 4 37 16 38 14 39 15 40 15 
5 4 1 24 2 12 3 23 4 11 4 25 17 26 20 27 20 28 22 24 5 11 6 14 7 29 8 16 9 30 10 26 11 11 12 20 13 16 14 24 15 19 16 23 17 18 18 10 19 22 20 12 21 24 22 21 23 24 24 14 33 16 34 22 35 26 36 14 4 13 30 14 21 15 19 16 19 4 37 13 38 10 39 20 40 18 
5 4 1 19 2 23 3 12 4 17 16 13 30 14 11 15 29 16 26 21 27 22 29 23 17 24 16 25 21 26 17 27 20 28 30 33 21 34 28 35 15 36 20 28 9 13 10 12 11 24 12 30 13 16 14 20 15 17 16 24 17 19 18 23 19 20 20 29 21 14 22 15 23 13 24 18 25 26 26 23 27 18 28 13 29 15 30 30 31 30 32 24 33 14 34 17 35 18 36 11 12 13 25 14 26 15 12 16 12 17 19 18 19 19 20 20 15 33 22 34 15 35 29 36 12 4 37 12 38 18 39 17 40 27 
5 4 1 10 2 12 3 30 4 30 28 5 23 6 20 7 16 8 10 13 20 14 14 15 14 16 13 17 24 18 18 19 24 20 28 21 15 22 30 23 30 24 24 25 26 26 29 27 11 28 15 29 16 30 14 31 16 32 30 33 29 34 29 35 25 36 15 32 5 11 6 26 7 28 8 11 9 11 10 16 11 30 12 12 13 11 14 29 15 27 16 30 17 18 18 17 19 26 20 11 21 23 22 10 23 19 24 23 25 26 26 13 27 22 28 27 29 18 30 18 31 24 32 14 33 12 34 13 35 30 36 10 32 5 15 6 11 7 12 8 27 9 19 10 10 11 12 12 26 13 14 14 27 15 24 16 18 17 16 18 26 19 13 20 11 21 30 22 29 23 14 24 19 25 10 26 12 27 17 28 19 29 27 30 18 31 21 32 12 33 28 34 29 35 21 36 30 4 37 23 38 27 39 26 40 30 
5 4 1 29 2 30 3 28 4 29 12 9 17 10 29 11 21 12 15 25 17 26 10 27 28 28 14 29 17 30 22 31 20 32 23 28 5 12 6 16 7 21 8 15 9 24 10 16 11 21 12 22 13 20 14 27 15 16 16 18 17 14 18 27 19 28 20 24 21 29 22 30 23 14 24 19 25 28 26 27 27 20 28 24 33 14 34 17 35 22 36 28 4 5 12 6 23 7 30 8 28 4 37 16 38 28 39 21 40 18 
5 4 1 27 2 30 3 12 4 29 8 21 16 22 13 23 11 24 19 33 16 34 20 35 25 36 30 24 5 16 6 16 7 15 8 17 17 26 18 26 19 27 20 12 21 30 22 25 23 30 24 22 25 10 26 30 27 20 28 22 29 14 30 21 31 10 32 30 33 11 34 14 35 16 36 12 28 5 15 6 12 7 14 8 28 9 21 10 27 11 29 12 19 17 14 18 23 19 13 20 12 21 24 22 27 23 22 24 26 25 12 26 26 27 22 28 18 29 12 30 17 31 19 32 24 33 10 34 10 35 24 36 22 4 37 27 38 29 39 22 40 28 
5 4 1 25 2 30 3 10 4 14 16 5 28 6 12 7 24 8 10 9 18 10 10 11 26 12 18 13 24 14 20 15 22 16 16 17 16 18 11 19 24 20 29 24 9 20 10 11 11 22 12 27 17 16 18 21 19 12 20 30 21 22 22 26 23 17 24 27 25 17 26 13 27 29 28 25 29 13 30 20 31 25 32 28 33 24 34 18 35 24 36 30 16 5 10 6 23 7 27 8 12 21 26 22 16 23 28 24 23 25 10 26 18 27 24 28 18 33 26 34 20 35 21 36 24 4 37 14 38 10 39 15 40 30 
5 4 1 10 2 10 3 20 4 14 28 5 21 6 28 7 29 8 14 9 27 10 27 11 11 12 12 13 14 14 15 15 18 16 21 17 23 18 22 19 20 20 10 25 14 26 13 27 21 28 26 29 25 30 29 31 15 32 12 33 19 34 11 35 21 36 19 24 5 19 6 13 7 10 8 30 9 22 10 19 11 14 12 14 17 22 18 23 19 24 20 17 21 20 22 21 23 14 24 28 25 13 26 20 27 10 28 20 33 30 34 16 35 23 36 12 28 5 29 6 19 7 17 8 30 9 17 10 25 11 30 12 14 13 13 14 17 15 18 16 18 17 17 18 27 19 15 20 17 21 16 22 24 23 12 24 12 29 27 30 18 31 15 32 26 33 24 34 10 35 15 36 28 4 37 12 38 11 39 26 40 14 
5 4 1 23 2 26 3 26 4 25 16 17 16 18 13 19 19 20 27 25 28 26 13 27 29 28 13 29 12 30 29 31 27 32 20 33 19 34 14 35 13 36 21 12 9 28 10 25 11 12 12 14 17 25 18 18 19 24 20 17 29 30 30 16 31 26 32 13 4 9 26 10 22 11 25 12 18 4 37 19 38 29 39 20 40 30 
5 4 1 10 2 12 3 13 4 10 4 13 18 14 15 15 13 16 19 32 5 26 6 29 7 27 8 29 9 30 10 23 11 23 12 18 13 10 14 27 15 17 16 24 17 11 18 26 19 22 20 10 21 29 22 10 23 21 24 15 25 21 26 10 27 19 28 21 29 25 30 28 31 20 32 29 33 10 34 16 35 22 36 10 8 13 26 14 24 15 25 16 23 21 23 22 24 23 24 24 25 4 37 27 38 24 39 10 40 25 
5 4 1 28 2 11 3 12 4 16 32 5 20 6 27 7 16 8 19 9 21 10 14 11 30 12 15 13 19 14 30 15 24 16 18 17 26 18 14 19 11 20 19 21 11 22 24 23 11 24 25 25 29 26 15 27 12 28 19 29 18 30 23 31 18 32 15 33 14 34 18 35 24 36 12 16 5 19 6 16 7 13 8 24 21 11 22 25 23 20 24 10 25 14 26 29 27 21 28 17 29 14 30 11 31 17 32 11 20 5 14 6 11 7 30 8 29 13 29 14 13 15 15 16 15 17 21 18 10 19 11 20 19 25 15 26 14 27 17 28 27 33 25 34 20 35 23 36 26 4 37 19 38 11 39 15 40 13 
5 4 1 13 2 11 3 24 4 30 20 5 14 6 18 7 23 8 24 9 23 10 23 11 24 12 16 17 19 18 15 19 21 20 19 21 19 22 20 23 27 24 13 29 14 30 17 31 26 32 30 20 9 15 10 25 11 30 12 27 13 17 14 30 15 10 16 29 17 10 18 19 19 17 20 26 21 23 22 12 23 17 24 15 33 27 34 11 35 23 36 28 8 17 28 18 27 19 12 20 29 29 26 30 15 31 26 32 30 4 37 16 38 27 39 15 40 25 
5 4 1 24 2 23 3 25 4 25 4 5 20 6 20 7 25 8 13 28 5 28 6 18 7 18 8 22 9 18 10 12 11 20 12 27 17 29 18 11 19 13 20 17 21 16 22 24 23 19 24 24 25 30 26 13 27 16 28 26 29 25 30 22 31 11 32 27 33 29 34 29 35 27 36 24 28 5 15 6 23 7 15 8 23 9 16 10 30 11 23 12 11 13 20 14 27 15 27 16 24 17 20 18 28 19 21 20 29 21 20 22 10 23 14 24 14 29 11 30 13 31 15 32 23 33 18 34 16 35 22 36 16 4 37 24 38 14 39 19 40 21 
5 4 1 15 2 21 3 24 4 28 24 5 12 6 15 7 19 8 18 9 22 10 28 11 11 12 24 13 25 14 22 15 16 16 19 17 28 18 14 19 18 20 22 25 17 26 10 27 25 28 27 33 30 34 24 35 14 36 11 28 5 24 6 12 7 11 8 24 9 27 10 23 11 11 12 22 17 29 18 16 19 11 20 25 21 20 22 28 23 19 24 11 25 23 26 11 27 16 28 18 29 15 30 25 31 15 32 11 33 28 34 13 35 12 36 19 12 17 29 18 24 19 16 20 12 25 16 26 29 27 17 28 22 29 14 30 13 31 27 32 26 4 37 30 38 22 39 23 40 29 
5 4 1 11 2 27 3 14 4 23 28 5 20 6 12 7 25 8 25 13 21 14 12 15 25 16 11 17 30 18 23 19 24 20 17 21 27 22 13 23 17 24 18 25 19 26 30 27 15 28 30 29 18 30 11 31 15 32 16 33 28 34 22 35 17 36 21 4 5 13 6 15 7 12 8 30 4 5 13 6 29 7 29 8 14 4 37 25 38 21 39 17 40 12 
5 4 1 13 2 30 3 24 4 19 8 5 11 6 17 7 14 8 18 25 15 26 20 27 17 28 29 28 5 12 6 16 7 27 8 14 9 25 10 14 11 28 12 29 17 20 18 25 19 14 20 29 21 28 22 18 23 21 24 21 25 11 26 29 27 12 28 30 29 28 30 21 31 20 32 14 33 30 34 11 35 16 36 17 16 17 11 18 30 19 29 20 13 21 27 22 25 23 16 24 26 25 30 26 14 27 19 28 11 29 19 30 15 31 26 32 20 4 37 19 38 19 39 11 40 22 
5 4 1 17 2 23 3 19 4 12 24 5 24 6 30 7 25 8 13 13 25 14 20 15 24 16 14 17 27 18 21 19 17 20 26 21 17 22 16 23 25 24 12 25 20 26 14 27 22 28 13 33 14 34 23 35 28 36 27 8 25 12 26 25 27 28 28 27 33 19 34 24 35 27 36 29 24 5 22 6 18 7 27 8 10 9 11 10 29 11 25 12 14 17 14 18 22 19 29 20 13 21 16 22 26 23 12 24 30 25 28 26 28 27 10 28 12 33 19 34 21 35 24 36 30 4 37 16 38 22 39 23 40 29 
5 4 1 25 2 10 3 26 4 20 8 5 18 6 19 7 28 8 16 33 28 34 10 35 19 36 16 28 9 27 10 17 11 13 12 20 13 26 14 29 15 13 16 14 17 11 18 27 19 17 20 13 21 25 22 17 23 18 24 18 25 26 26 18 27 11 28 16 29 25 30 24 31 20 32 10 33 22 34 29 35 14 36 14 32 5 21 6 14 7 13 8 29 9 23 10 17 11 21 12 20 13 20 14 18 15 18 16 20 17 26 18 11 19 22 20 13 21 23 22 28 23 20 24 17 25 20 26 30 27 19 28 24 29 19 30 19 31 12 32 26 33 14 34 15 35 14 36 18 4 37 14 38 25 39 18 40 28 
5 4 1 18 2 17 3 24 4 27 8 21 17 22 22 23 10 24 19 25 18 26 27 27 10 28 12 20 9 29 10 24 11 12 12 18 17 17 18 29 19 12 20 19 21 10 22 15 23 29 24 14 25 10 26 27 27 27 28 12 33 26 34 29 35 17 36 30 8 17 15 18 15 19 20 20 20 25 30 26 16 27 13 28 17 4 37 28 38 17 39 18 40 30 
5 4 1 29 2 26 3 16 4 12 8 9 15 10 26 11 10 12 15 33 12 34 19 35 21 36 11 16 5 14 6 10 7 24 8 10 21 21 22 13 23 19 24 21 25 16 26 28 27 28 28 11 29 23 30 22 31 23 32 16 16 5 23 6 30 7 22 8 18 9 25 10 14 11 21 12 26 13 18 14 26 15 14 16 30 29 25 30 24 31 17 32 17 4 37 26 38 17 39 18 40 25 
5 4 1 23 2 19 3 19 4 22 8 17 22 18 24 19 11 20 23 29 24 30 26 31 21 32 17 16 5 16 6 30 7 11 8 16 13 12 14 17 15 22 16 10 17 20 18 20 19 29 20 12 29 14 30 24 31 26 32 29 20 5 29 6 20 7 20 8 27 13 26 14 17 15 20 16 25 17 26 18 29 19 24 20 15 21 30 22 30 23 23 24 29 33 30 34 11 35 20 36 22 4 37 25 38 10 39 23 40 23 
5 4 1 13 2 12 3 20 4 22 12 5 11 6 18 7 26 8 29 21 28 22 14 23 19 24 19 25 12 26 15 27 27 28 16 16 5 12 6 23 7 20 8 23 9 19 10 24 11 14 12 23 13 19 14 21 15 15 16 15 33 10 34 22 35 15 36 15 16 17 20 18 15 19 11 20 26 21 25 22 21 23 25 24 16 25 24 26 10 27 26 28 16 33 23 34 23 35 28 36 24 4 37 13 38 13 39 18 40 29 
5 4 1 18 2 22 3 27 4 15 28 5 26 6 22 7 29 8 28 9 29 10 15 11 27 12 20 17 30 18 18 19 16 20 17 21 26 22 26 23 14 24 30 25 16 26 14 27 30 28 13 29 22 30 17 31 10 32 17 33 24 34 24 35 29 36 26 8 5 30 6 16 7 19 8 19 17 30 18 15 19 19 20 19 20 5 19 6 10 7 16 8 11 13 28 14 17 15 24 16 15 17 21 18 19 19 22 20 13 21 20 22 22 23 28 24 10 29 26 30 25 31 22 32 23 4 37 22 38 14 39 21 40 21 
5 4 1 21 2 28 3 14 4 11 16 5 19 6 21 7 25 8 15 13 23 14 22 15 22 16 22 17 30 18 11 19 20 20 21 33 21 34 18 35 10 36 13 12 13 20 14 13 15 22 16 11 25 24 26 25 27 21 28 13 33 21 34 30 35 29 36 20 24 5 19 6 27 7 14 8 12 9 30 10 11 11 14 12 14 13 21 14 10 15 21 16 27 17 16 18 12 19 19 20 12 25 21 26 25 27 17 28 26 33 30 34 19 35 11 36 26 4 37 11 38 26 39 27 40 10 
5 4 1 20 2 10 3 27 4 12 4 21 11 22 11 23 27 24 16 4 25 12 26 23 27 10 28 18 24 5 30 6 19 7 29 8 13 9 30 10 11 11 18 12 28 17 27 18 25 19 28 20 21 21 13 22 12 23 10 24 21 25 22 26 12 27 29 28 26 29 10 30 10 31 30 32 27 4 37 22 38 29 39 29 40 25 
5 4 1 22 2 11 3 16 4 11 4 9 25 10 15 11 27 12 21 16 5 15 6 15 7 26 8 27 9 16 10 18 11 13 12 28 17 27 18 20 19 30 20 15 33 17 34 17 35 25 36 21 24 9 19 10 16 11 20 12 20 13 28 14 16 15 11 16 16 17 22 18 30 19 22 20 17 21 17 22 15 23 10 24 20 29 10 30 29 31 20 32 28 33 20 34 30 35 12 36 13 4 37 26 38 20 39 12 40 23 
5 4 1 17 2 17 3 27 4 24 20 5 30 6 28 7 17 8 19 9 10 10 12 11 29 12 10 13 30 14 28 15 14 16 12 25 11 26 24 27 24 28 28 29 24 30 11 31 14 32 28 20 5 23 6 10 7 25 8 18 9 14 10 19 11 10 12 17 17 15 18 22 19 25 20 18 25 12 26 30 27 17 28 17 33 11 34 30 35 25 36 24 32 5 15 6 25 7 13 8 22 9 17 10 25 11 14 12 16 13 16 14 19 15 12 16 14 17 25 18 30 19 10 20 16 21 23 22 27 23 29 24 15 25 29 26 13 27 13 28 21 29 28 30 21 31 28 32 21 33 11 34 26 35 13 36 26 4 37 23 38 20 39 27 40 24 
5 4 1 10 2 13 3 15 4 21 8 9 28 10 27 11 24 12 10 17 17 18 11 19 26 20 13 20 13 23 14 30 15 19 16 12 17 16 18 15 19 18 20 18 21 16 22 14 23 30 24 25 29 14 30 19 31 27 32 27 33 24 34 30 35 29 36 10 8 17 17 18 17 19 11 20 10 21 18 22 16 23 22 24 26 4 37 23 38 29 39 23 40 17 
5 4 1 11 2 26 3 11 4 10 16 9 25 10 19 11 26 12 28 17 15 18 24 19 20 20 16 25 30 26 19 27 15 28 18 29 24 30 10 31 21 32 29 32 5 14 6 27 7 28 8 13 9 20 10 10 11 24 12 18 13 29 14 14 15 26 16 11 17 15 18 25 19 25 20 29 21 25 22 18 23 10 24 26 25 25 26 28 27 30 28 24 29 19 30 14 31 18 32 26 33 18 34 26 35 12 36 14 8 21 16 22 30 23 28 24 19 29 25 30 25 31 16 32 30 4 37 30 38 21 39 22 40 30 
5 4 1 17 2 11 3 22 4 29 12 13 20 14 19 15 24 16 30 29 26 30 20 31 26 32 27 33 24 34 22 35 21 36 10 4 17 29 18 13 19 27 20 18 4 29 26 30 11 31 20 32 23 4 37 18 38 23 39 11 40 22 
5 4 1 27 2 20 3 12 4 24 20 5 23 6 24 7 11 8 15 17 22 18 23 19 28 20 30 25 11 26 26 27 28 28 29 29 15 30 28 31 17 32 24 33 13 34 21 35 25 36 16 16 5 16 6 12 7 28 8 21 9 11 10 21 11 28 12 21 21 11 22 20 23 15 24 30 33 14 34 30 35 13 36 22 4 33 29 34 13 35 26 36 17 4 37 19 38 19 39 20 40 30 
5 4 1 17 2 16 3 13 4 28 16 5 18 6 15 7 22 8 15 13 19 14 11 15 26 16 30 25 10 26 19 27 16 28 22 33 25 34 27 35 29 36 29 28 9 28 10 27 11 15 12 25 13 25 14 28 15 11 16 21 17 26 18 21 19 17 20 22 21 30 22 20 23 25 24 12 25 19 26 29 27 15 28 22 29 26 30 17 31 11 32 21 33 25 34 28 35 29 36 14 32 5 14 6 14 7 16 8 24 9 12 10 24 11 16 12 11 13 20 14 23 15 11 16 28 17 21 18 30 19 14 20 29 21 13 22 14 23 18 24 27 25 29 26 11 27 27 28 22 29 22 30 11 31 23 32 21 33 27 34 24 35 22 36 29 4 37 19 38 20 39 22 40 12 
5 4 1 15 2 27 3 13 4 13 12 17 28 18 22 19 18 20 15 21 28 22 13 23 19 24 30 25 29 26 21 27 21 28 29 20 9 17 10 25 11 23 12 22 17 20 18 25 19 28 20 23 21 17 22 20 23 17 24 19 25 28 26 27 27 16 28 19 33 19 34 29 35 11 36 20 8 5 23 6 16 7 14 8 29 25 10 26 14 27 20 28 18 4 37 14 38 11 39 20 40 10 
5 4 1 21 2 28 3 16 4 14 4 33 26 34 13 35 12 36 26 20 5 24 6 26 7 15 8 20 9 30 10 18 11 21 12 21 21 29 22 24 23 27 24 10 29 11 30 21 31 20 32 16 33 19 34 24 35 22 36 27 20 5 17 6 21 7 22 8 22 9 17 10 27 11 22 12 26 13 24 14 26 15 24 16 19 17 26 18 15 19 10 20 10 29 14 30 12 31 22 32 21 4 37 11 38 27 39 18 40 22 
5 4 1 17 2 19 3 18 4 28 4 21 21 22 22 23 10 24 18 28 5 17 6 24 7 12 8 20 9 28 10 23 11 10 12 28 13 18 14 15 15 11 16 19 17 11 18 13 19 23 20 10 25 25 26 12 27 21 28 22 29 24 30 30 31 12 32 24 33 10 34 22 35 20 36 21 20 9 15 10 26 11 27 12 25 13 28 14 30 15 22 16 30 17 13 18 23 19 22 20 26 29 29 30 22 31 13 32 28 33 23 34 27 35 21 36 22 4 37 19 38 22 39 21 40 26 
5 4 1 10 2 19 3 17 4 24 20 9 23 10 23 11 22 12 16 13 24 14 10 15 20 16 13 21 14 22 13 23 12 24 12 29 23 30 23 31 11 32 11 33 14 34 17 35 21 36 17 16 9 12 10 17 11 25 12 26 13 14 14 19 15 24 16 26 17 25 18 28 19 10 20 29 29 14 30 29 31 11 32 17 32 5 26 6 12 7 27 8 22 9 26 10 27 11 22 12 23 13 14 14 10 15 11 16 22 17 30 18 18 19 20 20 11 21 14 22 16 23 11 24 27 25 27 26 24 27 21 28 26 29 14 30 10 31 18 32 28 33 22 34 23 35 14 36 17 4 37 18 38 11 39 24 40 23 
5 4 1 24 2 25 3 26 4 26 32 5 12 6 24 7 27 8 16 9 13 10 28 11 18 12 25 13 22 14 28 15 15 16 26 17 17 18 18 19 10 20 19 21 28 22 13 23 18 24 17 25 29 26 19 27 13 28 25 29 23 30 21 31 26 32 25 33 23 34 15 35 30 36 23 4 5 15 6 10 7 25 8 29 28 5 18 6 11 7 27 8 21 9 13 10 20 11 11 12 26 13 23 14 25 15 19 16 23 17 25 18 11 19 12 20 14 21 27 22 19 23 14 24 17 29 28 30 26 31 13 32 25 33 23 34 24 35 11 36 21 4 37 20 38 22 39 24 40 13 
5 4 1 13 2 20 3 11 4 12 32 5 10 6 12 7 18 8 14 9 18 10 30 11 13 12 10 13 18 14 28 15 20 16 30 17 18 18 21 19 10 20 16 21 10 22 22 23 13 24 23 25 20 26 28 27 28 28 24 29 17 30 26 31 13 32 25 33 30 34 21 35 15 36 11 12 9 16 10 11 11 29 12 16 17 17 18 13 19 21 20 15 29 11 30 25 31 28 32 19 32 5 26 6 16 7 19 8 17 9 24 10 24 11 11 12 30 13 20 14 23 15 28 16 22 17 15 18 20 19 21 20 24 21 14 22 25 23 15 24 24 25 27 26 20 27 10 28 17 29 21 30 14 31 20 32 13 33 29 34 26 35 30 36 16 4 37 10 38 26 39 29 40 25 
5 4 1 14 2 26 3 16 4 28 16 5 22 6 29 7 15 8 18 25 22 26 25 27 26 28 10 29 17 30 22 31 28 32 15 33 22 34 17 35 15 36 10 20 5 14 6 15 7 19 8 14 9 10 10 16 11 20 12 13 13 29 14 30 15 27 16 30 17 20 18 28 19 30 20 17 29 27 30 25 31 19 32 21 8 17 19 18 22 19 30 20 24 21 20 22 28 23 16 24 19 4 37 22 38 20 39 30 40 17 
5 4 1 24 2 11 3 13 4 17 8 17 14 18 23 19 19 20 21 29 28 30 16 31 11 32 20 28 5 27 6 17 7 27 8 18 9 29 10 24 11 10 12 13 13 30 14 26 15 28 16 29 17 15 18 27 19 13 20 27 21 18 22 11 23 23 24 17 25 12 26 28 27 12 28 25 33 16 34 10 35 29 36 17 28 5 21 6 28 7 16 8 14 9 30 10 16 11 19 12 14 13 28 14 15 15 26 16 23 17 20 18 24 19 19 20 21 21 16 22 14 23 27 24 15 29 21 30 11 31 17 32 18 33 18 34 10 35 21 36 12 4 37 13 38 15 39 17 40 17 
5 4 1 22 2 10 3 10 4 12 4 9 12 10 27 11 19 12 13 24 5 15 6 15 7 26 8 23 17 19 18 29 19 21 20 21 21 21 22 22 23 19 24 30 25 18 26 11 27 17 28 25 29 19 30 30 31 20 32 23 33 20 34 10 35 16 36 10 32 5 12 6 21 7 26 8 27 9 25 10 29 11 16 12 23 13 23 14 12 15 19 16 13 17 25 18 21 19 17 20 16 21 12 22 26 23 13 24 15 25 20 26 11 27 10 28 21 29 22 30 15 31 16 32 18 33 29 34 17 35 25 36 29 4 37 30 38 17 39 25 40 29 
5 4 1 15 2 13 3 19 4 28 24 5 22 6 16 7 29 8 23 17 27 18 12 19 11 20 19 21 13 22 30 23 25 24 22 25 15 26 13 27 20 28 13 29 29 30 10 31 11 32 18 33 10 34 19 35 26 36 20 20 5 19 6 12 7 26 8 28 9 25 10 16 11 26 12 29 21 27 22 26 23 23 24 29 25 12 26 14 27 25 28 30 29 14 30 25 31 22 32 14 16 5 28 6 20 7 24 8 15 9 28 10 10 11 12 12 25 25 22 26 17 27 29 28 11 29 27 30 13 31 21 32 20 4 37 19 38 20 39 21 40 29 
5 4 1 28 2 16 3 25 4 30 28 9 28 10 21 11 14 12 23 13 17 14 26 15 15 16 26 17 23 18 19 19 20 20 29 21 22 22 21 23 19 24 19 25 26 26 14 27 18 28 21 29 17 30 27 31 17 32 14 33 21 34 10 35 19 36 28 24 5 27 6 14 7 11 8 25 9 17 10 14 11 23 12 26 13 25 14 22 15 27 16 30 21 23 22 19 23 25 24 14 29 29 30 28 31 18 32 14 33 25 34 25 35 17 36 15 12 13 14 14 10 15 23 16 10 17 24 18 28 19 17 20 10 25 27 26 21 27 15 28 14 4 37 28 38 25 39 27 40 17 
5 4 1 28 2 15 3 14 4 16 20 5 24 6 16 7 23 8 10 9 12 10 17 11 20 12 22 13 27 14 16 15 16 16 27 17 17 18 10 19 29 20 25 21 11 22 17 23 11 24 17 4 21 16 22 25 23 16 24 16 32 5 18 6 18 7 16 8 10 9 21 10 30 11 19 12 29 13 16 14 11 15 25 16 29 17 17 18 26 19 24 20 24 21 12 22 30 23 26 24 19 25 11 26 18 27 28 28 17 29 23 30 12 31 26 32 26 33 28 34 11 35 12 36 11 4 37 28 38 27 39 30 40 22 
5 4 1 15 2 25 3 14 4 20 4 25 26 26 18 27 30 28 28 12 5 11 6 12 7 23 8 27 13 13 14 28 15 11 16 11 29 27 30 11 31 11 32 19 4 33 29 34 10 35 10 36 20 4 37 15 38 18 39 28 40 19 
5 4 1 24 2 25 3 20 4 11 8 13 11 14 17 15 10 16 20 33 13 34 13 35 21 36 15 28 5 29 6 26 7 17 8 12 9 11 10 28 11 20 12 18 17 21 18 18 19 13 20 11 21 15 22 26 23 25 24 18 25 28 26 14 27 23 28 30 29 21 30 15 31 19 32 27 33 25 34 12 35 18 36 15 12 5 28 6 27 7 15 8 29 21 19 22 15 23 10 24 12 33 29 34 21 35 30 36 24 4 37 20 38 22 39 22 40 27 
5 4 1 17 2 11 3 16 4 25 12 5 10 6 23 7 24 8 26 9 24 10 19 11 12 12 13 29 12 30 16 31 23 32 27 4 13 28 14 28 15 14 16 22 32 5 18 6 16 7 27 8 22 9 18 10 23 11 25 12 13 13 20 14 25 15 15 16 24 17 10 18 12 19 30 20 30 21 16 22 13 23 30 24 16 25 19 26 12 27 23 28 21 29 22 30 18 31 21 32 21 33 15 34 20 35 17 36 13 4 37 20 38 30 39 21 40 22 
5 4 1 16 2 28 3 29 4 18 12 13 26 14 30 15 11 16 18 21 18 22 28 23 22 24 20 29 18 30 17 31 25 32 14 12 17 10 18 22 19 20 20 19 25 23 26 29 27 22 28 20 29 17 30 13 31 21 32 13 32 5 29 6 10 7 19 8 23 9 22 10 25 11 17 12 29 13 15 14 18 15 23 16 18 17 27 18 20 19 27 20 23 21 23 22 25 23 20 24 25 25 21 26 21 27 27 28 30 29 16 30 28 31 11 32 17 33 29 34 30 35 18 36 11 4 37 19 38 26 39 15 40 19 
5 4 1 23 2 12 3 28 4 25 24 9 20 10 21 11 12 12 30 17 26 18 10 19 11 20 30 21 12 22 14 23 20 24 15 25 15 26 23 27 13 28 12 29 15 30 21 31 28 32 30 33 15 34 22 35 11 36 28 28 5 11 6 21 7 20 8 20 9 11 10 22 11 19 12 19 13 10 14 25 15 15 16 23 17 12 18 23 19 17 20 14 25 21 26 24 27 25 28 30 29 10 30 14 31 30 32 21 33 24 34 23 35 19 36 13 12 5 16 6 23 7 11 8 21 13 12 14 11 15 29 16 17 21 10 22 12 23 17 24 11 4 37 27 38 19 39 26 40 21 
5 4 1 21 2 10 3 15 4 10 12 5 28 6 10 7 28 8 19 9 27 10 10 11 22 12 28 13 16 14 21 15 14 16 18 20 5 27 6 24 7 19 8 22 9 10 10 29 11 12 12 10 13 13 14 14 15 30 16 13 17 16 18 28 19 25 20 27 21 12 22 20 23 13 24 11 20 5 26 6 12 7 22 8 18 9 18 10 16 11 14 12 15 17 20 18 21 19 17 20 26 21 28 22 21 23 27 24 12 29 29 30 10 31 13 32 13 4 37 19 38 25 39 25 40 24 
5 4 1 29 2 12 3 10 4 27 20 5 14 6 22 7 12 8 11 13 29 14 17 15 25 16 14 17 20 18 19 19 15 20 15 29 22 30 16 31 29 32 17 33 29 34 16 35 24 36 21 24 5 13 6 27 7 11 8 23 9 18 10 21 11 16 12 18 13 29 14 18 15 23 16 25 17 20 18 22 19 30 20 25 21 17 22 17 23 19 24 25 33 16 34 16 35 29 36 10 12 5 19 6 23 7 12 8 24 25 19 26 14 27 28 28 26 33 13 34 21 35 26 36 30 4 37 28 38 23 39 29 40 26 
5 4 1 15 2 18 3 24 4 22 24 5 21 6 24 7 10 8 11 9 21 10 30 11 23 12 30 21 18 22 16 23 26 24 13 25 28 26 21 27 21 28 21 29 24 30 26 31 26 32 17 33 11 34 28 35 19 36 12 24 9 11 10 21 11 12 12 15 13 15 14 29 15 15 16 11 17 25 18 14 19 27 20 21 21 21 22 19 23 19 24 15 25 28 26 13 27 14 28 25 33 17 34 24 35 17 36 27 4 13 18 14 21 15 17 16 14 4 37 25 38 18 39 18 40 28 
5 4 1 11 2 29 3 12 4 27 12 5 24 6 16 7 12 8 11 9 22 10 11 11 24 12 10 25 21 26 13 27 30 28 29 8 29 20 30 14 31 29 32 14 33 21 34 28 35 10 36 18 8 9 27 10 13 11 30 12 19 25 12 26 30 27 14 28 18 4 37 28 38 29 39 12 40 19 
5 4 1 23 2 25 3 15 4 27 24 5 26 6 14 7 10 8 10 13 30 14 24 15 20 16 25 17 29 18 26 19 28 20 20 25 30 26 23 27 29 28 12 29 13 30 14 31 30 32 22 33 11 34 28 35 18 36 21 16 5 22 6 22 7 30 8 23 13 20 14 25 15 11 16 26 29 22 30 23 31 29 32 29 33 20 34 16 35 29 36 10 8 21 15 22 25 23 29 24 11 29 28 30 17 31 17 32 26 4 37 20 38 23 39 26 40 23 
5 4 1 29 2 28 3 15 4 19 24 5 14 6 10 7 17 8 29 13 30 14 28 15 12 16 13 17 16 18 14 19 25 20 16 21 20 22 14 23 21 24 30 25 20 26 11 27 14 28 11 29 14 30 26 31 26 32 16 12 9 13 10 24 11 14 12 12 13 30 14 25 15 12 16 27 33 11 34 20 35 13 36 10 20 5 19 6 16 7 10 8 11 13 26 14 17 15 14 16 11 17 20 18 13 19 18 20 11 21 17 22 13 23 23 24 15 25 12 26 14 27 10 28 11 4 37 14 38 19 39 26 40 10 
5 4 1 12 2 24 3 25 4 25 24 5 21 6 24 7 23 8 27 9 25 10 11 11 24 12 10 13 28 14 16 15 10 16 15 17 10 18 10 19 12 20 24 25 22 26 10 27 15 28 13 29 27 30 20 31 28 32 22 32 5 10 6 26 7 26 8 10 9 11 10 13 11 23 12 11 13 28 14 16 15 16 16 23 17 10 18 13 19 15 20 19 21 29 22 17 23 17 24 25 25 30 26 21 27 15 28 29 29 17 30 27 31 29 32 13 33 18 34 13 35 22 36 19 12 5 20 6 23 7 26 8 24 13 13 14 17 15 10 16 22 29 10 30 14 31 29 32 15 4 37 20 38 29 39 30 40 11 
5 4 1 18 2 21 3 14 4 20 8 21 11 22 11 23 26 24 20 33 26 34 16 35 18 36 17 12 5 29 6 30 7 27 8 30 17 27 18 20 19 20 20 17 29 16 30 20 31 28 32 26 20 5 20 6 30 7 29 8 17 9 20 10 16 11 13 12 25 17 11 18 13 19 22 20 21 25 24 26 26 27 24 28 22 29 24 30 22 31 10 32 19 4 37 21 38 13 39 10 40 21 
5 4 1 11 2 18 3 17 4 30 32 5 26 6 19 7 15 8 17 9 24 10 21 11 30 12 23 13 21 14 30 15 28 16 25 17 18 18 13 19 20 20 20 21 26 22 16 23 26 24 10 25 28 26 18 27 14 28 24 29 19 30 17 31 14 32 26 33 28 34 29 35 16 36 23 8 9 22 10 19 11 25 12 29 33 15 34 11 35 14 36 29 32 5 27 6 17 7 15 8 12 9 11 10 15 11 17 12 29 13 11 14 16 15 28 16 30 17 20 18 14 19 23 20 18 21 24 22 17 23 23 24 28 25 17 26 16 27 20 28 25 29 28 30 20 31 25 32 21 33 11 34 15 35 28 36 23 4 37 14 38 26 39 14 40 17 
5 4 1 15 2 16 3 28 4 25 32 5 19 6 21 7 27 8 22 9 29 10 18 11 12 12 11 13 13 14 15 15 10 16 15 17 30 18 28 19 21 20 30 21 18 22 14 23 24 24 10 25 15 26 18 27 22 28 23 29 12 30 13 31 29 32 18 33 18 34 13 35 18 36 23 8 17 17 18 13 19 20 20 21 21 24 22 10 23 28 24 26 4 33 20 34 26 35 27 36 18 4 37 14 38 16 39 18 40 30 
5 4 1 16 2 14 3 23 4 28 20 5 10 6 28 7 27 8 10 13 18 14 18 15 21 16 22 17 30 18 13 19 25 20 17 25 17 26 10 27 27 28 21 33 18 34 24 35 10 36 13 20 13 26 14 12 15 27 16 30 17 11 18 29 19 15 20 13 21 29 22 18 23 28 24 25 25 17 26 30 27 29 28 13 29 11 30 18 31 21 32 22 28 5 17 6 10 7 21 8 15 9 10 10 14 11 19 12 30 17 22 18 23 19 28 20 24 21 15 22 12 23 12 24 30 25 16 26 27 27 25 28 19 29 28 30 28 31 14 32 30 33 17 34 19 35 23 36 12 4 37 29 38 22 39 22 40 14 
5 4 1 18 2 25 3 21 4 20 32 5 30 6 15 7 16 8 19 9 12 10 27 11 14 12 16 13 16 14 14 15 28 16 26 17 15 18 23 19 23 20 30 21 17 22 30 23 26 24 17 25 27 26 19 27 13 28 16 29 20 30 28 31 17 32 14 33 22 34 23 35 14 36 19 8 29 25 30 16 31 18 32 17 33 27 34 24 35 21 36 19 8 13 27 14 24 15 15 16 19 21 14 22 22 23 25 24 30 4 37 30 38 16 39 29 40 21 
5 4 1 21 2 24 3 18 4 13 24 9 25 10 26 11 17 12 19 13 10 14 22 15 27 16 16 21 24 22 27 23 22 24 27 25 12 26 17 27 11 28 30 29 19 30 20 31 11 32 20 33 29 34 10 35 20 36 26 12 5 29 6 28 7 22 8 25 9 19 10 30 11 21 12 23 21 29 22 19 23 20 24 28 16 9 21 10 17 11 28 12 13 13 10 14 30 15 16 16 14 29 10 30 15 31 10 32 24 33 17 34 18 35 11 36 10 4 37 27 38 28 39 20 40 23 
5 4 1 20 2 10 3 26 4 16 24 5 24 6 26 7 20 8 18 13 11 14 22 15 10 16 29 17 26 18 13 19 20 20 14 25 18 26 16 27 15 28 21 29 20 30 29 31 29 32 17 33 25 34 24 35 14 36 20 32 5 17 6 25 7 21 8 14 9 30 10 11 11 18 12 21 13 22 14 15 15 24 16 16 17 29 18 16 19 15 20 11 21 12 22 28 23 21 24 23 25 13 26 16 27 20 28 11 29 27 30 20 31 19 32 24 33 29 34 25 35 19 36 24 4 17 30 18 29 19 17 20 20 4 37 30 38 26 39 28 40 26 
5 4 1 20 2 18 3 30 4 17 20 5 11 6 19 7 24 8 27 9 10 10 19 11 14 12 29 21 30 22 11 23 22 24 18 25 13 26 30 27 14 28 15 29 27 30 21 31 25 32 28 24 9 17 10 16 11 30 12 23 13 20 14 20 15 14 16 16 17 15 18 16 19 18 20 17 21 16 22 30 23 24 24 23 25 16 26 28 27 29 28 22 33 29 34 26 35 29 36 20 8 5 18 6 29 7 12 8 22 33 13 34 22 35 26 36 30 4 37 12 38 17 39 17 40 13 
5 4 1 14 2 17 3 20 4 25 12 5 27 6 14 7 28 8 27 9 15 10 12 11 10 12 15 29 16 30 21 31 26 32 18 8 5 17 6 11 7 25 8 21 33 17 34 12 35 11 36 22 12 9 28 10 14 11 12 12 13 17 21 18 10 19 28 20 30 29 13 30 29 31 29 32 20 4 37 12 38 27 39 23 40 23 
5 4 1 20 2 28 3 10 4 12 4 17 13 18 25 19 20 20 30 8 25 27 26 30 27 11 28 10 29 16 30 28 31 14 32 28 12 9 20 10 21 11 22 12 21 13 22 14 27 15 12 16 25 17 19 18 29 19 14 20 27 4 37 15 38 15 39 10 40 19 
5 4 1 11 2 28 3 23 4 16 20 5 28 6 26 7 13 8 18 9 15 10 15 11 12 12 30 17 29 18 15 19 14 20 16 21 28 22 26 23 26 24 17 25 27 26 28 27 14 28 23 8 25 25 26 11 27 20 28 22 33 19 34 19 35 15 36 28 32 5 28 6 18 7 11 8 13 9 27 10 28 11 18 12 18 13 24 14 29 15 18 16 14 17 22 18 24 19 10 20 27 21 21 22 25 23 19 24 11 25 28 26 25 27 30 28 18 29 23 30 25 31 21 32 18 33 28 34 27 35 24 36 25 4 37 14 38 15 39 26 40 29 
5 4 1 28 2 14 3 12 4 30 12 13 12 14 10 15 27 16 24 25 14 26 22 27 25 28 10 29 16 30 10 31 10 32 30 16 9 21 10 23 11 12 12 19 17 28 18 18 19 11 20 21 25 28 26 21 27 27 28 14 29 25 30 30 31 24 32 16 28 5 26 6 12 7 24 8 19 13 19 14 23 15 27 16 21 17 12 18 12 19 27 20 30 21 11 22 16 23 20 24 27 25 14 26 11 27 17 28 15 29 26 30 24 31 16 32 29 33 12 34 26 35 15 36 26 4 37 15 38 14 39 23 40 28 
5 4 1 13 2 18 3 27 4 14 24 5 15 6 20 7 23 8 20 9 21 10 23 11 10 12 20 13 28 14 18 15 19 16 13 17 21 18 28 19 22 20 11 21 28 22 12 23 23 24 29 33 13 34 22 35 16 36 22 20 5 17 6 11 7 23 8 21 21 22 22 19 23 17 24 13 25 15 26 21 27 17 28 18 29 16 30 28 31 30 32 16 33 22 34 18 35 14 36 22 8 17 10 18 16 19 12 20 11 21 24 22 18 23 29 24 25 4 37 21 38 23 39 24 40 17 
5 4 1 21 2 21 3 24 4 11 28 9 22 10 20 11 15 12 25 13 16 14 22 15 22 16 17 17 24 18 26 19 24 20 25 21 22 22 16 23 15 24 18 25 17 26 23 27 12 28 15 29 14 30 24 31 22 32 15 33 22 34 17 35 15 36 17 28 5 12 6 22 7 29 8 16 13 25 14 26 15 16 16 18 17 22 18 13 19 11 20 10 21 25 22 14 23 28 24 17 25 21 26 30 27 15 28 12 29 14 30 19 31 23 32 12 33 11 34 27 35 14 36 25 12 9 16 10 15 11 18 12 29 13 27 14 15 15 15 16 16 17 13 18 29 19 21 20 26 4 37 25 38 26 39 28 40 18 
5 4 1 20 2 17 3 26 4 25 4 29 13 30 10 31 14 32 27 8 5 19 6 23 7 16 8 24 33 25 34 26 35 13 36 25 12 9 28 10 16 11 23 12 30 17 21 18 29 19 20 20 27 21 12 22 27 23 30 24 30 4 37 24 38 27 39 14 40 19 
5 4 1 30 2 12 3 22 4 14 20 5 13 6 16 7 25 8 27 17 14 18 27 19 15 20 28 21 25 22 28 23 25 24 10 29 18 30 13 31 25 32 21 33 30 34 17 35 30 36 24 24 9 15 10 29 11 13 12 16 13 16 14 20 15 27 16 30 17 26 18 21 19 24 20 24 21 15 22 26 23 16 24 30 25 22 26 10 27 23 28 29 29 22 30 11 31 21 32 15 4 9 26 10 21 11 10 12 20 4 37 16 38 15 39 23 40 20 
5 4 1 30 2 21 3 17 4 18 24 5 17 6 29 7 14 8 19 9 19 10 11 11 10 12 24 17 30 18 27 19 27 20 12 21 19 22 23 23 17 24 10 29 27 30 28 31 16 32 13 33 30 34 14 35 28 36 20 16 5 20 6 30 7 20 8 10 21 23 22 29 23 27 24 30 29 14 30 22 31 18 32 30 33 30 34 15 35 11 36 21 24 5 24 6 24 7 10 8 10 9 10 10 23 11 21 12 27 13 21 14 16 15 13 16 18 17 20 18 30 19 13 20 12 21 12 22 17 23 18 24 13 25 27 26 12 27 29 28 25 4 37 18 38 23 39 10 40 10 
5 4 1 17 2 27 3 28 4 12 24 9 22 10 13 11 18 12 29 13 24 14 20 15 24 16 22 17 12 18 18 19 26 20 29 21 16 22 14 23 17 24 24 29 24 30 24 31 30 32 19 33 28 34 15 35 13 36 24 32 5 30 6 22 7 10 8 20 9 25 10 22 11 17 12 25 13 27 14 20 15 27 16 19 17 16 18 28 19 29 20 10 21 26 22 10 23 20 24 16 25 16 26 22 27 28 28 20 29 27 30 25 31 14 32 27 33 28 34 15 35 24 36 16 24 5 10 6 13 7 22 8 18 9 22 10 14 11 29 12 11 17 11 18 10 19 15 20 18 21 10 22 17 23 18 24 14 29 22 30 20 31 15 32 21 33 29 34 11 35 10 36 12 4 37 23 38 26 39 16 40 29 
5 4 1 19 2 30 3 16 4 23 4 5 15 6 28 7 30 8 30 24 9 12 10 27 11 25 12 12 13 30 14 28 15 30 16 22 17 11 18 19 19 23 20 15 21 15 22 15 23 14 24 21 29 15 30 22 31 24 32 16 33 23 34 29 35 14 36 10 4 13 26 14 13 15 10 16 16 4 37 29 38 13 39 29 40 18 
5 4 1 14 2 16 3 12 4 29 32 5 21 6 20 7 14 8 10 9 11 10 10 11 22 12 10 13 29 14 24 15 17 16 29 17 14 18 24 19 29 20 24 21 24 22 11 23 25 24 23 25 20 26 30 27 14 28 30 29 11 30 19 31 26 32 21 33 25 34 15 35 19 36 12 8 9 29 10 29 11 18 12 28 13 21 14 25 15 27 16 21 4 21 28 22 24 23 29 24 12 4 37 28 38 25 39 17 40 15 
5 4 1 11 2 17 3 24 4 24 4 29 12 30 15 31 16 32 11 24 5 19 6 28 7 25 8 30 9 20 10 11 11 13 12 23 17 12 18 26 19 26 20 11 21 12 22 30 23 15 24 28 29 17 30 23 31 14 32 23 33 26 34 24 35 22 36 12 16 5 14 6 10 7 18 8 11 13 15 14 14 15 24 16 19 25 14 26 21 27 27 28 17 33 20 34 27 35 19 36 12 4 37 26 38 12 39 20 40 14 
5 4 1 23 2 18 3 22 4 14 12 17 18 18 24 19 22 20 11 21 12 22 11 23 15 24 29 33 27 34 30 35 17 36 28 4 33 18 34 22 35 15 36 19 8 13 10 14 11 15 18 16 27 17 24 18 12 19 28 20 12 4 37 17 38 14 39 16 40 17 
5 4 1 18 2 10 3 25 4 13 16 5 18 6 23 7 21 8 21 13 12 14 27 15 19 16 21 17 19 18 23 19 26 20 20 25 23 26 16 27 12 28 25 4 5 19 6 28 7 25 8 22 28 5 23 6 18 7 17 8 11 9 25 10 11 11 24 12 25 13 20 14 18 15 18 16 27 21 22 22 10 23 27 24 17 25 26 26 27 27 17 28 16 29 22 30 13 31 19 32 12 33 16 34 27 35 18 36 27 4 37 16 38 26 39 27 40 21 
5 4 1 21 2 27 3 22 4 18 24 5 30 6 15 7 18 8 25 13 19 14 10 15 21 16 30 17 18 18 12 19 21 20 18 21 14 22 30 23 21 24 10 25 28 26 29 27 10 28 25 33 13 34 21 35 11 36 13 20 9 22 10 10 11 30 12 22 13 20 14 11 15 22 16 17 21 29 22 11 23 16 24 27 25 13 26 11 27 10 28 19 29 23 30 16 31 16 32 22 28 5 21 6 28 7 15 8 20 9 25 10 20 11 26 12 28 13 26 14 12 15 21 16 26 17 13 18 16 19 18 20 19 21 11 22 12 23 22 24 12 25 26 26 19 27 16 28 26 29 13 30 25 31 20 32 19 4 37 19 38 19 39 18 40 13 
5 4 1 10 2 22 3 14 4 18 8 17 23 18 18 19 14 20 27 29 21 30 27 31 28 32 14 16 21 21 22 13 23 16 24 28 25 21 26 16 27 25 28 15 29 10 30 24 31 26 32 12 33 19 34 10 35 24 36 16 8 9 19 10 20 11 27 12 12 13 15 14 21 15 16 16 24 4 37 18 38 20 39 18 40 27 
5 4 1 16 2 14 3 12 4 27 12 9 15 10 23 11 23 12 30 17 26 18 10 19 27 20 16 25 10 26 28 27 13 28 15 4 21 11 22 11 23 28 24 11 32 5 16 6 15 7 29 8 17 9 29 10 23 11 17 12 24 13 21 14 10 15 23 16 25 17 23 18 19 19 28 20 10 21 17 22 11 23 28 24 24 25 27 26 10 27 22 28 19 29 12 30 27 31 15 32 20 33 27 34 21 35 12 36 24 4 37 25 38 17 39 11 40 23 
5 4 1 29 2 18 3 21 4 13 32 5 20 6 10 7 24 8 10 9 23 10 19 11 18 12 17 13 13 14 12 15 26 16 15 17 11 18 13 19 16 20 16 21 15 22 11 23 13 24 13 25 16 26 26 27 24 28 11 29 30 30 16 31 22 32 29 33 23 34 17 35 19 36 18 20 5 24 6 16 7 30 8 11 13 30 14 28 15 24 16 15 25 21 26 16 27 19 28 22 29 23 30 19 31 22 32 13 33 22 34 28 35 28 36 27 20 5 16 6 16 7 16 8 16 13 17 14 17 15 23 16 12 17 30 18 25 19 12 20 14 25 21 26 17 27 23 28 28 33 21 34 12 35 21 36 13 4 37 29 38 17 39 24 40 15 
5 4 1 17 2 22 3 26 4 16 4 17 15 18 17 19 25 20 18 32 5 10 6 12 7 28 8 13 9 12 10 27 11 26 12 13 13 30 14 26 15 16 16 22 17 29 18 22 19 19 20 30 21 22 22 22 23 30 24 16 25 20 26 16 27 12 28 19 29 10 30 14 31 22 32 10 33 11 34 18 35 15 36 26 20 5 22 6 16 7 16 8 15 9 24 10 27 11 19 12 29 13 23 14 28 15 17 16 22 21 11 22 12 23 22 24 19 25 27 26 25 27 14 28 22 4 37 24 38 21 39 27 40 15 
5 4 1 20 2 28 3 25 4 24 32 5 12 6 11 7 14 8 30 9 25 10 16 11 28 12 15 13 10 14 20 15 19 16 21 17 21 18 16 19 18 20 15 21 27 22 29 23 28 24 16 25 22 26 24 27 29 28 29 29 20 30 29 31 26 32 13 33 17 34 15 35 27 36 14 12 9 13 10 15 11 11 12 25 21 11 22 24 23 18 24 23 25 10 26 29 27 21 28 24 28 5 11 6 24 7 20 8 30 13 24 14 14 15 16 16 30 17 26 18 28 19 14 20 20 21 21 22 18 23 23 24 23 25 16 26 24 27 27 28 17 29 30 30 10 31 17 32 11 33 28 34 28 35 18 36 14 4 37 16 38 25 39 17 40 27 
5 4 1 15 2 12 3 15 4 21 24 9 21 10 27 11 19 12 26 17 12 18 10 19 24 20 15 21 14 22 28 23 18 24 11 25 25 26 28 27 14 28 25 29 18 30 29 31 15 32 19 33 11 34 21 35 22 36 20 12 5 30 6 15 7 27 8 24 17 15 18 16 19 15 20 28 21 14 22 17 23 22 24 20 20 9 17 10 25 11 19 12 11 13 24 14 11 15 15 16 16 21 21 22 11 23 11 24 10 29 14 30 25 31 21 32 27 33 10 34 13 35 11 36 30 4 37 17 38 21 39 15 40 30 
14 9 9 25 17 40 62 12 75 95 2 113 125 2 145 161 6 177 197 3 214 228 19 245 265 1 277 301 5 318 328 20 345 369 4 382 400 14 416 434 12 449 469 
21 16 3 21 10 29 43 1 55 65 6 79 89 7 101 115 2 125 139 7 150 162 17 171 189 1 200 208 3 219 237 1 248 256 4 271 281 3 295 305 6 318 330 4 343 353 1 368 376 3 392 400 12 411 429 8 436 452 4 463 473 7 488 496 
22 6 4 18 9 27 39 3 47 63 2 68 86 3 94 104 2 117 125 2 139 147 4 160 170 3 179 195 4 201 217 4 227 235 2 249 257 5 271 279 3 289 305 5 315 323 3 337 345 5 356 370 7 380 390 2 404 410 3 423 435 10 443 459 1 468 478 
2 78 69 180 39 326 421 
42 1 0 5 2 6 9 2 11 14 1 16 19 1 20 25 1 26 29 2 31 34 2 35 40 1 41 44 1 46 49 1 51 54 2 56 59 1 61 64 1 66 69 2 70 75 3 75 80 1 81 84 2 85 90 2 90 95 2 95 100 1 101 104 1 106 109 2 110 115 1 116 119 1 120 125 1 126 129 3 130 135 1 136 139 2 140 145 3 145 150 1 151 154 2 156 159 1 161 164 1 166 169 1 170 175 1 176 179 1 181 184 1 185 190 1 191 194 2 196 199 1 201 204 1 206 209 
35 4 1 6 3 8 13 2 16 19 1 23 26 1 30 33 2 36 41 1 44 47 2 51 54 2 58 61 2 64 69 2 71 76 3 78 83 1 86 89 2 92 97 3 99 104 3 106 111 2 113 118 1 120 125 4 127 132 2 134 139 4 141 146 4 147 154 1 155 160 1 162 167 1 170 173 1 176 181 1 183 188 1 189 196 1 198 201 1 205 208 2 212 215 2 219 222 2 225 230 1 233 236 1 240 243 
6 11 7 31 12 43 71 6 86 104 1 123 143 9 164 178 11 198 220 
21 1 3 8 3 14 19 1 23 32 2 35 42 2 46 53 4 57 64 5 68 75 6 79 86 3 91 96 3 102 107 6 112 119 3 124 129 1 135 140 2 145 152 2 158 161 7 166 175 3 178 185 4 189 196 3 201 206 2 212 217 2 223 228 
37 1 1 4 1 6 9 1 11 14 1 16 19 2 21 24 2 25 30 2 30 35 1 36 39 1 41 44 1 45 50 1 51 54 1 55 60 1 60 65 1 66 69 1 71 74 2 75 80 1 80 85 1 86 89 1 91 94 1 95 100 1 101 104 1 106 109 1 111 114 1 116 119 1 121 124 1 126 129 1 131 134 1 136 139 1 141 144 1 145 150 1 151 154 1 155 160 1 161 164 1 166 169 1 171 174 1 175 180 1 181 184 
15 3 4 9 4 15 24 3 29 36 2 42 49 3 54 63 3 67 76 2 81 88 5 94 101 2 107 114 1 121 126 5 132 141 3 145 154 7 158 167 1 170 181 6 185 192 
12 6 2 13 1 20 25 2 34 41 4 48 57 7 62 73 2 79 86 5 92 103 3 110 115 8 122 133 4 138 147 6 153 162 5 167 178 
2 19 30 59 6 115 152 
14 2 2 11 1 16 23 3 28 37 1 43 48 7 54 63 2 69 74 2 80 89 2 95 100 1 108 113 3 119 128 3 134 139 1 144 155 1 159 166 2 170 181 
24 5 1 7 1 9 15 1 17 23 2 25 31 1 33 39 3 42 46 3 49 55 2 58 62 1 66 70 2 74 78 1 82 86 1 90 94 2 98 102 3 106 110 2 114 118 2 122 126 1 130 134 1 137 143 1 146 150 4 153 159 1 162 166 1 170 174 2 178 182 2 185 191 
13 4 2 11 3 15 24 2 29 36 4 42 49 1 55 62 5 68 75 3 80 89 3 95 100 2 108 113 4 120 127 1 134 139 3 146 153 4 157 168 
37 1 1 4 1 6 9 1 10 15 1 16 19 3 20 25 1 26 29 1 31 34 1 36 39 1 41 44 2 46 49 1 51 54 1 55 60 2 61 64 1 66 69 1 71 74 1 76 79 1 81 84 2 86 89 1 91 94 2 95 100 2 101 104 1 106 109 1 110 115 1 115 120 1 121 124 2 126 129 2 130 135 2 136 139 3 140 145 2 146 149 2 151 154 1 156 159 2 161 164 3 165 170 2 171 174 1 176 179 1 180 185 
34 4 0 6 2 6 12 3 12 18 2 19 23 2 24 30 2 31 35 1 38 40 2 43 47 2 49 53 1 56 58 1 61 65 3 67 71 3 73 77 2 79 83 1 84 90 1 91 95 2 97 101 2 103 107 3 109 113 1 115 119 2 121 125 2 127 131 1 133 137 2 139 143 2 145 149 1 151 155 2 157 161 3 162 168 1 169 173 1 176 178 1 181 185 1 188 190 1 193 197 3 199 203 
43 3 0 5 2 6 9 1 11 14 1 16 19 1 21 24 1 26 29 2 31 34 1 35 40 1 40 45 1 46 49 2 51 54 1 56 59 1 61 64 2 66 69 3 70 75 2 76 79 1 81 84 1 86 89 1 91 94 1 96 99 1 101 104 2 105 110 1 110 115 1 115 120 3 120 125 1 125 130 3 130 135 1 136 139 2 140 145 1 146 149 1 150 155 2 156 159 1 161 164 1 166 169 1 171 174 1 176 179 2 181 184 1 185 190 1 191 194 1 195 200 2 201 204 1 206 209 1 211 214 
31 4 1 6 4 8 13 1 15 20 2 22 27 3 29 34 1 36 41 2 42 49 5 49 56 1 58 61 2 64 69 1 71 76 1 79 82 1 85 90 2 92 97 3 99 104 1 106 111 1 114 117 2 121 124 1 127 132 1 134 139 4 141 146 2 149 152 4 155 160 5 161 168 3 169 174 4 176 181 1 183 188 1 191 194 1 198 201 3 204 209 2 212 215 
35 2 1 5 3 7 11 3 13 17 1 19 23 1 25 29 1 31 35 1 37 41 2 42 48 1 49 53 1 55 59 2 61 65 1 68 70 1 73 77 3 79 83 1 85 89 3 91 95 2 97 101 4 102 108 2 108 114 2 115 119 2 121 125 1 128 130 1 133 137 4 138 144 3 145 149 1 151 155 1 156 162 3 162 168 1 169 173 1 176 178 2 181 185 2 187 191 1 193 197 2 199 203 1 206 208 
33 1 2 4 1 8 10 3 13 17 2 19 23 2 25 29 3 31 35 1 36 42 2 43 47 1 49 53 3 55 59 1 61 65 1 68 70 3 73 77 1 80 82 3 84 90 2 91 95 2 97 101 2 102 108 4 108 114 1 116 118 4 120 126 2 127 131 1 134 136 3 139 143 1 146 148 1 152 154 1 158 160 2 163 167 1 169 173 3 174 180 2 181 185 3 187 191 2 193 197 
36 2 0 6 1 8 10 1 13 17 3 18 24 1 26 28 1 31 35 1 38 40 1 43 47 1 49 53 1 55 59 1 61 65 1 68 70 1 73 77 1 79 83 1 85 89 2 91 95 1 97 101 1 103 107 1 110 112 1 116 118 2 121 125 2 127 131 2 133 137 1 140 142 2 144 150 2 151 155 2 157 161 2 162 168 2 169 173 3 174 180 4 180 186 2 187 191 2 193 197 2 199 203 2 205 209 4 210 216 
17 3 1 11 7 14 22 2 26 34 3 38 46 2 52 56 4 62 70 2 75 81 2 86 94 6 98 106 4 111 117 2 122 130 1 136 140 3 148 152 2 159 165 2 171 177 2 183 189 2 195 201 
17 3 3 8 5 12 21 1 24 31 1 36 41 6 45 54 4 57 64 4 68 75 8 78 87 4 89 98 1 100 109 1 113 118 1 124 129 3 134 141 3 146 151 2 157 162 3 168 173 2 178 185 
16 3 2 9 4 13 20 3 25 30 3 36 41 4 46 53 5 57 64 6 68 75 5 79 86 1 90 97 1 101 108 3 112 119 2 124 129 1 135 140 4 145 152 3 156 163 1 168 173 
38 1 1 4 1 6 9 2 11 14 1 15 20 1 21 24 2 26 29 1 31 34 1 35 40 1 41 44 1 46 49 1 50 55 2 55 60 2 61 64 1 66 69 1 71 74 1 76 79 3 80 85 1 86 89 3 90 95 2 96 99 1 101 104 1 106 109 2 110 115 2 116 119 2 121 124 2 126 129 2 131 134 2 136 139 2 140 145 1 146 149 1 151 154 1 156 159 3 160 165 3 165 170 2 171 174 2 176 179 2 181 184 2 185 190 
10 3 6 12 3 23 31 6 39 51 4 60 66 1 78 84 5 92 106 9 111 123 7 130 140 11 147 159 10 165 177 
5 6 5 31 1 47 61 3 79 101 1 120 132 7 156 168 
3 42 8 52 16 68 112 17 140 160 
40 1 1 4 3 5 10 1 10 15 1 16 19 2 21 24 1 26 29 1 30 35 1 36 39 2 41 44 1 46 49 1 51 54 1 56 59 1 61 64 2 65 70 1 71 74 1 76 79 1 81 84 1 86 89 1 91 94 1 96 99 1 101 104 1 106 109 1 111 114 1 116 119 1 121 124 3 125 130 2 130 135 2 136 139 1 141 144 1 146 149 1 151 154 2 156 159 1 161 164 1 166 169 3 170 175 1 176 179 1 180 185 1 186 189 1 191 194 1 196 199 
11 5 5 12 8 21 30 5 36 49 2 55 64 6 71 82 4 90 97 1 106 115 1 125 130 1 140 149 1 159 164 1 175 182 
13 6 3 12 3 17 28 7 33 42 2 50 55 3 65 70 8 77 88 1 94 101 2 108 117 6 124 131 1 139 146 3 154 161 1 169 176 3 184 191 
42 1 1 4 1 6 9 2 10 15 1 16 19 1 21 24 1 26 29 3 30 35 1 36 39 2 41 44 1 46 49 2 51 54 2 55 60 1 61 64 2 65 70 2 71 74 1 76 79 3 80 85 1 86 89 1 91 94 1 96 99 2 100 105 1 106 109 1 111 114 2 116 119 1 121 124 2 126 129 3 130 135 1 136 139 2 141 144 2 146 149 2 151 154 2 156 159 1 161 164 1 166 169 1 171 174 3 175 180 1 181 184 1 186 189 1 191 194 1 196 199 1 200 205 1 206 209 
39 1 1 4 1 5 10 3 10 15 1 16 19 2 21 24 1 26 29 1 31 34 1 36 39 1 41 44 3 45 50 1 51 54 1 56 59 1 61 64 3 65 70 1 70 75 1 76 79 1 80 85 1 86 89 2 91 94 2 95 100 2 101 104 2 105 110 2 111 114 2 115 120 2 121 124 1 126 129 1 130 135 1 135 140 1 140 145 1 145 150 3 150 155 2 156 159 1 161 164 1 166 169 2 170 175 1 176 179 2 180 185 1 186 189 2 190 195 
19 2 4 7 1 13 20 6 23 32 3 35 42 1 46 53 2 57 64 1 68 75 1 79 86 2 91 96 4 102 107 1 113 118 1 122 131 2 135 140 2 145 152 1 157 162 1 168 173 2 179 184 2 191 194 2 200 207 
42 1 0 5 1 6 9 2 10 15 3 15 20 1 21 24 2 26 29 2 30 35 2 35 40 2 41 44 3 45 50 1 51 54 1 56 59 2 60 65 3 65 70 2 71 74 2 76 79 1 80 85 1 86 89 1 90 95 2 95 100 2 100 105 1 106 109 1 111 114 3 115 120 1 121 124 1 126 129 1 131 134 1 136 139 3 140 145 2 146 149 2 150 155 1 156 159 3 160 165 1 165 170 1 171 174 1 176 179 1 180 185 1 186 189 1 191 194 1 196 199 3 200 205 1 206 209 
17 1 10 20 7 34 56 8 66 84 7 98 112 15 126 144 3 157 173 8 188 202 4 218 232 9 248 262 17 273 297 9 306 324 9 336 354 20 364 386 8 399 411 4 430 440 9 459 471 10 489 501 
21 1 5 20 1 30 45 13 53 72 8 82 93 7 103 122 5 129 146 8 154 171 6 183 192 8 205 220 15 229 246 9 257 268 5 281 294 15 304 321 10 329 346 6 358 367 1 383 392 9 404 421 10 430 445 4 458 467 9 478 497 7 503 522 
17 2 10 20 12 34 56 9 69 81 7 98 112 5 124 146 5 158 172 14 186 204 6 220 230 6 246 264 15 276 294 16 306 324 12 338 352 3 366 384 12 398 412 3 430 440 7 458 472 6 490 500 
16 3 12 22 6 42 60 1 74 96 9 107 131 11 142 164 9 180 194 6 215 227 15 246 264 22 277 301 19 310 336 6 350 364 4 385 397 18 414 436 5 449 469 19 481 505 7 519 535 
