10 20 6.72
5 4 1 27 2 25 3 14 4 13 4 5 22 6 14 7 11 8 23 12 5 27 6 19 7 25 8 17 9 16 10 12 11 12 12 21 13 29 14 29 15 16 16 26 12 5 18 6 25 7 17 8 15 9 21 10 29 11 23 12 18 13 19 14 19 15 19 16 19 4 17 26 18 29 19 14 20 21 
5 4 1 23 2 30 3 29 4 11 4 5 21 6 10 7 13 8 18 4 13 17 14 24 15 29 16 16 12 5 28 6 14 7 27 8 24 9 20 10 29 11 29 12 28 13 27 14 20 15 19 16 21 4 17 23 18 26 19 25 20 15 
5 4 1 29 2 27 3 14 4 30 8 5 21 6 29 7 15 8 16 9 22 10 12 11 25 12 29 12 5 23 6 28 7 24 8 25 9 16 10 25 11 21 12 26 13 21 14 19 15 30 16 26 12 5 30 6 12 7 19 8 14 9 30 10 20 11 15 12 11 13 17 14 18 15 29 16 23 4 17 27 18 22 19 24 20 22 
5 4 1 23 2 11 3 25 4 21 12 5 26 6 20 7 14 8 30 9 26 10 13 11 12 12 30 13 15 14 28 15 28 16 29 8 5 30 6 29 7 15 8 14 13 10 14 25 15 14 16 20 12 5 15 6 12 7 22 8 13 9 27 10 19 11 26 12 18 13 13 14 30 15 29 16 14 4 17 22 18 15 19 26 20 22 
5 4 1 10 2 15 3 28 4 17 4 9 27 10 28 11 13 12 25 12 5 30 6 10 7 22 8 23 9 29 10 28 11 13 12 22 13 12 14 10 15 11 16 22 4 9 19 10 11 11 14 12 10 4 17 16 18 20 19 21 20 10 
5 4 1 19 2 20 3 19 4 28 8 5 25 6 12 7 10 8 11 13 28 14 25 15 25 16 10 12 5 13 6 10 7 29 8 22 9 24 10 14 11 24 12 29 13 12 14 19 15 21 16 28 8 5 13 6 20 7 10 8 14 13 16 14 28 15 10 16 23 4 17 18 18 30 19 15 20 13 
5 4 1 25 2 16 3 17 4 24 4 13 10 14 26 15 23 16 22 8 9 16 10 14 11 23 12 25 13 14 14 18 15 14 16 20 12 5 25 6 30 7 21 8 30 9 19 10 28 11 26 12 21 13 26 14 28 15 30 16 23 4 17 11 18 29 19 23 20 15 
5 4 1 21 2 18 3 19 4 18 4 13 19 14 14 15 16 16 16 4 13 29 14 13 15 11 16 16 12 5 14 6 27 7 25 8 29 9 12 10 26 11 14 12 28 13 19 14 22 15 20 16 16 4 17 26 18 30 19 26 20 19 
5 4 1 13 2 28 3 19 4 12 12 5 26 6 24 7 13 8 21 9 11 10 20 11 17 12 19 13 16 14 12 15 18 16 22 4 9 16 10 28 11 19 12 18 8 5 30 6 23 7 18 8 11 9 30 10 28 11 17 12 29 4 17 13 18 21 19 20 20 28 
5 4 1 19 2 26 3 23 4 28 12 5 11 6 11 7 13 8 29 9 24 10 15 11 27 12 25 13 13 14 13 15 16 16 24 4 13 10 14 11 15 14 16 27 12 5 28 6 10 7 23 8 23 9 18 10 14 11 16 12 22 13 14 14 14 15 18 16 10 4 17 27 18 18 19 11 20 19 
3 3 4 14 3 22 32 9 40 50 
2 14 4 23 1 35 46 
2 6 9 17 6 34 44 
2 14 3 23 2 32 46 
2 6 7 19 4 35 43 
4 5 2 9 1 13 20 2 23 32 1 35 42 
5 2 2 6 1 10 14 1 17 23 1 26 30 3 33 39 
5 5 1 8 5 10 17 1 19 26 2 29 34 1 38 43 
3 3 6 11 7 19 32 2 37 48 
5 2 2 8 5 11 19 7 21 29 1 32 38 1 42 48 
3 6 3 12 1 20 25 9 32 43 
3 4 5 12 2 23 28 4 39 46 
4 1 4 9 6 16 23 5 29 36 5 42 49 
3 8 2 18 6 26 34 2 43 57 
6 1 2 8 1 13 17 2 23 27 1 32 38 3 41 49 1 53 57 
6 4 2 8 3 12 18 5 21 29 3 33 37 5 42 48 2 53 57 
2 5 8 19 3 36 45 
3 7 6 14 4 27 33 5 46 54 
3 5 4 14 3 24 30 5 41 49 
2 2 4 19 5 30 39 
