20 20 6.44
5 4 1 28 2 10 3 12 4 14 12 5 12 6 30 7 28 8 14 9 11 10 11 11 26 12 30 13 21 14 17 15 19 16 16 4 5 18 6 20 7 30 8 19 12 5 12 6 24 7 23 8 27 9 11 10 15 11 25 12 30 13 29 14 11 15 23 16 30 4 17 25 18 22 19 12 20 27 
5 4 1 12 2 22 3 11 4 13 8 5 28 6 12 7 10 8 10 13 29 14 24 15 21 16 15 4 13 11 14 27 15 19 16 30 8 5 18 6 14 7 25 8 15 13 27 14 15 15 21 16 12 4 17 15 18 23 19 29 20 22 
5 4 1 19 2 19 3 11 4 11 12 5 24 6 27 7 23 8 27 9 16 10 23 11 28 12 28 13 22 14 19 15 13 16 26 4 13 18 14 23 15 29 16 10 4 9 21 10 17 11 23 12 27 4 17 28 18 13 19 27 20 26 
5 4 1 29 2 13 3 18 4 25 12 5 11 6 11 7 15 8 23 9 15 10 24 11 28 12 13 13 19 14 10 15 18 16 18 12 5 18 6 19 7 19 8 28 9 14 10 17 11 30 12 24 13 24 14 29 15 23 16 27 8 5 11 6 20 7 13 8 28 13 10 14 28 15 10 16 13 4 17 14 18 10 19 10 20 20 
5 4 1 11 2 10 3 15 4 19 12 5 21 6 16 7 16 8 23 9 17 10 25 11 28 12 28 13 17 14 12 15 12 16 16 12 5 28 6 30 7 26 8 12 9 15 10 30 11 25 12 30 13 25 14 26 15 24 16 13 4 5 25 6 12 7 12 8 16 4 17 22 18 14 19 25 20 15 
5 4 1 15 2 18 3 12 4 12 12 5 25 6 25 7 19 8 12 9 28 10 24 11 29 12 29 13 29 14 22 15 13 16 23 12 5 25 6 23 7 22 8 23 9 15 10 16 11 13 12 25 13 22 14 24 15 14 16 10 12 5 25 6 30 7 15 8 14 9 20 10 13 11 11 12 16 13 30 14 27 15 18 16 12 4 17 14 18 24 19 11 20 25 
5 4 1 15 2 26 3 23 4 14 12 5 10 6 19 7 22 8 30 9 22 10 28 11 18 12 25 13 24 14 18 15 17 16 14 8 5 17 6 12 7 15 8 15 13 21 14 29 15 24 16 13 4 9 24 10 30 11 12 12 24 4 17 23 18 20 19 10 20 19 
5 4 1 30 2 27 3 21 4 17 8 9 12 10 22 11 11 12 27 13 12 14 30 15 30 16 19 8 5 14 6 16 7 10 8 24 9 18 10 14 11 29 12 30 4 5 23 6 30 7 12 8 24 4 17 17 18 30 19 26 20 20 
5 4 1 24 2 17 3 19 4 17 8 5 20 6 13 7 22 8 28 13 16 14 14 15 17 16 17 4 13 28 14 10 15 26 16 19 4 13 23 14 19 15 16 16 23 4 17 28 18 26 19 18 20 22 
5 4 1 17 2 27 3 29 4 18 12 5 19 6 14 7 11 8 26 9 11 10 11 11 27 12 30 13 10 14 26 15 12 16 10 8 5 20 6 27 7 23 8 17 9 17 10 24 11 25 12 11 8 5 15 6 26 7 28 8 27 9 20 10 10 11 30 12 11 4 17 19 18 25 19 10 20 20 
5 4 1 16 2 23 3 13 4 24 12 5 15 6 25 7 30 8 24 9 24 10 22 11 23 12 22 13 14 14 21 15 28 16 17 8 5 23 6 15 7 22 8 20 13 13 14 25 15 25 16 25 12 5 16 6 21 7 25 8 30 9 12 10 29 11 24 12 18 13 28 14 26 15 21 16 15 4 17 26 18 15 19 14 20 26 
5 4 1 10 2 18 3 12 4 17 4 5 20 6 13 7 27 8 25 12 5 27 6 10 7 26 8 28 9 19 10 15 11 15 12 19 13 10 14 12 15 23 16 12 4 9 27 10 11 11 28 12 26 4 17 18 18 18 19 13 20 27 
5 4 1 14 2 18 3 18 4 25 4 5 21 6 10 7 11 8 26 12 5 16 6 19 7 13 8 15 9 11 10 20 11 18 12 24 13 14 14 16 15 22 16 21 8 5 30 6 16 7 18 8 15 9 11 10 12 11 26 12 23 4 17 21 18 25 19 21 20 30 
5 4 1 11 2 27 3 20 4 22 12 5 26 6 28 7 22 8 16 9 18 10 28 11 20 12 16 13 26 14 26 15 23 16 13 8 5 18 6 15 7 27 8 24 13 15 14 10 15 22 16 12 12 5 12 6 12 7 12 8 11 9 23 10 19 11 15 12 20 13 18 14 27 15 29 16 26 4 17 13 18 23 19 29 20 28 
5 4 1 20 2 22 3 21 4 19 8 5 12 6 24 7 23 8 30 9 11 10 18 11 13 12 29 8 9 24 10 10 11 29 12 24 13 13 14 27 15 12 16 14 8 5 18 6 16 7 25 8 12 13 23 14 19 15 19 16 13 4 17 24 18 22 19 29 20 22 
5 4 1 30 2 26 3 11 4 12 8 5 13 6 15 7 26 8 30 9 11 10 29 11 19 12 27 4 9 21 10 23 11 12 12 13 8 5 14 6 20 7 25 8 19 9 16 10 11 11 29 12 24 4 17 25 18 18 19 14 20 23 
5 4 1 13 2 22 3 19 4 24 4 9 10 10 17 11 12 12 21 12 5 19 6 17 7 21 8 11 9 12 10 15 11 29 12 17 13 27 14 11 15 25 16 17 8 5 15 6 12 7 18 8 26 9 13 10 21 11 12 12 24 4 17 28 18 29 19 18 20 30 
5 4 1 10 2 30 3 27 4 16 12 5 13 6 28 7 18 8 28 9 23 10 15 11 13 12 10 13 28 14 13 15 12 16 23 4 13 22 14 10 15 22 16 24 8 9 18 10 15 11 30 12 14 13 19 14 27 15 22 16 21 4 17 23 18 26 19 30 20 29 
5 4 1 21 2 28 3 19 4 24 4 9 18 10 17 11 23 12 10 4 9 15 10 21 11 28 12 20 4 13 27 14 10 15 16 16 21 4 17 19 18 14 19 15 20 23 
5 4 1 12 2 27 3 10 4 21 8 5 25 6 30 7 26 8 18 9 29 10 19 11 29 12 28 4 5 19 6 13 7 25 8 27 8 5 12 6 25 7 12 8 12 13 18 14 20 15 10 16 23 4 17 21 18 20 19 30 20 16 
4 4 7 16 3 30 39 15 49 66 6 74 87 
4 7 6 21 11 34 47 14 59 76 4 85 104 
2 12 8 35 4 58 71 
2 17 9 37 10 62 76 
7 4 2 13 6 18 27 3 35 40 1 50 55 2 64 71 2 79 86 7 92 103 
6 11 2 15 8 20 31 3 39 46 7 53 66 3 74 79 8 87 100 
2 11 16 39 15 68 97 
7 8 4 13 11 19 32 6 36 49 7 54 65 5 70 83 5 90 97 1 107 114 
5 4 5 13 5 22 32 4 41 49 5 60 66 10 74 88 
4 13 4 20 1 32 40 13 51 69 10 75 93 
9 8 1 11 2 13 23 1 27 33 2 38 46 6 50 58 3 64 68 2 76 80 1 86 94 3 98 106 
10 1 3 8 1 14 19 2 25 30 3 35 42 3 46 53 6 56 65 7 67 76 4 80 85 7 89 98 2 101 108 
9 2 1 10 1 14 19 1 23 32 2 35 42 1 45 54 1 58 63 4 69 74 3 80 85 2 90 97 
8 7 1 11 1 15 21 2 28 32 3 39 45 6 50 58 1 62 70 5 74 82 3 87 93 
3 10 8 24 7 36 60 8 71 89 
6 2 4 11 3 19 26 3 34 41 4 48 57 5 63 72 2 77 88 
4 7 9 18 7 35 46 5 62 73 8 85 104 
3 20 6 29 2 45 60 13 74 101 
2 1 15 34 15 59 88 
5 7 5 19 3 32 40 8 52 68 2 80 88 5 103 113 
