10 10 3.0
15 4 2 8 6 3 7 2 9 5 2 9 7 1 2 5 7 4 1 4 9 1 2 7 10 4 2 1 1 8 2 3 7 5 3 8 5 8 5 1 3 8 8 2 5 3 8 10 9 3 5 6 1 1 6 2 5 2 5 1 9 9 1 5 7 4 6 2 10 6 1 2 2 7 9 5 6 2 4 8 7 2 5 2 1 5 8 4 2 1 8 3 7 3 10 2 8 9 4 5 3 7 5 3 7 9 3 3 9 4 5 8 1 1 
15 5 1 3 8 8 2 5 3 8 10 9 5 7 4 1 4 9 1 2 7 10 4 3 5 6 1 1 6 2 5 2 1 5 8 4 2 1 8 3 7 2 4 8 7 2 2 10 6 1 2 3 10 2 8 9 4 5 2 7 9 5 6 3 7 5 3 7 9 3 3 7 5 3 8 5 8 3 9 4 5 8 1 1 2 9 7 1 2 2 1 1 8 2 4 2 8 6 3 7 2 9 5 5 2 5 1 9 9 1 5 7 4 6 
15 2 1 1 8 2 2 7 9 5 6 2 10 6 1 2 2 4 8 7 2 5 2 1 5 8 4 2 1 8 3 7 3 9 4 5 8 1 1 2 9 7 1 2 3 7 5 3 7 9 3 5 7 4 1 4 9 1 2 7 10 4 4 2 8 6 3 7 2 9 5 5 1 3 8 8 2 5 3 8 10 9 3 10 2 8 9 4 5 5 2 5 1 9 9 1 5 7 4 6 3 5 6 1 1 6 2 3 7 5 3 8 5 8 
15 3 5 6 1 1 6 2 5 2 5 1 9 9 1 5 7 4 6 5 1 3 8 8 2 5 3 8 10 9 5 2 1 5 8 4 2 1 8 3 7 2 4 8 7 2 2 10 6 1 2 3 7 5 3 8 5 8 2 9 7 1 2 3 7 5 3 7 9 3 3 9 4 5 8 1 1 4 2 8 6 3 7 2 9 5 2 1 1 8 2 5 7 4 1 4 9 1 2 7 10 4 2 7 9 5 6 3 10 2 8 9 4 5 
15 3 10 2 8 9 4 5 2 1 1 8 2 3 9 4 5 8 1 1 2 9 7 1 2 3 7 5 3 8 5 8 5 2 1 5 8 4 2 1 8 3 7 3 5 6 1 1 6 2 3 7 5 3 7 9 3 4 2 8 6 3 7 2 9 5 2 10 6 1 2 5 7 4 1 4 9 1 2 7 10 4 2 7 9 5 6 5 2 5 1 9 9 1 5 7 4 6 5 1 3 8 8 2 5 3 8 10 9 2 4 8 7 2 
15 3 7 5 3 8 5 8 5 1 3 8 8 2 5 3 8 10 9 2 7 9 5 6 3 5 6 1 1 6 2 5 2 5 1 9 9 1 5 7 4 6 2 4 8 7 2 2 9 7 1 2 5 2 1 5 8 4 2 1 8 3 7 5 7 4 1 4 9 1 2 7 10 4 4 2 8 6 3 7 2 9 5 2 1 1 8 2 3 7 5 3 7 9 3 2 10 6 1 2 3 9 4 5 8 1 1 3 10 2 8 9 4 5 
15 3 5 6 1 1 6 2 3 10 2 8 9 4 5 3 7 5 3 8 5 8 5 1 3 8 8 2 5 3 8 10 9 2 1 1 8 2 2 9 7 1 2 5 2 1 5 8 4 2 1 8 3 7 3 7 5 3 7 9 3 5 7 4 1 4 9 1 2 7 10 4 3 9 4 5 8 1 1 2 10 6 1 2 4 2 8 6 3 7 2 9 5 2 7 9 5 6 2 4 8 7 2 5 2 5 1 9 9 1 5 7 4 6 
15 5 7 4 1 4 9 1 2 7 10 4 3 7 5 3 7 9 3 3 7 5 3 8 5 8 2 1 1 8 2 3 5 6 1 1 6 2 5 2 5 1 9 9 1 5 7 4 6 3 10 2 8 9 4 5 3 9 4 5 8 1 1 2 9 7 1 2 4 2 8 6 3 7 2 9 5 5 1 3 8 8 2 5 3 8 10 9 2 4 8 7 2 2 10 6 1 2 5 2 1 5 8 4 2 1 8 3 7 2 7 9 5 6 
15 4 2 8 6 3 7 2 9 5 3 9 4 5 8 1 1 3 7 5 3 8 5 8 5 7 4 1 4 9 1 2 7 10 4 5 2 1 5 8 4 2 1 8 3 7 2 4 8 7 2 2 9 7 1 2 3 10 2 8 9 4 5 5 1 3 8 8 2 5 3 8 10 9 2 10 6 1 2 5 2 5 1 9 9 1 5 7 4 6 3 7 5 3 7 9 3 2 7 9 5 6 2 1 1 8 2 3 5 6 1 1 6 2 
15 2 1 1 8 2 4 2 8 6 3 7 2 9 5 3 10 2 8 9 4 5 3 7 5 3 8 5 8 3 7 5 3 7 9 3 2 10 6 1 2 2 7 9 5 6 3 9 4 5 8 1 1 5 7 4 1 4 9 1 2 7 10 4 5 2 5 1 9 9 1 5 7 4 6 5 1 3 8 8 2 5 3 8 10 9 3 5 6 1 1 6 2 5 2 1 5 8 4 2 1 8 3 7 2 4 8 7 2 2 9 7 1 2 
1 38 19 61 
1 20 8 48 
1 23 19 61 
1 20 17 56 
1 40 46 88 
1 3 2 13 
1 33 23 79 
1 21 16 41 
1 2 9 66 
1 10 15 48 
