30 15 3.03169014084507
9 2 3 24 4 18 1 1 17 1 2 10 4 8 14 2 11 12 20 6 13 2 7 28 1 13 4 15 11 12 21 7 10 2 14 5 6 18 5 13 8 18 11 18 4 20 1 12 26 2 13 11 3 20 
9 1 1 17 1 13 18 5 10 15 13 16 5 11 14 25 8 24 4 6 18 12 25 13 24 1 12 4 2 10 11 21 15 17 7 18 1 5 23 2 3 24 4 18 2 3 16 2 18 2 11 22 9 24 
10 2 2 25 15 27 5 10 15 13 16 5 11 14 25 8 24 5 6 18 5 13 8 18 11 18 4 20 1 1 17 4 8 14 2 11 12 20 6 13 5 4 16 9 13 1 23 13 26 2 29 2 3 24 4 18 1 8 15 1 13 18 2 7 12 6 18 
9 4 5 18 7 15 10 19 13 26 2 3 16 2 18 2 7 12 6 18 2 3 24 4 18 4 2 10 11 21 15 17 7 18 2 2 25 15 27 1 13 18 5 10 15 13 16 5 11 14 25 8 24 5 4 16 9 13 1 23 13 26 2 29 
9 5 6 18 5 13 8 18 11 18 4 20 4 10 16 6 19 11 14 1 25 2 3 16 2 18 4 15 11 12 21 7 10 2 14 1 12 26 3 5 12 14 16 11 20 1 2 10 5 10 15 13 16 5 11 14 25 8 24 2 7 28 1 13 
8 1 1 17 1 8 15 5 7 21 10 29 14 25 6 27 4 14 4 10 16 6 19 11 14 1 25 4 8 14 2 11 12 20 6 13 5 4 16 9 13 1 23 13 26 2 29 1 13 18 2 2 25 15 27 
11 1 8 15 2 7 28 1 13 2 2 25 15 27 1 12 22 1 5 23 5 4 16 9 13 1 23 13 26 2 29 4 6 18 12 25 13 24 1 12 2 3 16 2 18 4 2 10 11 21 15 17 7 18 5 3 15 1 29 12 21 9 22 15 27 5 10 15 13 16 5 11 14 25 8 24 
9 3 5 12 14 16 11 20 2 7 12 6 18 4 8 14 2 11 12 20 6 13 4 10 16 6 19 11 14 1 25 1 12 22 4 6 18 12 25 13 24 1 12 1 1 17 5 4 16 9 13 1 23 13 26 2 29 1 2 10 
10 1 12 22 2 2 25 15 27 5 4 16 9 13 1 23 13 26 2 29 2 7 12 6 18 4 5 18 7 15 10 19 13 26 5 12 22 4 12 14 26 9 17 8 10 2 7 28 1 13 1 1 17 1 2 10 4 1 14 7 22 15 24 9 20 
8 4 5 18 7 15 10 19 13 26 2 3 16 2 18 5 4 16 9 13 1 23 13 26 2 29 5 3 15 1 29 12 21 9 22 15 27 4 8 14 2 11 12 20 6 13 1 5 23 4 6 18 12 25 13 24 1 12 5 12 22 4 12 14 26 9 17 8 10 
10 1 1 17 1 13 18 2 2 25 15 27 1 8 15 4 8 14 2 11 12 20 6 13 2 7 12 6 18 4 2 10 11 21 15 17 7 18 5 4 16 9 13 1 23 13 26 2 29 4 6 21 1 16 7 22 3 23 5 6 18 5 13 8 18 11 18 4 20 
8 3 5 12 14 16 11 20 4 5 18 7 15 10 19 13 26 2 2 25 15 27 2 13 11 3 20 1 12 22 5 10 15 13 16 5 11 14 25 8 24 4 6 21 1 16 7 22 3 23 4 2 10 11 21 15 17 7 18 
10 5 3 15 1 29 12 21 9 22 15 27 1 13 18 5 7 21 10 29 14 25 6 27 4 14 3 5 12 14 16 11 20 4 8 14 2 11 12 20 6 13 1 5 23 2 7 15 11 15 1 1 17 5 4 16 9 13 1 23 13 26 2 29 5 10 15 13 16 5 11 14 25 8 24 
9 4 8 14 2 11 12 20 6 13 4 6 18 12 25 13 24 1 12 5 6 18 5 13 8 18 11 18 4 20 2 13 11 3 20 4 1 14 7 22 15 24 9 20 2 3 24 4 18 2 3 16 2 18 5 10 15 13 16 5 11 14 25 8 24 1 13 18 
11 4 10 16 6 19 11 14 1 25 3 5 12 14 16 11 20 2 13 11 3 20 4 6 18 12 25 13 24 1 12 1 5 23 1 8 15 4 5 18 7 15 10 19 13 26 2 3 24 4 18 2 11 22 9 24 4 15 11 12 21 7 10 2 14 5 4 16 9 13 1 23 13 26 2 29 
8 2 13 11 3 20 2 2 25 15 27 4 6 21 1 16 7 22 3 23 1 12 22 4 6 18 12 25 13 24 1 12 4 5 18 7 15 10 19 13 26 5 12 22 4 12 14 26 9 17 8 10 2 3 16 2 18 
11 4 10 16 6 19 11 14 1 25 4 8 14 2 11 12 20 6 13 1 8 15 2 7 15 11 15 5 7 21 10 29 14 25 6 27 4 14 5 12 22 4 12 14 26 9 17 8 10 1 13 18 4 1 14 7 22 15 24 9 20 4 5 18 7 15 10 19 13 26 5 3 15 1 29 12 21 9 22 15 27 2 7 28 1 13 
11 4 2 10 11 21 15 17 7 18 1 5 23 2 7 28 1 13 4 1 14 7 22 15 24 9 20 5 10 15 13 16 5 11 14 25 8 24 4 10 16 6 19 11 14 1 25 2 2 25 15 27 3 5 12 14 16 11 20 5 3 15 1 29 12 21 9 22 15 27 1 8 15 2 3 24 4 18 
8 4 2 10 11 21 15 17 7 18 1 12 26 4 8 14 2 11 12 20 6 13 5 6 18 5 13 8 18 11 18 4 20 2 13 11 3 20 2 7 12 6 18 5 4 16 9 13 1 23 13 26 2 29 2 3 24 4 18 
8 5 12 22 4 12 14 26 9 17 8 10 1 13 18 4 8 14 2 11 12 20 6 13 2 11 22 9 24 5 3 15 1 29 12 21 9 22 15 27 5 4 16 9 13 1 23 13 26 2 29 3 5 12 14 16 11 20 4 6 18 12 25 13 24 1 12 
9 4 1 14 7 22 15 24 9 20 3 5 12 14 16 11 20 5 4 16 9 13 1 23 13 26 2 29 5 10 15 13 16 5 11 14 25 8 24 5 7 21 10 29 14 25 6 27 4 14 1 13 18 2 11 22 9 24 2 3 24 4 18 4 5 18 7 15 10 19 13 26 
11 1 1 17 5 12 22 4 12 14 26 9 17 8 10 4 10 16 6 19 11 14 1 25 1 2 10 4 5 18 7 15 10 19 13 26 4 8 14 2 11 12 20 6 13 5 4 16 9 13 1 23 13 26 2 29 2 7 28 1 13 5 6 18 5 13 8 18 11 18 4 20 4 15 11 12 21 7 10 2 14 2 3 24 4 18 
9 4 5 18 7 15 10 19 13 26 2 7 15 11 15 5 6 18 5 13 8 18 11 18 4 20 1 2 10 1 12 26 4 15 11 12 21 7 10 2 14 5 7 21 10 29 14 25 6 27 4 14 4 10 16 6 19 11 14 1 25 4 6 21 1 16 7 22 3 23 
8 5 6 18 5 13 8 18 11 18 4 20 4 2 10 11 21 15 17 7 18 5 7 21 10 29 14 25 6 27 4 14 1 1 17 1 12 26 4 8 14 2 11 12 20 6 13 4 6 21 1 16 7 22 3 23 2 2 25 15 27 
10 2 7 12 6 18 4 6 21 1 16 7 22 3 23 5 6 18 5 13 8 18 11 18 4 20 1 8 15 4 10 16 6 19 11 14 1 25 1 12 26 4 1 14 7 22 15 24 9 20 4 6 18 12 25 13 24 1 12 4 2 10 11 21 15 17 7 18 5 7 21 10 29 14 25 6 27 4 14 
10 2 7 15 11 15 2 13 11 3 20 4 15 11 12 21 7 10 2 14 5 4 16 9 13 1 23 13 26 2 29 1 5 23 4 6 18 12 25 13 24 1 12 1 2 10 4 10 16 6 19 11 14 1 25 5 7 21 10 29 14 25 6 27 4 14 2 3 24 4 18 
11 4 15 11 12 21 7 10 2 14 2 7 12 6 18 5 6 18 5 13 8 18 11 18 4 20 5 12 22 4 12 14 26 9 17 8 10 1 8 15 3 5 12 14 16 11 20 5 7 21 10 29 14 25 6 27 4 14 2 3 16 2 18 5 10 15 13 16 5 11 14 25 8 24 4 5 18 7 15 10 19 13 26 1 12 22 
10 1 8 15 5 4 16 9 13 1 23 13 26 2 29 4 5 18 7 15 10 19 13 26 1 1 17 1 5 23 3 5 12 14 16 11 20 2 2 25 15 27 5 12 22 4 12 14 26 9 17 8 10 4 1 14 7 22 15 24 9 20 4 6 21 1 16 7 22 3 23 
11 2 7 12 6 18 4 6 21 1 16 7 22 3 23 1 13 18 2 7 28 1 13 1 5 23 1 8 15 4 10 16 6 19 11 14 1 25 2 11 22 9 24 1 2 10 1 12 22 2 2 25 15 27 
9 5 7 21 10 29 14 25 6 27 4 14 4 6 18 12 25 13 24 1 12 2 3 24 4 18 4 1 14 7 22 15 24 9 20 4 2 10 11 21 15 17 7 18 4 10 16 6 19 11 14 1 25 1 8 15 1 12 22 2 7 12 6 18 
4 26 41 88 25 153 234 25 288 357 52 418 485 
17 3 3 26 7 32 55 5 67 78 3 93 110 3 120 141 3 155 164 14 178 199 4 211 224 6 237 256 5 270 281 11 298 311 14 326 341 1 358 367 6 386 397 17 410 431 16 438 461 11 470 487 
3 16 27 87 18 156 186 35 259 311 
8 13 9 23 3 43 53 15 70 90 1 106 118 7 133 155 13 166 186 7 203 213 2 233 247 
8 11 9 36 21 54 81 31 96 129 9 150 165 13 195 210 9 237 258 11 285 300 14 328 347 
18 4 6 15 9 24 39 3 47 58 12 67 80 4 90 99 5 108 123 3 133 140 9 152 163 8 172 185 3 195 204 5 213 228 2 237 246 10 257 268 3 276 291 8 299 310 7 321 330 4 342 351 5 363 372 
9 9 9 40 7 66 81 4 107 138 30 154 189 17 208 233 8 261 278 4 311 326 4 359 376 11 407 426 
2 25 56 111 39 205 296 
4 25 6 43 2 62 85 6 110 135 7 157 186 
7 6 4 25 9 38 49 10 66 79 6 97 106 13 123 138 10 148 171 2 180 197 
13 2 7 15 10 25 41 8 49 61 5 73 81 1 95 103 12 112 130 2 137 149 7 157 173 7 178 196 1 201 217 7 225 237 4 245 261 7 271 279 
14 15 8 33 11 48 75 15 90 115 13 136 151 9 178 191 19 214 237 17 257 276 6 302 313 6 342 355 26 375 404 5 420 441 10 456 487 17 497 528 21 538 569 
9 32 11 45 8 76 92 6 126 154 10 181 211 12 239 265 11 297 319 7 349 379 1 409 431 22 461 491 
8 7 4 21 2 30 45 8 54 71 2 81 94 9 105 120 6 131 144 5 156 169 10 181 194 
6 24 9 42 31 59 94 33 110 145 15 166 191 12 211 248 1 273 288 
