15 8 3.0
10 4 7 15 8 11 4 5 5 19 2 3 18 4 5 4 8 18 7 3 6 11 3 16 4 5 7 2 1 7 2 3 19 2 5 6 6 3 3 4 5 5 2 8 18 1 5 2 1 1 17 5 5 10 2 10 1 12 8 5 3 14 3 7 15 6 2 8 19 
10 4 8 18 7 3 6 11 3 16 1 1 17 2 2 1 4 13 5 5 10 2 10 1 12 8 5 3 14 5 4 11 1 9 2 18 6 18 3 13 2 6 15 7 13 4 7 15 8 11 4 5 5 19 4 5 7 2 1 7 2 3 19 4 4 11 1 7 6 13 8 3 3 7 15 6 2 8 19 
10 2 3 3 5 5 4 5 7 2 1 7 2 3 19 2 3 18 4 5 2 5 6 6 3 4 4 11 1 7 6 13 8 3 3 7 15 6 2 8 19 5 4 11 1 9 2 18 6 18 3 13 3 4 5 5 2 8 18 1 1 17 2 2 1 4 13 
10 2 3 18 4 5 2 3 3 5 5 5 4 11 1 9 2 18 6 18 3 13 4 4 11 1 7 6 13 8 3 2 6 15 7 13 4 5 7 2 1 7 2 3 19 1 5 2 4 8 18 7 3 6 11 3 16 1 1 17 2 5 6 6 3 
10 2 6 15 7 13 3 7 15 6 2 8 19 1 5 2 4 7 15 8 11 4 5 5 19 5 4 11 1 9 2 18 6 18 3 13 4 5 7 2 1 7 2 3 19 3 4 5 5 2 8 18 2 5 6 6 3 2 3 3 5 5 5 5 10 2 10 1 12 8 5 3 14 
10 2 2 1 4 13 2 6 15 7 13 2 3 18 4 5 4 8 18 7 3 6 11 3 16 5 4 11 1 9 2 18 6 18 3 13 5 5 10 2 10 1 12 8 5 3 14 4 4 11 1 7 6 13 8 3 4 7 15 8 11 4 5 5 19 2 5 6 6 3 2 3 3 5 5 
10 5 5 10 2 10 1 12 8 5 3 14 4 4 11 1 7 6 13 8 3 2 2 1 4 13 1 1 17 2 6 15 7 13 4 5 7 2 1 7 2 3 19 1 5 2 5 4 11 1 9 2 18 6 18 3 13 2 3 18 4 5 3 7 15 6 2 8 19 
10 3 7 15 6 2 8 19 1 1 17 4 7 15 8 11 4 5 5 19 2 6 15 7 13 5 5 10 2 10 1 12 8 5 3 14 4 4 11 1 7 6 13 8 3 5 4 11 1 9 2 18 6 18 3 13 2 2 1 4 13 2 3 18 4 5 2 3 3 5 5 
10 1 1 17 5 5 10 2 10 1 12 8 5 3 14 4 8 18 7 3 6 11 3 16 3 7 15 6 2 8 19 2 6 15 7 13 4 4 11 1 7 6 13 8 3 1 5 2 2 2 1 4 13 5 4 11 1 9 2 18 6 18 3 13 4 7 15 8 11 4 5 5 19 
10 1 1 17 2 6 15 7 13 3 4 5 5 2 8 18 5 4 11 1 9 2 18 6 18 3 13 4 4 11 1 7 6 13 8 3 2 3 18 4 5 2 5 6 6 3 3 7 15 6 2 8 19 4 8 18 7 3 6 11 3 16 5 5 10 2 10 1 12 8 5 3 14 
10 2 2 1 4 13 3 7 15 6 2 8 19 4 8 18 7 3 6 11 3 16 2 3 18 4 5 2 5 6 6 3 1 1 17 2 3 3 5 5 3 4 5 5 2 8 18 5 5 10 2 10 1 12 8 5 3 14 5 4 11 1 9 2 18 6 18 3 13 
10 4 4 11 1 7 6 13 8 3 3 4 5 5 2 8 18 4 8 18 7 3 6 11 3 16 1 1 17 5 4 11 1 9 2 18 6 18 3 13 3 7 15 6 2 8 19 1 5 2 2 3 3 5 5 4 7 15 8 11 4 5 5 19 2 2 1 4 13 
10 5 5 10 2 10 1 12 8 5 3 14 1 5 2 2 3 18 4 5 4 5 7 2 1 7 2 3 19 2 6 15 7 13 4 8 18 7 3 6 11 3 16 4 7 15 8 11 4 5 5 19 5 4 11 1 9 2 18 6 18 3 13 2 5 6 6 3 4 4 11 1 7 6 13 8 3 
10 4 8 18 7 3 6 11 3 16 3 4 5 5 2 8 18 2 2 1 4 13 4 5 7 2 1 7 2 3 19 2 5 6 6 3 2 3 18 4 5 2 6 15 7 13 1 5 2 5 4 11 1 9 2 18 6 18 3 13 1 1 17 
10 5 5 10 2 10 1 12 8 5 3 14 2 5 6 6 3 2 6 15 7 13 4 7 15 8 11 4 5 5 19 4 8 18 7 3 6 11 3 16 1 1 17 5 4 11 1 9 2 18 6 18 3 13 3 4 5 5 2 8 18 2 3 18 4 5 4 5 7 2 1 7 2 3 19 
12 5 6 17 2 26 43 6 50 65 9 73 88 8 96 111 6 123 130 9 144 155 6 169 176 12 188 203 2 214 223 4 235 248 6 259 270 
7 1 2 10 5 15 21 8 25 35 2 38 46 1 51 57 4 61 71 5 74 82 
9 17 3 27 3 35 55 10 64 86 6 100 110 6 124 146 2 155 175 14 183 207 10 219 231 18 244 266 
10 6 5 12 6 22 29 5 38 47 2 53 66 2 74 79 5 90 97 3 105 116 4 124 131 2 142 147 6 156 167 
5 6 7 23 5 38 52 13 63 87 1 100 110 9 127 143 
7 14 6 26 9 41 55 10 71 89 4 107 117 16 133 155 10 169 183 6 201 215 
5 8 8 26 13 39 63 4 80 90 7 114 124 8 147 159 
14 3 4 11 1 19 26 4 35 40 1 47 58 6 62 73 5 77 88 3 92 103 3 107 118 2 124 131 6 137 148 6 152 163 4 169 176 3 184 191 6 197 208 
