30 5 1.50837988826816
7 2 4 25 2 12 2 1 12 4 22 1 2 14 1 3 10 2 3 16 1 10 1 1 29 1 2 26 
5 1 2 18 2 4 17 5 18 2 3 10 4 22 1 3 10 2 2 15 4 19 
7 1 5 11 2 3 10 4 22 2 4 17 5 18 1 2 14 1 3 10 1 1 29 1 5 22 
5 1 4 14 2 3 10 4 10 1 2 18 2 2 15 4 19 2 5 24 1 25 
5 1 2 18 2 3 18 4 11 2 2 15 4 19 2 4 17 5 18 1 2 14 
6 2 1 12 4 22 2 3 16 1 10 1 5 11 2 3 18 4 11 2 3 28 4 22 1 5 22 
5 2 4 25 2 12 1 5 11 2 1 28 3 23 2 5 24 1 25 1 3 10 
5 1 5 22 1 4 14 2 2 15 4 19 1 2 14 1 2 14 
5 2 2 15 4 19 1 5 11 2 4 25 2 12 1 4 14 1 2 14 
7 1 3 22 1 5 22 1 3 10 2 3 10 4 10 2 3 18 4 11 2 3 28 4 22 1 5 22 
7 2 3 20 4 14 1 5 22 2 3 13 4 12 2 2 15 4 19 1 3 10 2 1 12 4 22 1 2 18 
5 1 3 10 1 1 23 1 3 22 1 5 22 2 3 16 1 10 
6 1 4 14 2 1 12 4 22 1 3 10 2 2 22 3 21 1 2 18 1 3 22 
7 2 1 28 3 23 2 3 20 4 14 1 2 18 2 2 22 3 21 1 1 23 2 3 28 4 22 1 5 11 
6 1 5 22 1 2 14 1 2 14 1 3 22 2 1 28 3 23 1 5 22 
6 2 3 10 4 22 2 3 20 5 23 1 3 10 1 5 22 1 1 23 2 4 25 2 12 
7 2 4 24 3 22 2 3 13 4 12 2 1 12 4 22 1 3 10 2 5 24 1 25 2 4 17 5 18 1 2 14 
5 2 5 24 1 25 1 5 22 2 3 13 4 12 2 2 22 3 21 2 3 20 5 23 
6 1 3 22 2 4 25 2 12 1 5 22 2 1 12 4 22 1 2 18 1 3 10 
7 1 1 29 2 1 12 4 22 2 3 18 4 11 1 2 14 2 3 20 5 23 2 4 17 5 18 1 1 23 
7 2 4 25 2 12 2 2 22 3 21 1 3 22 1 2 18 1 2 14 2 3 20 5 23 1 5 22 
5 2 4 24 3 22 1 5 22 2 3 20 5 23 1 3 10 1 4 14 
6 1 2 14 1 3 10 2 4 25 2 12 2 3 18 4 11 2 3 20 5 23 1 2 14 
7 1 3 10 2 2 22 3 21 1 4 14 2 1 28 3 23 2 4 25 2 12 2 1 12 4 22 1 3 22 
6 2 3 16 1 10 1 2 18 2 5 24 1 25 1 1 23 1 5 22 2 3 10 4 22 
6 2 5 24 1 25 2 3 10 4 22 1 2 14 1 2 14 1 4 14 1 2 18 
6 1 2 26 2 4 24 3 22 2 1 28 3 23 2 3 16 1 10 2 2 22 3 21 2 5 24 1 25 
5 2 1 12 4 22 2 1 28 3 23 2 3 28 4 22 1 5 11 2 3 18 4 11 
6 2 3 18 4 11 1 3 10 2 3 20 5 23 2 3 10 4 10 2 3 28 4 22 2 2 22 3 21 
6 2 3 20 5 23 1 4 14 1 5 22 2 3 10 4 22 2 3 20 4 14 1 2 26 
9 5 16 35 29 60 93 14 115 140 15 170 187 25 216 243 11 264 297 18 322 341 17 372 393 10 427 440 
5 93 17 111 4 168 216 65 276 364 29 421 475 18 540 612 
7 79 16 103 41 153 204 3 269 326 56 375 458 1 510 561 13 622 687 25 757 790 
14 28 8 40 5 63 81 19 102 138 16 158 178 27 201 231 1 255 273 24 298 326 18 349 371 6 390 426 1 449 463 1 491 517 8 536 568 17 586 614 6 633 663 
9 39 15 56 14 84 129 3 164 191 1 235 262 29 297 342 5 381 400 12 438 485 37 510 555 9 578 629 
