30 10 1.49222797927461
6 1 10 28 2 9 14 6 10 2 5 22 10 15 2 7 24 5 18 2 3 10 1 10 1 8 18 
6 2 3 12 9 12 2 9 14 6 10 1 5 17 1 7 10 1 1 15 2 10 12 5 11 
6 2 1 22 5 29 1 5 28 2 3 18 7 16 1 8 18 2 7 17 4 19 2 9 14 6 10 
8 1 2 13 2 3 12 9 12 2 8 26 6 26 1 8 22 1 8 13 1 7 10 1 6 23 2 3 10 1 10 
8 2 7 17 4 19 1 5 28 2 10 28 4 20 2 5 16 6 11 1 8 22 1 5 17 2 5 22 10 15 2 8 26 6 26 
7 2 7 17 4 19 1 7 11 2 3 18 7 16 1 1 15 1 5 28 1 8 19 2 6 29 8 16 
5 2 7 24 5 18 2 10 12 5 11 1 7 29 2 9 14 6 10 1 8 22 
6 2 3 10 1 10 2 7 11 5 25 2 10 28 4 20 1 2 13 1 8 18 1 7 10 
6 2 10 28 4 20 2 7 11 5 25 2 3 12 9 12 1 8 19 1 7 11 1 6 23 
5 2 10 28 4 20 2 7 11 5 25 2 9 14 6 10 2 9 12 2 23 2 3 10 1 10 
5 1 5 28 1 8 19 2 9 14 6 10 1 7 29 2 10 28 4 20 
7 1 6 23 2 3 18 7 16 2 1 22 5 29 1 8 18 1 5 17 1 8 22 1 7 10 
5 1 10 28 2 3 18 7 16 1 7 11 1 6 23 1 8 19 
5 1 7 10 2 5 16 6 11 2 8 26 6 26 2 7 24 5 18 1 7 29 
6 2 9 14 6 10 2 5 22 10 15 2 7 11 5 25 2 10 28 4 20 2 10 14 7 26 1 7 10 
8 2 10 12 5 11 2 7 11 5 25 1 7 10 1 5 28 1 8 19 1 2 13 1 5 17 2 3 12 9 12 
7 1 7 10 2 3 10 1 10 2 10 14 7 26 1 10 28 1 7 11 1 1 15 1 7 29 
5 1 8 22 1 2 13 1 1 15 2 3 10 1 10 2 1 22 5 29 
9 1 8 13 1 5 28 1 7 10 2 3 12 9 12 2 10 28 4 20 2 6 29 8 16 1 2 13 1 8 19 1 8 18 
8 1 7 10 1 2 13 2 10 14 7 26 1 6 23 1 7 29 2 10 12 5 11 2 1 22 5 29 1 7 11 
7 2 7 11 5 25 1 6 23 2 10 28 4 20 1 7 29 1 5 17 2 7 24 5 18 2 6 29 8 16 
6 2 5 16 6 11 1 8 19 1 7 10 2 1 22 5 29 1 5 28 2 7 24 5 18 
8 2 3 18 7 16 1 1 15 1 8 13 1 7 10 1 7 11 2 7 17 4 19 1 8 19 2 1 22 5 29 
7 1 7 29 2 10 28 4 20 2 5 22 10 15 1 6 23 2 10 12 5 11 2 6 29 8 16 1 7 10 
9 2 10 28 4 20 2 9 14 6 10 1 10 28 1 2 13 1 8 19 2 7 17 4 19 2 5 16 6 11 1 7 11 1 6 23 
6 2 9 12 2 23 1 7 10 1 10 28 2 10 12 5 11 2 10 14 7 26 2 9 14 6 10 
5 2 9 12 2 23 1 1 15 2 5 22 10 15 1 7 11 1 6 23 
6 1 8 22 1 1 15 2 7 17 4 19 2 3 18 7 16 1 8 13 2 10 14 7 26 
5 1 8 22 2 7 11 5 25 1 8 19 2 3 18 7 16 1 6 23 
6 1 8 22 2 7 11 5 25 1 7 10 2 9 14 6 10 2 3 10 1 10 2 9 12 2 23 
5 14 13 29 8 51 75 13 92 118 14 137 157 3 179 199 
3 9 8 38 10 54 84 21 100 130 
4 4 8 24 5 36 60 14 72 88 8 104 120 
4 13 7 33 12 52 68 4 86 114 4 128 152 
9 52 9 62 28 88 125 19 166 189 15 236 261 18 306 333 12 376 405 9 446 477 34 511 554 15 576 631 
6 23 17 50 19 87 114 32 143 192 20 210 259 29 280 323 21 348 389 
8 53 13 77 45 111 159 2 203 247 11 298 332 22 389 421 63 463 527 9 553 617 21 663 687 
3 27 51 142 41 233 346 2 424 541 
5 3 8 17 5 30 45 10 53 72 15 78 97 12 105 120 
8 8 13 36 5 59 88 4 113 132 14 156 187 17 205 236 9 255 284 6 312 325 6 359 376 
