10 10 3.0
15 4 2 8 6 3 7 2 9 5 2 9 7 1 2 5 7 4 1 4 9 1 2 7 10 4 2 1 1 8 2 3 7 5 3 8 5 8 5 1 3 8 8 2 5 3 8 10 9 3 5 6 1 1 6 2 5 2 5 1 9 9 1 5 7 4 6 2 10 6 1 2 2 7 9 5 6 2 4 8 7 2 5 2 1 5 8 4 2 1 8 3 7 3 10 2 8 9 4 5 3 7 5 3 7 9 3 3 9 4 5 8 1 1 
15 5 1 3 8 8 2 5 3 8 10 9 5 7 4 1 4 9 1 2 7 10 4 3 5 6 1 1 6 2 5 2 1 5 8 4 2 1 8 3 7 2 4 8 7 2 2 10 6 1 2 3 10 2 8 9 4 5 2 7 9 5 6 3 7 5 3 7 9 3 3 7 5 3 8 5 8 3 9 4 5 8 1 1 2 9 7 1 2 2 1 1 8 2 4 2 8 6 3 7 2 9 5 5 2 5 1 9 9 1 5 7 4 6 
15 2 1 1 8 2 2 7 9 5 6 2 10 6 1 2 2 4 8 7 2 5 2 1 5 8 4 2 1 8 3 7 3 9 4 5 8 1 1 2 9 7 1 2 3 7 5 3 7 9 3 5 7 4 1 4 9 1 2 7 10 4 4 2 8 6 3 7 2 9 5 5 1 3 8 8 2 5 3 8 10 9 3 10 2 8 9 4 5 5 2 5 1 9 9 1 5 7 4 6 3 5 6 1 1 6 2 3 7 5 3 8 5 8 
15 3 5 6 1 1 6 2 5 2 5 1 9 9 1 5 7 4 6 5 1 3 8 8 2 5 3 8 10 9 5 2 1 5 8 4 2 1 8 3 7 2 4 8 7 2 2 10 6 1 2 3 7 5 3 8 5 8 2 9 7 1 2 3 7 5 3 7 9 3 3 9 4 5 8 1 1 4 2 8 6 3 7 2 9 5 2 1 1 8 2 5 7 4 1 4 9 1 2 7 10 4 2 7 9 5 6 3 10 2 8 9 4 5 
15 3 10 2 8 9 4 5 2 1 1 8 2 3 9 4 5 8 1 1 2 9 7 1 2 3 7 5 3 8 5 8 5 2 1 5 8 4 2 1 8 3 7 3 5 6 1 1 6 2 3 7 5 3 7 9 3 4 2 8 6 3 7 2 9 5 2 10 6 1 2 5 7 4 1 4 9 1 2 7 10 4 2 7 9 5 6 5 2 5 1 9 9 1 5 7 4 6 5 1 3 8 8 2 5 3 8 10 9 2 4 8 7 2 
15 3 7 5 3 8 5 8 5 1 3 8 8 2 5 3 8 10 9 2 7 9 5 6 3 5 6 1 1 6 2 5 2 5 1 9 9 1 5 7 4 6 2 4 8 7 2 2 9 7 1 2 5 2 1 5 8 4 2 1 8 3 7 5 7 4 1 4 9 1 2 7 10 4 4 2 8 6 3 7 2 9 5 2 1 1 8 2 3 7 5 3 7 9 3 2 10 6 1 2 3 9 4 5 8 1 1 3 10 2 8 9 4 5 
15 3 5 6 1 1 6 2 3 10 2 8 9 4 5 3 7 5 3 8 5 8 5 1 3 8 8 2 5 3 8 10 9 2 1 1 8 2 2 9 7 1 2 5 2 1 5 8 4 2 1 8 3 7 3 7 5 3 7 9 3 5 7 4 1 4 9 1 2 7 10 4 3 9 4 5 8 1 1 2 10 6 1 2 4 2 8 6 3 7 2 9 5 2 7 9 5 6 2 4 8 7 2 5 2 5 1 9 9 1 5 7 4 6 
15 5 7 4 1 4 9 1 2 7 10 4 3 7 5 3 7 9 3 3 7 5 3 8 5 8 2 1 1 8 2 3 5 6 1 1 6 2 5 2 5 1 9 9 1 5 7 4 6 3 10 2 8 9 4 5 3 9 4 5 8 1 1 2 9 7 1 2 4 2 8 6 3 7 2 9 5 5 1 3 8 8 2 5 3 8 10 9 2 4 8 7 2 2 10 6 1 2 5 2 1 5 8 4 2 1 8 3 7 2 7 9 5 6 
15 4 2 8 6 3 7 2 9 5 3 9 4 5 8 1 1 3 7 5 3 8 5 8 5 7 4 1 4 9 1 2 7 10 4 5 2 1 5 8 4 2 1 8 3 7 2 4 8 7 2 2 9 7 1 2 3 10 2 8 9 4 5 5 1 3 8 8 2 5 3 8 10 9 2 10 6 1 2 5 2 5 1 9 9 1 5 7 4 6 3 7 5 3 7 9 3 2 7 9 5 6 2 1 1 8 2 3 5 6 1 1 6 2 
15 2 1 1 8 2 4 2 8 6 3 7 2 9 5 3 10 2 8 9 4 5 3 7 5 3 8 5 8 3 7 5 3 7 9 3 2 10 6 1 2 2 7 9 5 6 3 9 4 5 8 1 1 5 7 4 1 4 9 1 2 7 10 4 5 2 5 1 9 9 1 5 7 4 6 5 1 3 8 8 2 5 3 8 10 9 3 5 6 1 1 6 2 5 2 1 5 8 4 2 1 8 3 7 2 4 8 7 2 2 9 7 1 2 
7 6 1 11 2 14 22 3 26 34 1 39 45 3 49 59 4 63 69 4 74 82 
13 1 0 5 1 6 9 1 10 15 2 16 19 2 21 24 1 26 29 1 31 34 1 36 39 1 40 45 2 46 49 1 51 54 2 56 59 2 61 64 
10 3 2 6 3 9 15 1 18 22 4 25 31 1 34 38 4 41 47 3 49 55 1 58 62 4 65 71 4 73 79 
3 4 7 18 1 33 42 3 57 68 
11 5 3 10 1 16 23 8 28 37 1 42 49 2 56 61 7 67 76 4 81 88 3 94 101 3 107 114 4 121 126 1 134 139 
4 1 0 4 1 5 7 1 8 12 2 12 16 
15 2 2 5 2 9 12 2 16 19 3 22 27 3 29 34 2 37 40 2 43 48 4 50 55 3 57 62 2 64 69 1 71 76 1 79 82 1 85 90 1 93 96 1 99 104 
6 4 2 8 2 12 18 7 21 29 1 31 39 1 42 48 3 52 58 
5 4 2 13 1 18 27 6 32 43 2 49 56 1 62 73 
4 7 3 13 7 19 29 5 35 45 3 51 61 
