15 4 1.5
6 2 3 5 2 7 2 1 8 4 8 2 1 6 2 5 1 3 7 2 4 5 2 6 2 4 5 1 5 
5 1 3 7 2 1 6 2 5 1 4 6 2 4 5 2 6 2 1 8 2 6 
8 2 4 7 3 9 2 3 5 2 7 2 4 5 1 5 2 1 8 4 8 2 1 6 2 5 1 4 6 2 1 8 2 6 2 4 9 3 6 
7 2 4 5 1 5 2 4 7 3 9 2 1 8 4 8 1 4 8 2 1 8 2 6 2 4 5 2 6 1 4 6 
6 2 3 7 1 5 2 4 6 2 7 2 4 7 3 9 1 3 8 2 3 5 2 7 2 1 8 2 6 
9 1 4 6 2 4 5 2 6 1 3 8 2 3 7 1 5 2 4 6 2 7 1 4 8 2 1 8 2 6 2 1 8 4 8 2 4 5 1 5 
5 1 3 8 2 4 7 3 9 2 1 6 2 5 2 4 6 2 7 1 3 7 
8 2 3 7 1 5 1 3 8 2 4 7 3 9 2 4 5 1 5 1 3 7 1 4 8 2 4 9 3 6 2 1 6 2 5 
9 2 3 5 2 7 1 4 8 2 4 5 2 6 2 1 6 2 5 1 4 6 2 1 8 4 9 2 1 8 4 8 2 1 8 2 6 1 3 7 
9 2 1 8 2 6 2 1 8 4 8 2 1 8 4 9 2 4 9 3 6 2 1 6 2 5 1 3 8 1 3 7 1 4 6 2 4 5 2 6 
7 2 1 8 2 6 2 1 8 4 8 2 1 6 2 5 1 3 7 1 4 6 1 3 8 2 4 9 3 6 
6 1 4 8 1 3 7 2 4 7 3 9 2 1 6 2 5 1 3 8 2 1 8 4 8 
7 1 4 8 2 4 9 3 6 2 1 8 4 8 2 4 6 2 7 2 4 6 2 7 2 1 8 2 6 2 3 7 1 5 
7 2 1 6 2 5 2 3 7 1 5 2 1 8 4 8 2 1 8 2 6 2 4 5 1 5 2 4 6 2 7 1 4 6 
7 1 3 8 2 1 8 4 9 2 4 9 3 6 1 3 7 2 4 5 2 6 2 1 8 2 6 2 1 6 2 5 
3 15 13 40 8 64 95 4 125 140 
7 4 4 13 9 19 32 3 36 49 6 54 65 2 72 81 1 87 100 7 106 115 
9 10 4 19 1 29 40 7 51 64 4 73 88 14 95 112 1 120 133 11 143 156 1 168 177 9 189 202 
10 3 8 17 5 29 46 5 55 70 1 84 91 8 106 119 3 132 143 7 155 170 4 184 191 11 204 221 7 233 242 
