20 15 3.0
12 2 6 5 2 5 2 7 11 6 11 1 2 5 4 8 10 3 18 4 10 9 7 2 7 9 1 7 4 1 8 7 14 9 12 4 7 3 4 13 8 8 2 6 5 3 8 1 19 9 13 10 19 2 16 5 2 16 10 9 3 12 4 11 5 15 2 9 10 10 5 3 7 5 2 8 4 7 4 1 6 6 13 5 11 10 7 
13 2 7 11 6 11 4 2 16 10 9 5 9 8 16 2 6 5 2 5 2 2 11 1 9 2 3 12 7 15 4 4 11 10 14 5 10 7 15 4 3 8 1 12 5 5 13 11 5 3 8 1 19 9 13 10 19 2 16 3 4 13 8 8 2 6 4 8 10 3 18 4 10 9 7 4 1 16 5 11 10 17 3 6 2 9 10 10 5 2 5 11 2 11 
11 4 3 8 1 12 5 5 13 11 2 2 11 1 9 2 7 9 1 7 2 6 5 2 5 4 1 6 6 13 5 11 10 7 2 9 10 10 5 5 3 8 1 19 9 13 10 19 2 16 4 8 10 3 18 4 10 9 7 4 2 16 10 9 5 9 8 16 2 3 12 7 15 2 2 5 9 19 
11 4 4 11 10 14 5 10 7 15 5 3 8 1 19 9 13 10 19 2 16 1 5 15 1 2 5 2 9 10 10 5 2 7 11 6 11 4 1 16 5 11 10 17 3 6 2 10 13 6 11 2 2 5 9 19 3 4 13 8 8 2 6 4 8 10 3 18 4 10 9 7 
14 2 7 11 6 11 2 9 10 10 5 4 5 11 7 8 10 11 2 16 2 10 13 6 11 4 1 16 5 11 10 17 3 6 2 7 9 1 7 4 3 8 1 12 5 5 13 11 1 2 5 4 2 16 10 9 5 9 8 16 3 1 15 2 19 9 9 4 1 6 6 13 5 11 10 7 2 2 11 1 9 4 4 11 10 14 5 10 7 15 5 3 8 1 19 9 13 10 19 2 16 
11 3 1 15 2 19 9 9 2 7 9 1 7 4 8 10 3 18 4 10 9 7 2 2 5 9 19 4 5 11 7 8 10 11 2 16 4 1 6 6 13 5 11 10 7 2 7 11 6 11 1 2 5 3 7 5 2 8 4 7 4 3 8 1 12 5 5 13 11 1 5 15 
14 1 2 5 2 7 11 6 11 2 2 11 1 9 2 9 10 10 5 4 8 10 3 18 4 10 9 7 3 1 15 2 19 9 9 3 7 5 2 8 4 7 4 2 16 10 9 5 9 8 16 4 1 6 6 13 5 11 10 7 1 5 15 4 7 13 10 19 6 18 4 8 4 3 8 1 12 5 5 13 11 4 1 16 5 11 10 17 3 6 2 7 9 1 7 
13 4 8 10 3 18 4 10 9 7 2 10 13 6 11 4 5 11 7 8 10 11 2 16 3 4 13 8 8 2 6 5 2 16 10 9 3 12 4 11 5 15 3 1 15 2 19 9 9 4 3 8 1 12 5 5 13 11 3 7 5 2 8 4 7 4 7 13 10 19 6 18 4 8 4 1 6 6 13 5 11 10 7 2 6 5 2 5 4 1 16 5 11 10 17 3 6 4 2 16 10 9 5 9 8 16 
11 2 7 11 6 11 3 7 5 2 8 4 7 4 8 10 3 18 4 10 9 7 2 9 10 10 5 4 2 16 10 9 5 9 8 16 3 4 13 8 8 2 6 4 7 13 10 19 6 18 4 8 5 2 16 10 9 3 12 4 11 5 15 4 1 8 7 14 9 12 4 7 2 6 5 2 5 2 2 11 1 9 
12 2 9 10 10 5 1 5 15 2 2 5 9 19 3 1 15 2 19 9 9 5 2 16 10 9 3 12 4 11 5 15 4 1 6 6 13 5 11 10 7 4 2 16 10 9 5 9 8 16 4 1 16 5 11 10 17 3 6 2 6 5 2 5 2 3 12 7 15 4 4 11 10 14 5 10 7 15 4 8 10 3 18 4 10 9 7 
10 5 2 16 10 9 3 12 4 11 5 15 4 5 11 7 8 10 11 2 16 4 7 13 10 19 6 18 4 8 2 9 10 10 5 1 5 15 2 2 11 1 9 3 4 13 8 8 2 6 2 2 5 9 19 4 8 10 3 18 4 10 9 7 4 1 16 5 11 10 17 3 6 
11 2 10 13 6 11 1 5 15 2 9 10 10 5 4 1 8 7 14 9 12 4 7 4 3 8 1 12 5 5 13 11 3 4 13 8 8 2 6 3 7 5 2 8 4 7 1 2 5 4 1 6 6 13 5 11 10 7 4 2 16 10 9 5 9 8 16 2 7 9 1 7 
11 3 7 5 2 8 4 7 2 2 5 9 19 4 1 8 7 14 9 12 4 7 4 5 11 7 8 10 11 2 16 3 1 15 2 19 9 9 4 1 16 5 11 10 17 3 6 2 6 5 2 5 2 7 11 6 11 5 3 8 1 19 9 13 10 19 2 16 4 8 10 3 18 4 10 9 7 3 4 13 8 8 2 6 
10 2 5 11 2 11 4 8 10 3 18 4 10 9 7 2 7 9 1 7 2 6 5 2 5 4 3 8 1 12 5 5 13 11 1 5 15 2 9 10 10 5 4 1 16 5 11 10 17 3 6 3 4 13 8 8 2 6 2 3 12 7 15 
12 4 8 10 3 18 4 10 9 7 1 5 15 3 1 15 2 19 9 9 4 7 13 10 19 6 18 4 8 4 2 16 10 9 5 9 8 16 4 1 8 7 14 9 12 4 7 3 7 5 2 8 4 7 2 10 13 6 11 2 9 10 10 5 2 3 12 7 15 2 6 5 2 5 4 3 8 1 12 5 5 13 11 
14 2 7 11 6 11 1 5 15 2 2 5 9 19 4 1 8 7 14 9 12 4 7 1 2 5 4 3 8 1 12 5 5 13 11 3 4 13 8 8 2 6 3 1 15 2 19 9 9 4 4 11 10 14 5 10 7 15 2 6 5 2 5 2 9 10 10 5 2 5 11 2 11 5 3 8 1 19 9 13 10 19 2 16 2 10 13 6 11 
13 4 7 13 10 19 6 18 4 8 5 2 16 10 9 3 12 4 11 5 15 3 4 13 8 8 2 6 2 7 11 6 11 2 10 13 6 11 4 2 16 10 9 5 9 8 16 4 8 10 3 18 4 10 9 7 4 3 8 1 12 5 5 13 11 2 6 5 2 5 2 7 9 1 7 4 1 16 5 11 10 17 3 6 2 2 5 9 19 5 3 8 1 19 9 13 10 19 2 16 
11 4 7 13 10 19 6 18 4 8 4 1 6 6 13 5 11 10 7 4 2 16 10 9 5 9 8 16 2 10 13 6 11 2 2 5 9 19 2 5 11 2 11 5 2 16 10 9 3 12 4 11 5 15 2 6 5 2 5 3 1 15 2 19 9 9 1 2 5 4 4 11 10 14 5 10 7 15 
13 2 2 5 9 19 2 6 5 2 5 3 4 13 8 8 2 6 2 7 9 1 7 2 3 12 7 15 1 5 15 4 1 16 5 11 10 17 3 6 3 1 15 2 19 9 9 2 10 13 6 11 2 2 11 1 9 3 7 5 2 8 4 7 4 3 8 1 12 5 5 13 11 4 5 11 7 8 10 11 2 16 
13 4 1 16 5 11 10 17 3 6 3 1 15 2 19 9 9 4 3 8 1 12 5 5 13 11 2 2 5 9 19 4 2 16 10 9 5 9 8 16 1 5 15 4 5 11 7 8 10 11 2 16 4 8 10 3 18 4 10 9 7 2 7 11 6 11 4 1 8 7 14 9 12 4 7 4 7 13 10 19 6 18 4 8 2 3 12 7 15 2 7 9 1 7 
20 8 2 12 2 16 26 2 33 37 4 46 52 8 58 68 2 74 80 2 88 94 9 100 110 2 114 124 1 130 136 2 145 149 3 159 163 2 172 178 5 185 193 9 198 208 4 214 220 4 227 235 1 242 248 6 255 263 4 269 277 
22 2 4 15 6 24 33 1 44 51 6 60 73 5 78 93 1 101 108 11 117 130 1 139 146 5 157 166 5 177 184 3 193 206 6 215 222 2 233 242 3 251 262 2 269 282 4 290 299 4 309 318 5 329 336 4 348 355 3 365 376 1 384 395 1 404 413 
14 6 1 13 8 16 26 1 32 38 5 46 52 8 58 68 3 73 81 3 86 96 3 103 107 5 114 124 3 129 137 4 142 152 1 158 164 5 170 180 4 185 193 
7 8 4 21 2 31 44 2 56 69 4 83 92 15 104 121 7 133 142 4 155 170 
2 13 56 116 35 228 288 
5 23 5 37 13 53 73 9 94 116 12 137 157 4 176 202 
16 9 2 15 1 22 29 3 40 45 8 54 65 2 73 80 1 90 97 3 106 115 8 122 133 6 140 149 3 159 164 3 175 182 3 191 200 6 206 219 1 227 232 6 240 253 8 258 269 
9 2 4 10 3 16 26 2 31 39 1 44 54 3 58 68 3 75 79 4 88 94 6 100 110 5 115 123 
11 7 8 17 5 29 46 10 54 71 8 81 94 10 105 120 4 132 143 10 153 172 6 182 193 13 205 220 4 230 245 2 258 267 
14 4 7 15 1 27 39 5 51 59 1 71 83 3 94 104 7 114 128 5 135 151 4 161 169 7 183 191 8 202 216 5 225 237 1 247 259 11 267 283 13 289 305 
2 1 0 0 1 0 0 
2 1 0 0 1 0 0 
4 4 1 8 3 11 16 2 19 26 2 29 34 
2 1 0 0 1 0 0 
2 1 0 0 1 0 0 
