20 10 1.5
10 2 7 18 4 5 2 5 7 7 7 1 3 19 1 7 14 2 4 5 10 12 1 1 10 1 10 18 2 7 10 8 19 2 3 11 8 9 2 3 5 8 12 
12 1 2 5 2 7 18 4 5 2 3 5 8 12 1 1 10 1 10 19 2 3 15 4 19 1 7 14 1 5 9 2 5 14 9 5 1 1 19 2 7 10 8 19 1 1 16 
14 2 5 14 9 5 1 1 19 1 1 10 1 3 19 2 7 18 4 5 2 4 5 10 12 2 3 5 8 12 1 10 10 1 5 9 1 1 7 2 7 10 8 19 1 1 10 1 10 19 1 10 18 
10 1 10 10 2 5 7 7 7 1 7 14 1 1 10 1 10 18 2 3 15 7 13 2 10 14 5 7 2 3 11 8 9 1 9 11 1 5 9 
12 1 5 9 2 5 14 9 5 2 7 18 4 5 2 3 11 8 9 1 1 10 1 9 11 1 1 7 1 7 14 2 4 5 10 12 2 3 15 4 19 1 8 18 1 10 19 
10 2 3 15 7 13 1 3 19 1 5 9 1 10 19 2 3 5 8 12 2 7 18 4 5 2 8 14 10 9 2 4 5 10 12 1 10 18 1 1 7 
12 1 1 10 1 10 18 1 1 7 1 5 9 2 8 14 10 9 2 7 10 8 19 2 3 15 4 19 2 10 14 5 7 1 8 18 1 10 19 1 1 19 1 1 10 
11 1 1 10 1 7 14 1 1 10 2 3 15 4 19 2 5 14 9 5 2 7 18 4 5 1 3 19 1 1 19 2 4 5 10 12 1 5 9 1 10 19 
14 2 7 10 8 19 2 8 14 10 9 1 1 19 1 10 19 2 10 14 5 7 1 2 5 2 4 5 10 12 2 5 7 7 7 1 1 16 1 1 7 1 9 11 1 3 19 1 1 10 1 10 18 
11 1 10 19 2 10 14 5 7 1 8 18 2 3 11 8 9 1 1 7 1 1 10 2 5 14 9 5 2 3 15 4 19 1 10 18 1 3 19 1 1 19 
11 2 5 14 9 5 1 1 10 1 8 18 2 3 15 4 19 2 7 10 8 19 2 3 5 8 12 2 3 11 8 9 2 8 14 10 9 1 10 10 1 9 11 1 3 19 
10 1 10 19 2 3 11 8 9 2 5 7 7 7 1 1 16 1 7 14 2 7 18 4 5 2 4 5 10 12 1 1 10 1 8 18 2 5 14 9 5 
11 2 10 14 5 7 1 10 19 2 7 10 8 19 2 3 15 4 19 1 1 19 1 8 18 2 8 14 10 9 2 3 11 8 9 1 10 18 2 5 14 9 5 1 2 5 
11 1 1 10 2 5 7 7 7 1 1 10 1 9 11 1 7 14 2 3 15 7 13 2 8 14 10 9 1 1 16 2 3 5 8 12 2 5 14 9 5 1 2 5 
11 2 5 14 9 5 2 5 7 7 7 1 7 14 1 10 10 2 7 10 8 19 2 3 15 4 19 2 7 18 4 5 1 1 7 2 3 11 8 9 1 1 19 1 8 18 
11 1 2 5 2 7 10 8 19 1 10 10 1 9 11 1 8 18 2 10 14 5 7 2 5 14 9 5 1 1 10 1 1 19 2 3 15 7 13 2 8 14 10 9 
13 1 10 10 2 5 14 9 5 1 5 9 1 10 19 1 1 10 2 3 5 8 12 1 2 5 2 10 14 5 7 1 1 10 2 8 14 10 9 2 3 15 7 13 1 1 16 1 7 14 
11 2 3 15 7 13 1 2 5 1 10 19 1 3 19 1 8 18 1 1 7 1 5 9 1 7 14 2 7 18 4 5 1 1 10 2 5 14 9 5 
10 2 7 10 8 19 1 2 5 2 3 11 8 9 1 9 11 2 4 5 10 12 1 10 18 2 7 18 4 5 2 8 14 10 9 2 3 5 8 12 1 10 19 
10 1 10 18 1 10 10 1 7 14 1 9 11 2 3 15 7 13 1 2 5 2 8 14 10 9 2 3 5 8 12 1 5 9 1 1 16 
5 2 32 73 2 123 192 37 231 294 22 340 395 10 449 496 
3 2 2 13 5 18 27 6 33 42 
8 6 14 29 7 51 78 13 100 115 2 134 167 11 185 202 19 221 252 13 272 287 18 310 335 
5 6 8 17 7 33 42 7 56 69 2 81 94 1 108 117 
7 18 5 28 3 40 59 12 71 94 4 103 128 6 141 156 10 176 187 9 208 221 
2 1 0 0 1 0 0 
4 42 13 78 18 119 154 11 214 241 45 287 350 
9 6 10 37 7 62 79 13 109 126 25 150 179 14 203 220 4 251 266 11 292 319 2 342 363 14 391 408 
2 18 16 45 13 72 111 
5 70 21 107 48 154 230 22 278 362 30 423 473 59 546 606 
