30 10 3.36796536796537
7 3 1 15 7 11 8 26 5 2 15 1 29 8 21 6 22 10 27 2 1 19 3 11 4 4 21 1 16 5 22 2 23 1 8 13 4 10 24 6 20 3 12 4 11 4 4 18 8 25 9 24 1 12 
7 4 5 29 2 28 1 23 10 16 1 8 13 5 2 15 1 29 8 21 6 22 10 27 2 2 21 10 18 1 1 23 2 2 24 3 18 4 10 11 8 21 5 10 2 14 
8 5 2 20 3 18 8 15 4 19 5 17 5 2 15 1 29 8 21 6 22 10 27 3 1 15 7 11 8 26 4 10 27 2 25 7 16 9 11 4 2 10 7 21 10 17 5 18 1 3 18 2 9 29 1 29 1 1 23 
9 5 2 15 1 29 8 21 6 22 10 27 4 4 21 1 16 5 22 2 23 5 5 21 7 29 9 25 4 27 3 14 3 1 15 7 11 8 26 3 4 24 7 18 8 22 2 2 21 10 18 5 4 13 2 16 8 24 6 17 7 22 4 10 27 2 25 7 16 9 11 4 4 14 7 25 6 24 9 21 
6 5 4 13 2 16 8 24 6 17 7 22 3 1 15 7 11 8 26 4 10 27 2 25 7 16 9 11 4 10 11 8 21 5 10 2 14 2 9 29 1 29 2 2 21 10 18 
7 5 5 21 7 29 9 25 4 27 3 14 5 2 20 3 18 8 15 4 19 5 17 4 4 18 8 25 9 24 1 12 5 7 15 9 16 4 11 8 23 6 24 4 10 27 2 25 7 16 9 11 4 10 24 6 20 3 12 4 11 3 4 19 10 10 2 10 
9 2 1 19 3 11 1 1 23 1 8 13 2 2 21 10 18 5 2 15 1 29 8 21 6 22 10 27 3 4 24 7 18 8 22 1 1 17 5 7 15 9 16 4 11 8 23 6 24 4 4 21 1 16 5 22 2 23 
9 4 4 21 1 16 5 22 2 23 5 2 15 1 29 8 21 6 22 10 27 2 2 21 10 18 2 9 29 1 29 1 1 17 3 4 24 7 18 8 22 1 8 13 4 4 19 1 29 2 24 10 11 5 2 20 3 18 8 15 4 19 5 17 
9 2 2 24 3 18 4 10 27 2 25 7 16 9 11 4 10 11 8 21 5 10 2 14 1 3 18 4 4 19 1 29 2 24 10 11 1 1 23 1 8 13 2 8 22 6 24 5 4 13 2 16 8 24 6 17 7 22 
9 5 7 15 9 16 4 11 8 23 6 24 4 4 19 1 29 2 24 10 11 2 2 24 3 18 5 2 15 1 29 8 21 6 22 10 27 5 5 21 7 29 9 25 4 27 3 14 2 1 19 3 11 1 3 18 2 9 29 1 29 5 4 13 2 16 8 24 6 17 7 22 
9 4 4 19 1 29 2 24 10 11 4 4 14 7 25 6 24 9 21 5 4 18 2 19 5 23 3 20 8 19 5 5 21 7 29 9 25 4 27 3 14 1 8 13 5 2 15 1 29 8 21 6 22 10 27 2 1 19 3 11 5 5 22 3 18 7 19 9 26 4 12 2 2 21 10 18 
5 4 10 27 2 25 7 16 9 11 5 5 21 7 29 9 25 4 27 3 14 1 3 18 4 4 21 1 16 5 22 2 23 5 2 20 3 18 8 15 4 19 5 17 
8 4 4 21 1 16 5 22 2 23 5 4 18 2 19 5 23 3 20 8 19 4 7 16 4 19 3 17 1 25 5 2 15 1 29 8 21 6 22 10 27 2 2 21 10 18 2 9 29 1 29 3 4 24 7 18 8 22 5 4 13 2 16 8 24 6 17 7 22 
8 5 5 21 7 29 9 25 4 27 3 14 4 7 16 4 19 3 17 1 25 2 9 29 1 29 4 4 18 8 25 9 24 1 12 4 5 29 2 28 1 23 10 16 2 8 22 6 24 4 4 14 7 25 6 24 9 21 4 4 19 1 29 2 24 10 11 
9 1 1 23 4 7 16 4 19 3 17 1 25 4 10 11 8 21 5 10 2 14 4 10 24 6 20 3 12 4 11 1 3 18 2 2 21 10 18 1 1 17 2 8 22 6 24 4 4 21 1 16 5 22 2 23 
7 4 9 15 8 10 3 18 1 22 5 2 15 1 29 8 21 6 22 10 27 1 3 18 5 5 21 7 29 9 25 4 27 3 14 2 2 21 10 18 1 1 23 5 2 20 3 18 8 15 4 19 5 17 
9 2 2 24 3 18 4 4 18 8 25 9 24 1 12 4 5 29 2 28 1 23 10 16 5 5 22 3 18 7 19 9 26 4 12 3 1 15 7 11 8 26 4 10 27 2 25 7 16 9 11 1 1 23 2 2 21 10 18 5 4 18 2 19 5 23 3 20 8 19 
8 2 8 22 6 24 4 5 29 2 28 1 23 10 16 2 2 24 3 18 5 2 20 3 18 8 15 4 19 5 17 5 7 15 9 16 4 11 8 23 6 24 3 4 24 7 18 8 22 4 4 14 7 25 6 24 9 21 3 1 15 7 11 8 26 
9 4 10 24 6 20 3 12 4 11 5 5 21 7 29 9 25 4 27 3 14 4 5 29 2 28 1 23 10 16 2 9 29 1 29 4 7 16 4 19 3 17 1 25 4 4 19 1 29 2 24 10 11 2 2 24 3 18 4 4 14 7 25 6 24 9 21 5 4 18 2 19 5 23 3 20 8 19 
6 4 4 21 1 16 5 22 2 23 5 7 15 9 16 4 11 8 23 6 24 3 4 24 7 18 8 22 4 9 15 8 10 3 18 1 22 1 1 17 5 4 18 2 19 5 23 3 20 8 19 
5 5 5 22 3 18 7 19 9 26 4 12 4 4 14 7 25 6 24 9 21 4 4 21 1 16 5 22 2 23 1 3 18 1 8 13 
9 4 10 11 8 21 5 10 2 14 5 2 20 3 18 8 15 4 19 5 17 1 8 13 5 5 22 3 18 7 19 9 26 4 12 1 1 23 5 7 15 9 16 4 11 8 23 6 24 2 9 29 1 29 2 8 22 6 24 1 3 18 
5 3 1 15 7 11 8 26 3 4 24 7 18 8 22 4 10 11 8 21 5 10 2 14 3 4 19 10 10 2 10 4 4 21 1 16 5 22 2 23 
9 4 5 29 2 28 1 23 10 16 5 4 13 2 16 8 24 6 17 7 22 5 5 21 7 29 9 25 4 27 3 14 3 1 15 7 11 8 26 2 9 29 1 29 5 4 18 2 19 5 23 3 20 8 19 2 2 21 10 18 4 4 21 1 16 5 22 2 23 4 2 10 7 21 10 17 5 18 
7 5 5 21 7 29 9 25 4 27 3 14 2 8 22 6 24 2 2 24 3 18 3 4 19 10 10 2 10 5 5 22 3 18 7 19 9 26 4 12 1 1 23 1 1 17 
6 2 2 21 10 18 4 2 10 7 21 10 17 5 18 3 1 15 7 11 8 26 4 4 14 7 25 6 24 9 21 5 5 21 7 29 9 25 4 27 3 14 5 2 15 1 29 8 21 6 22 10 27 
9 5 7 15 9 16 4 11 8 23 6 24 2 1 19 3 11 4 4 14 7 25 6 24 9 21 4 4 21 1 16 5 22 2 23 5 2 15 1 29 8 21 6 22 10 27 5 5 21 7 29 9 25 4 27 3 14 1 8 13 4 4 18 8 25 9 24 1 12 4 10 24 6 20 3 12 4 11 
7 2 1 19 3 11 4 4 14 7 25 6 24 9 21 4 9 15 8 10 3 18 1 22 4 4 18 8 25 9 24 1 12 3 4 19 10 10 2 10 4 10 24 6 20 3 12 4 11 1 1 17 
8 4 7 16 4 19 3 17 1 25 4 5 29 2 28 1 23 10 16 4 4 18 8 25 9 24 1 12 4 10 11 8 21 5 10 2 14 1 1 17 5 2 15 1 29 8 21 6 22 10 27 3 4 19 10 10 2 10 4 4 21 1 16 5 22 2 23 
8 4 4 21 1 16 5 22 2 23 2 9 29 1 29 3 1 15 7 11 8 26 5 4 13 2 16 8 24 6 17 7 22 4 7 16 4 19 3 17 1 25 4 4 18 8 25 9 24 1 12 3 4 24 7 18 8 22 5 7 15 9 16 4 11 8 23 6 24 
11 17 18 62 24 103 137 21 188 212 42 258 302 9 347 373 24 425 455 17 499 541 31 583 617 9 663 697 44 735 785 9 824 856 
23 1 9 17 4 30 48 3 59 71 9 81 101 5 112 122 6 133 153 1 163 175 11 188 202 13 211 231 11 240 254 9 266 280 2 294 304 10 319 331 8 346 356 3 371 383 13 395 411 13 419 439 3 450 460 14 473 489 8 502 512 4 529 537 8 554 564 7 579 591 
12 12 4 30 8 44 58 5 76 94 19 107 131 13 143 163 9 179 195 5 210 232 6 245 265 2 284 294 2 315 331 16 344 370 12 384 398 
14 4 10 24 7 42 60 8 78 92 12 109 129 7 143 163 4 181 193 5 213 229 2 250 260 9 276 302 12 316 330 3 348 366 9 382 400 10 414 436 6 453 465 
2 60 24 118 15 194 232 
13 8 5 17 1 30 36 4 50 60 5 69 85 13 92 106 10 115 127 8 135 151 10 158 172 6 180 194 1 206 212 5 227 235 3 247 259 1 271 279 
11 9 6 27 10 42 57 9 76 89 3 104 127 10 137 160 11 174 189 12 204 225 13 236 259 2 269 292 16 304 323 9 335 358 
5 26 20 99 35 141 216 60 256 339 41 387 446 14 511 560 
15 10 5 21 4 30 48 9 59 71 1 84 98 5 113 121 10 137 149 5 165 173 15 185 205 3 213 229 2 241 253 6 267 279 7 293 305 8 315 335 10 344 358 4 370 384 
8 24 6 39 8 53 82 20 96 129 19 140 175 4 190 215 27 232 263 10 284 301 8 330 345 
