20 10 3.0
12 2 2 10 1 11 1 8 17 1 8 14 1 1 10 2 2 16 10 18 2 9 6 2 12 4 7 9 4 11 3 10 1 16 2 5 19 1 7 1 9 11 1 4 16 1 2 5 5 7 9 9 9 4 6 8 14 6 16 
13 1 8 17 2 5 6 4 11 2 2 10 1 11 2 5 9 8 8 2 2 16 3 11 4 1 8 5 14 10 15 6 12 4 6 10 8 15 7 5 2 8 2 5 19 1 7 4 7 9 4 11 3 10 1 16 1 1 10 4 1 16 3 11 7 17 4 7 1 4 16 4 3 11 5 8 7 11 9 17 
11 4 6 10 8 15 7 5 2 8 2 5 9 8 8 2 2 16 10 18 2 2 10 1 11 5 7 9 9 9 4 6 8 14 6 16 1 4 16 2 5 19 1 7 1 1 10 2 5 6 4 11 2 2 16 3 11 1 3 14 
11 4 1 8 5 14 10 15 6 12 2 5 19 1 7 4 4 11 8 16 9 15 1 6 1 8 14 1 4 16 1 8 17 4 1 16 3 11 7 17 4 7 4 10 6 8 13 5 5 2 8 1 3 14 4 7 9 4 11 3 10 1 16 1 1 10 
14 1 8 17 1 4 16 1 5 9 4 10 6 8 13 5 5 2 8 4 1 16 3 11 7 17 4 7 2 2 16 10 18 4 6 10 8 15 7 5 2 8 1 8 14 2 5 6 4 11 4 2 5 7 13 10 10 5 11 5 7 9 9 9 4 6 8 14 6 16 2 5 9 8 8 4 1 8 5 14 10 15 6 12 2 5 19 1 7 
11 4 2 5 7 13 10 10 5 11 2 2 16 10 18 1 1 10 1 3 14 1 5 9 5 7 9 9 9 4 6 8 14 6 16 1 8 17 1 8 14 1 2 5 4 6 10 8 15 7 5 2 8 4 4 11 8 16 9 15 1 6 
14 1 8 14 1 8 17 2 5 9 8 8 1 4 16 1 1 10 4 2 5 7 13 10 10 5 11 1 2 5 2 5 6 4 11 5 7 9 9 9 4 6 8 14 6 16 4 4 11 8 16 9 15 1 6 5 2 8 1 19 8 13 6 14 10 18 4 6 10 8 15 7 5 2 8 4 1 16 3 11 7 17 4 7 2 2 16 10 18 
13 1 1 10 4 10 6 8 13 5 5 2 8 1 5 9 4 7 9 4 11 3 10 1 16 1 9 11 4 2 5 7 13 10 10 5 11 4 6 10 8 15 7 5 2 8 1 2 5 5 2 8 1 19 8 13 6 14 10 18 5 7 9 9 9 4 6 8 14 6 16 2 2 10 1 11 4 1 16 3 11 7 17 4 7 2 5 6 4 11 
11 1 8 17 1 2 5 1 1 10 1 4 16 2 5 6 4 11 4 7 9 4 11 3 10 1 16 5 2 8 1 19 8 13 6 14 10 18 1 9 11 2 9 6 2 12 2 2 10 1 11 2 5 9 8 8 
12 1 4 16 4 4 11 8 16 9 15 1 6 1 3 14 4 2 5 7 13 10 10 5 11 1 9 11 5 7 9 9 9 4 6 8 14 6 16 2 5 6 4 11 4 1 16 3 11 7 17 4 7 2 2 10 1 11 2 2 16 3 11 4 1 8 5 14 10 15 6 12 1 1 10 
10 1 9 11 1 5 9 5 2 8 1 19 8 13 6 14 10 18 1 4 16 4 4 11 8 16 9 15 1 6 2 5 9 8 8 4 7 9 4 11 3 10 1 16 1 3 14 1 1 10 4 1 16 3 11 7 17 4 7 
11 4 10 6 8 13 5 5 2 8 4 4 11 8 16 9 15 1 6 1 4 16 2 9 6 2 12 4 6 10 8 15 7 5 2 8 4 7 9 4 11 3 10 1 16 1 2 5 1 8 14 5 7 9 9 9 4 6 8 14 6 16 2 5 6 4 11 2 2 16 10 18 
11 1 2 5 1 3 14 2 9 6 2 12 1 5 9 4 2 5 7 13 10 10 5 11 4 1 16 3 11 7 17 4 7 2 2 10 1 11 1 8 17 2 5 19 1 7 1 1 10 4 7 9 4 11 3 10 1 16 
10 4 3 11 5 8 7 11 9 17 1 1 10 2 2 16 10 18 2 2 10 1 11 4 6 10 8 15 7 5 2 8 4 4 11 8 16 9 15 1 6 1 4 16 4 1 16 3 11 7 17 4 7 4 7 9 4 11 3 10 1 16 2 2 16 3 11 
12 1 1 10 4 4 11 8 16 9 15 1 6 4 2 5 7 13 10 10 5 11 5 2 8 1 19 8 13 6 14 10 18 2 5 6 4 11 2 9 6 2 12 1 2 5 4 10 6 8 13 5 5 2 8 1 4 16 2 2 16 3 11 2 2 10 1 11 4 6 10 8 15 7 5 2 8 
14 1 8 17 4 4 11 8 16 9 15 1 6 1 3 14 2 9 6 2 12 1 8 14 4 6 10 8 15 7 5 2 8 4 7 9 4 11 3 10 1 16 4 2 5 7 13 10 10 5 11 4 1 8 5 14 10 15 6 12 2 2 10 1 11 1 4 16 4 3 11 5 8 7 11 9 17 2 5 19 1 7 4 10 6 8 13 5 5 2 8 
13 5 2 8 1 19 8 13 6 14 10 18 1 9 11 4 7 9 4 11 3 10 1 16 1 8 17 4 10 6 8 13 5 5 2 8 2 5 6 4 11 1 1 10 4 6 10 8 15 7 5 2 8 2 2 10 1 11 2 2 16 10 18 4 1 16 3 11 7 17 4 7 1 3 14 2 5 19 1 7 
11 5 2 8 1 19 8 13 6 14 10 18 5 7 9 9 9 4 6 8 14 6 16 2 5 6 4 11 4 10 6 8 13 5 5 2 8 1 3 14 4 3 11 5 8 7 11 9 17 1 9 11 2 2 10 1 11 4 2 5 7 13 10 10 5 11 1 8 14 4 1 8 5 14 10 15 6 12 
13 1 3 14 2 2 10 1 11 4 7 9 4 11 3 10 1 16 2 2 16 10 18 2 2 16 3 11 4 4 11 8 16 9 15 1 6 4 1 16 3 11 7 17 4 7 4 2 5 7 13 10 10 5 11 4 10 6 8 13 5 5 2 8 2 5 9 8 8 1 2 5 4 6 10 8 15 7 5 2 8 1 5 9 
13 4 1 16 3 11 7 17 4 7 4 2 5 7 13 10 10 5 11 4 6 10 8 15 7 5 2 8 1 3 14 2 5 6 4 11 4 4 11 8 16 9 15 1 6 1 5 9 1 1 10 1 8 17 2 9 6 2 12 5 2 8 1 19 8 13 6 14 10 18 2 2 16 3 11 2 2 16 10 18 
18 10 5 18 7 30 39 2 52 63 9 75 86 16 95 112 2 123 130 3 143 156 2 165 180 2 190 201 2 214 223 4 233 250 2 257 272 2 279 296 8 302 319 7 325 342 1 350 363 2 372 387 13 394 411 
20 1 5 13 4 21 33 6 39 51 2 59 67 8 75 87 3 94 104 2 111 123 10 128 142 10 147 159 5 164 178 7 184 194 8 200 214 5 222 228 11 236 250 1 257 265 5 273 285 8 291 303 2 310 320 1 329 337 10 345 357 
10 3 3 24 7 32 49 1 63 72 13 87 102 4 113 130 7 140 157 10 167 184 7 193 212 2 225 234 4 250 263 
11 15 7 27 6 40 62 7 80 90 14 109 129 3 147 159 11 179 195 8 212 230 9 245 265 15 281 297 12 310 336 14 348 366 
7 5 10 30 1 47 73 14 88 112 15 127 153 18 167 193 27 206 234 3 253 267 
4 4 6 20 18 29 49 2 61 69 8 84 98 
2 25 17 62 34 89 148 
15 3 4 30 9 38 64 4 77 93 3 108 130 10 143 163 12 177 197 8 209 233 16 244 266 4 279 299 4 318 328 9 345 369 6 385 397 4 412 438 1 453 465 12 486 500 
5 7 9 26 4 39 66 9 79 96 8 118 127 7 150 165 
11 3 5 12 1 21 30 3 40 45 9 54 65 1 71 82 6 89 98 3 108 113 5 123 132 4 140 149 8 155 168 2 176 181 
