15 11 1.0
10 1 8 8 2 10 75 11 75 1 1 72 1 7 74 1 5 30 1 9 43 1 3 38 1 6 98 1 2 26 1 4 19 
10 1 7 19 1 9 73 1 4 43 1 1 23 1 2 85 1 5 39 1 6 13 2 10 26 11 26 1 3 67 1 8 9 
10 1 2 50 1 4 93 1 6 80 1 5 7 1 1 55 1 3 61 1 7 57 1 9 72 2 10 42 11 42 1 8 46 
10 1 2 68 1 8 43 1 5 99 1 7 60 1 6 68 1 1 91 1 9 11 1 4 96 2 10 11 11 11 1 3 72 
10 1 8 84 1 3 34 1 9 40 1 6 7 1 2 70 1 7 74 1 4 12 1 1 43 2 10 69 11 69 1 5 30 
10 1 9 60 1 1 49 1 5 59 1 6 72 2 10 63 11 63 1 2 69 1 8 99 1 7 45 1 4 27 1 3 9 
10 1 7 71 1 3 91 1 9 65 1 2 90 2 10 98 11 98 1 5 8 1 8 50 1 1 75 1 6 37 1 4 17 
10 1 9 62 1 8 90 1 6 98 1 4 31 1 3 91 1 5 38 2 10 72 11 72 1 2 9 1 1 72 1 7 49 
10 1 5 35 1 1 39 2 10 74 11 74 1 6 25 1 8 47 1 4 52 1 3 63 1 9 21 1 7 35 1 2 80 
10 2 10 58 11 58 1 1 5 1 4 50 1 9 52 1 2 88 1 7 20 1 3 68 1 6 24 1 5 53 1 8 57 
10 1 8 99 1 4 91 1 5 33 1 6 19 1 3 18 1 7 38 1 1 24 2 10 35 11 35 1 2 49 1 9 9 
10 1 1 68 1 4 60 1 3 77 1 8 10 1 9 60 1 6 15 2 10 72 11 72 1 2 18 1 7 90 1 5 18 
10 2 10 79 11 79 1 2 60 1 4 56 1 7 91 1 3 40 1 9 86 1 8 72 1 1 80 1 6 89 1 5 51 
10 1 5 10 1 3 92 1 6 23 1 7 46 1 9 40 1 8 72 1 4 6 1 2 23 1 1 95 2 10 34 11 34 
10 1 3 24 1 6 29 2 10 49 11 49 1 9 55 1 1 47 1 7 77 1 4 77 1 8 8 1 2 28 1 5 48 
2 65 112 307 167 536 721 
3 86 42 229 109 324 489 168 592 763 
3 138 45 237 98 350 496 92 636 774 
3 43 65 179 12 319 413 134 533 687 
4 86 18 122 1 159 261 81 304 396 44 462 518 
3 110 50 183 47 301 398 46 511 654 
3 11 105 177 61 336 510 28 610 800 
3 2 67 198 60 346 449 7 627 698 
4 75 29 159 7 251 313 92 412 528 21 603 713 
4 18 21 87 5 141 183 4 231 309 12 357 399 
4 31 33 75 4 145 179 15 244 296 57 343 413 
