15 12 1.0
10 1 8 8 1 10 75 1 1 72 1 7 74 1 5 30 2 9 43 11 43 1 3 38 2 6 98 12 98 1 2 26 1 4 19 
10 1 7 19 2 9 73 11 73 1 4 43 1 1 23 1 2 85 1 5 39 2 6 13 12 13 1 10 26 1 3 67 1 8 9 
10 1 2 50 1 4 93 2 6 80 12 80 1 5 7 1 1 55 1 3 61 1 7 57 2 9 72 11 72 1 10 42 1 8 46 
10 1 2 68 1 8 43 1 5 99 1 7 60 2 6 68 12 68 1 1 91 2 9 11 11 11 1 4 96 1 10 11 1 3 72 
10 1 8 84 1 3 34 2 9 40 11 40 2 6 7 12 7 1 2 70 1 7 74 1 4 12 1 1 43 1 10 69 1 5 30 
10 2 9 60 11 60 1 1 49 1 5 59 2 6 72 12 72 1 10 63 1 2 69 1 8 99 1 7 45 1 4 27 1 3 9 
10 1 7 71 1 3 91 2 9 65 11 65 1 2 90 1 10 98 1 5 8 1 8 50 1 1 75 2 6 37 12 37 1 4 17 
10 2 9 62 11 62 1 8 90 2 6 98 12 98 1 4 31 1 3 91 1 5 38 1 10 72 1 2 9 1 1 72 1 7 49 
10 1 5 35 1 1 39 1 10 74 2 6 25 12 25 1 8 47 1 4 52 1 3 63 2 9 21 11 21 1 7 35 1 2 80 
10 1 10 58 1 1 5 1 4 50 2 9 52 11 52 1 2 88 1 7 20 1 3 68 2 6 24 12 24 1 5 53 1 8 57 
10 1 8 99 1 4 91 1 5 33 2 6 19 12 19 1 3 18 1 7 38 1 1 24 1 10 35 1 2 49 2 9 9 11 9 
10 1 1 68 1 4 60 1 3 77 1 8 10 2 9 60 11 60 2 6 15 12 15 1 10 72 1 2 18 1 7 90 1 5 18 
10 1 10 79 1 2 60 1 4 56 1 7 91 1 3 40 2 9 86 11 86 1 8 72 1 1 80 2 6 89 12 89 1 5 51 
10 1 5 10 1 3 92 2 6 23 12 23 1 7 46 2 9 40 11 40 1 8 72 1 4 6 1 2 23 1 1 95 1 10 34 
10 1 3 24 2 6 29 12 29 1 10 49 2 9 55 11 55 1 1 47 1 7 77 1 4 77 1 8 8 1 2 28 1 5 48 
3 48 99 181 21 319 521 19 620 780 
4 81 28 176 56 254 358 80 458 562 53 657 771 
2 9 89 334 236 488 781 
4 40 66 117 10 233 316 52 429 486 2 575 706 
4 34 19 121 24 164 256 67 297 403 50 458 522 
2 43 58 117 28 202 323 
2 119 81 342 74 503 766 
2 110 118 279 81 483 708 
3 31 46 79 18 159 216 3 275 350 
4 50 38 177 66 272 373 19 478 597 10 708 797 
3 71 20 105 37 157 218 43 268 357 
4 15 23 65 64 99 165 15 202 238 1 296 320 
