15 11 1.0
10 1 8 8 1 10 75 1 1 72 1 7 74 1 5 30 2 9 43 11 43 1 3 38 1 6 98 1 2 26 1 4 19 
10 1 7 19 2 9 73 11 73 1 4 43 1 1 23 1 2 85 1 5 39 1 6 13 1 10 26 1 3 67 1 8 9 
10 1 2 50 1 4 93 1 6 80 1 5 7 1 1 55 1 3 61 1 7 57 2 9 72 11 72 1 10 42 1 8 46 
10 1 2 68 1 8 43 1 5 99 1 7 60 1 6 68 1 1 91 2 9 11 11 11 1 4 96 1 10 11 1 3 72 
10 1 8 84 1 3 34 2 9 40 11 40 1 6 7 1 2 70 1 7 74 1 4 12 1 1 43 1 10 69 1 5 30 
10 2 9 60 11 60 1 1 49 1 5 59 1 6 72 1 10 63 1 2 69 1 8 99 1 7 45 1 4 27 1 3 9 
10 1 7 71 1 3 91 2 9 65 11 65 1 2 90 1 10 98 1 5 8 1 8 50 1 1 75 1 6 37 1 4 17 
10 2 9 62 11 62 1 8 90 1 6 98 1 4 31 1 3 91 1 5 38 1 10 72 1 2 9 1 1 72 1 7 49 
10 1 5 35 1 1 39 1 10 74 1 6 25 1 8 47 1 4 52 1 3 63 2 9 21 11 21 1 7 35 1 2 80 
10 1 10 58 1 1 5 1 4 50 2 9 52 11 52 1 2 88 1 7 20 1 3 68 1 6 24 1 5 53 1 8 57 
10 1 8 99 1 4 91 1 5 33 1 6 19 1 3 18 1 7 38 1 1 24 1 10 35 1 2 49 2 9 9 11 9 
10 1 1 68 1 4 60 1 3 77 1 8 10 2 9 60 11 60 1 6 15 1 10 72 1 2 18 1 7 90 1 5 18 
10 1 10 79 1 2 60 1 4 56 1 7 91 1 3 40 2 9 86 11 86 1 8 72 1 1 80 1 6 89 1 5 51 
10 1 5 10 1 3 92 1 6 23 1 7 46 2 9 40 11 40 1 8 72 1 4 6 1 2 23 1 1 95 1 10 34 
10 1 3 24 1 6 29 1 10 49 2 9 55 11 55 1 1 47 1 7 77 1 4 77 1 8 8 1 2 28 1 5 48 
2 160 128 291 5 497 760 
4 41 71 133 135 235 377 68 465 555 46 680 748 
4 86 55 157 84 246 390 37 481 579 76 703 781 
3 100 69 175 39 317 415 36 552 668 
2 60 102 177 37 345 492 
2 61 129 220 37 447 600 
3 112 76 206 106 355 491 9 623 787 
4 124 35 164 75 251 346 69 460 535 56 647 746 
4 8 31 63 10 121 161 8 199 271 2 305 353 
4 3 45 170 39 287 358 128 457 618 124 679 826 
4 21 29 65 50 111 171 41 204 266 33 308 350 
