15 16 1.0
15 1 10 65 1 11 28 1 5 74 1 13 33 1 3 51 1 15 75 1 6 73 1 9 32 1 7 13 1 4 81 1 2 35 1 8 59 1 14 38 2 12 55 16 55 1 1 27 
15 1 1 64 1 2 53 2 12 83 16 83 1 3 33 1 5 6 1 10 52 1 15 72 1 9 7 1 14 90 1 13 21 1 7 23 1 4 10 1 11 39 1 6 49 1 8 72 
15 1 15 73 1 4 82 1 2 23 1 13 62 1 7 88 1 6 21 1 9 65 2 12 70 16 70 1 8 53 1 11 81 1 3 93 1 14 77 1 1 61 1 10 28 1 5 78 
15 1 2 12 1 7 51 1 8 33 1 5 15 1 15 72 1 11 98 1 10 94 1 6 12 2 12 42 16 42 1 3 24 1 14 15 1 9 28 1 4 6 1 13 99 1 1 41 
15 1 13 97 1 6 7 1 10 96 1 5 15 1 15 73 1 14 43 1 1 32 1 9 22 2 12 42 16 42 1 2 94 1 3 23 1 8 86 1 7 78 1 11 24 1 4 31 
15 1 2 72 1 6 88 1 3 93 1 14 13 1 5 44 1 15 66 1 7 63 1 8 14 1 10 67 1 11 17 2 12 85 16 85 1 1 35 1 4 68 1 13 5 1 9 49 
15 1 10 15 1 8 82 1 7 21 1 15 53 1 4 72 1 14 49 1 3 99 1 5 26 1 13 56 1 9 45 1 2 68 1 11 51 1 1 8 1 6 27 2 12 96 16 96 
15 1 4 54 1 8 24 1 5 14 1 9 38 1 6 36 1 3 52 1 15 55 1 13 37 2 12 48 16 48 1 1 93 1 14 60 1 11 70 1 2 23 1 7 23 1 10 83 
15 1 4 12 1 9 69 1 7 26 1 10 23 1 15 28 1 2 82 1 6 33 1 5 45 1 14 64 1 8 15 2 12 9 16 9 1 13 73 1 11 59 1 3 37 1 1 62 
15 1 1 87 1 6 12 1 8 80 1 5 50 1 11 48 1 13 90 1 2 72 1 14 24 1 7 14 1 9 71 2 12 44 16 44 1 10 46 1 3 15 1 15 61 1 4 92 
15 1 3 54 1 1 22 1 7 61 1 5 46 1 4 73 1 6 16 1 13 6 1 10 94 1 15 93 1 14 67 1 9 54 1 8 75 2 12 32 16 32 1 11 40 1 2 97 
15 1 11 92 1 15 36 1 5 22 1 10 9 1 4 47 1 2 77 1 13 79 1 14 36 1 7 30 1 9 98 2 12 79 16 79 1 8 7 1 6 55 1 3 6 1 1 30 
15 1 1 49 1 14 83 1 4 73 1 7 82 1 2 82 1 15 92 2 12 73 16 73 1 5 31 1 11 35 1 10 54 1 6 7 1 9 37 1 8 72 1 3 52 1 13 76 
15 1 11 98 1 13 34 1 14 52 1 5 26 1 2 28 1 4 39 1 9 80 1 6 29 1 10 70 1 1 43 1 7 48 1 8 58 1 3 45 1 15 94 2 12 96 16 96 
15 1 2 70 1 11 17 1 7 90 1 13 67 1 5 14 1 9 23 1 4 21 1 8 18 1 14 43 2 12 84 16 84 1 6 26 1 10 36 1 3 93 1 15 84 1 1 42 
4 67 46 128 53 216 306 89 386 484 15 567 651 
3 15 108 188 171 350 538 76 688 792 
4 61 55 138 76 237 342 21 411 554 28 643 708 
4 37 31 160 56 239 334 25 410 545 81 623 714 
4 19 18 109 10 159 222 7 298 337 17 402 487 
3 23 47 117 18 206 286 6 379 441 
2 88 124 232 178 418 650 
4 53 45 142 93 226 335 106 401 534 63 591 718 
2 213 47 312 195 438 639 
4 28 77 131 7 275 349 27 444 596 14 678 778 
2 146 91 308 82 471 726 
2 26 60 175 13 294 411 
3 48 74 205 82 349 488 109 620 775 
4 16 24 165 13 252 315 63 432 513 25 594 729 
2 27 180 334 66 658 884 
3 39 51 106 54 207 264 14 350 435 
