20 10 1.0
15 3 4 67 7 69 8 67 1 10 32 1 5 16 1 8 66 1 6 90 3 4 44 8 46 9 38 1 9 89 1 9 63 1 2 44 1 7 87 1 3 73 2 2 33 9 31 3 2 90 3 92 7 96 1 2 16 1 1 19 
20 1 4 90 2 3 27 10 27 1 9 77 1 10 40 1 8 70 3 1 47 9 45 10 47 1 1 56 1 6 44 2 3 50 5 50 3 4 69 7 67 10 68 3 1 75 4 73 10 74 1 10 75 2 5 79 10 79 1 6 45 1 10 94 1 7 65 2 2 31 10 25 1 4 85 3 3 75 6 71 8 71 3 1 44 4 45 6 45 
23 1 1 55 1 4 53 1 4 35 1 5 93 1 10 33 1 8 62 1 5 66 1 10 61 1 7 56 1 6 29 2 2 27 5 22 1 1 37 2 3 71 4 66 2 2 76 5 72 1 4 69 2 3 61 7 67 1 10 49 1 2 57 3 4 57 7 60 9 59 2 2 63 4 67 1 5 90 1 10 27 1 5 58 
18 2 8 22 9 24 1 3 61 1 2 35 1 6 92 1 4 30 1 10 79 2 1 44 4 42 2 1 62 8 63 1 1 93 1 1 69 1 3 89 1 7 49 1 2 38 3 4 54 6 54 8 54 1 7 87 2 3 46 7 38 3 1 82 6 81 7 81 2 3 40 9 40 
21 1 3 86 1 6 65 1 2 94 1 5 50 1 4 31 1 9 59 1 4 92 1 2 67 1 4 60 1 9 93 1 5 45 1 8 95 2 2 71 8 63 1 7 79 1 2 68 2 8 21 9 21 1 3 35 1 10 36 2 9 24 10 24 1 6 90 1 6 85 
15 1 10 70 1 6 20 1 8 81 1 5 42 1 10 70 1 5 43 1 2 95 1 10 22 1 10 35 1 5 87 1 6 72 1 9 86 1 10 52 1 6 32 1 5 47 
17 1 3 62 3 4 55 6 58 10 60 4 7 89 8 96 9 95 10 92 2 1 70 4 71 2 1 72 6 76 1 8 15 1 10 36 1 7 55 1 4 48 1 2 22 2 7 59 9 58 1 8 80 1 8 45 1 5 71 1 2 33 3 2 48 8 52 10 51 1 3 51 
25 1 5 34 1 3 75 1 10 41 2 2 70 7 67 1 6 63 2 6 40 10 44 1 10 21 3 6 31 8 36 9 33 2 5 43 6 45 1 10 94 2 3 55 4 62 1 8 38 1 2 70 1 1 25 2 1 29 4 29 1 2 64 1 6 57 1 7 63 1 1 42 2 1 47 4 44 1 1 82 1 10 43 1 7 79 1 1 51 1 6 74 
23 1 2 37 2 3 78 7 76 1 3 46 1 1 75 1 1 47 1 9 22 1 8 65 1 6 99 1 2 20 1 6 41 1 6 97 1 3 84 1 6 44 1 2 82 1 10 41 1 9 61 1 5 56 1 1 33 2 2 60 3 64 2 5 49 8 55 3 4 86 5 88 7 88 2 4 35 8 30 2 5 79 10 78 
19 1 2 41 1 9 35 1 3 40 1 4 77 1 7 69 4 3 62 7 64 9 65 10 63 1 1 74 1 7 24 1 7 51 1 2 21 2 6 45 10 37 3 2 25 7 25 9 23 2 1 73 8 75 1 3 86 2 4 59 9 60 1 4 90 1 3 54 1 2 79 1 4 60 
19 1 9 63 2 3 88 4 87 1 4 46 2 2 83 6 79 1 2 69 1 6 47 1 10 91 3 3 86 4 88 9 83 1 4 38 1 4 68 1 8 20 1 6 51 1 6 22 1 4 60 1 9 22 1 1 82 1 2 23 1 7 83 1 3 50 
21 1 8 52 2 6 62 10 59 2 3 21 5 16 1 4 64 1 9 67 1 1 46 2 2 47 4 47 1 3 38 1 5 12 1 6 78 1 9 13 1 9 93 1 1 28 1 7 81 4 2 33 4 37 5 40 6 39 1 8 40 1 2 45 1 7 51 1 9 59 1 4 55 1 10 30 
16 1 9 97 2 2 89 7 84 2 1 41 4 42 1 8 56 1 3 80 1 7 94 1 6 87 1 1 86 2 2 57 5 58 1 5 22 1 1 88 1 8 65 1 8 67 1 6 91 1 5 40 3 4 53 8 49 9 57 
16 1 3 60 3 3 26 8 27 9 27 1 5 81 1 5 14 1 8 17 1 1 63 1 6 60 1 2 42 1 9 69 1 2 73 1 8 50 1 10 23 1 4 48 1 3 72 1 4 28 2 3 41 6 36 
25 1 10 15 1 2 48 2 4 22 8 23 3 1 70 6 70 7 73 4 1 40 4 35 7 40 9 35 1 10 84 1 1 14 1 7 53 1 8 50 1 9 77 2 2 78 9 78 1 3 73 1 8 85 1 4 36 1 8 53 2 1 22 5 25 1 4 48 2 1 34 4 30 1 2 45 1 10 32 1 8 55 1 9 29 1 1 59 1 6 15 1 8 89 
17 1 6 55 1 1 69 3 1 64 3 63 5 63 1 4 39 1 8 29 1 4 38 1 10 67 1 8 58 1 3 43 1 5 38 2 4 67 8 63 1 6 83 1 8 26 2 6 34 7 32 1 3 82 1 10 72 2 2 68 7 68 
21 1 5 74 1 1 65 1 8 39 1 8 25 2 2 82 3 78 1 3 29 2 1 58 6 55 1 2 81 1 1 43 1 8 67 1 6 56 1 9 48 2 1 56 6 59 2 2 54 8 54 1 9 41 1 7 77 1 2 88 1 1 22 1 8 38 2 3 61 6 61 1 8 83 
17 2 4 16 8 15 3 5 43 8 39 10 39 1 6 16 1 3 78 2 1 47 7 47 2 6 78 8 77 1 9 23 1 3 92 3 3 73 4 75 8 75 1 4 44 1 6 84 2 5 76 6 73 1 8 90 2 1 39 6 39 1 2 47 1 3 94 1 8 90 
23 1 7 62 1 4 85 1 7 75 1 9 22 1 1 21 1 8 22 2 6 48 7 42 1 2 67 1 2 22 2 8 71 10 71 3 4 27 6 23 10 23 2 2 27 9 24 2 2 47 6 45 1 4 25 1 1 67 1 2 23 1 2 85 1 6 45 2 2 82 7 81 1 5 34 1 3 44 1 1 16 2 1 27 10 27 
16 2 3 51 4 48 1 1 19 1 6 92 1 2 27 2 3 34 7 32 1 1 92 1 8 68 1 1 47 2 4 48 6 44 1 6 54 1 9 89 1 7 76 1 8 72 2 3 55 7 57 1 1 67 1 9 82 
7 147 55 267 150 384 582 47 691 919 125 1015 1239 115 1361 1537 10 1717 1825 34 2048 2138 
5 134 160 321 260 586 857 35 1107 1298 301 1524 1843 17 2087 2242 
5 82 98 361 236 537 840 11 990 1305 144 1521 1692 58 1946 2185 
8 45 73 211 64 385 467 16 629 791 21 924 1064 166 1191 1365 55 1504 1620 78 1741 1951 111 2053 2207 
9 61 45 119 64 209 283 40 386 434 105 520 628 80 687 789 28 854 950 58 1021 1111 41 1183 1277 31 1350 1438 
6 126 74 375 23 516 831 33 1015 1230 162 1425 1718 112 1901 2140 44 2406 2533 
2 41 363 650 374 1182 1857 
5 127 161 346 20 575 946 158 1106 1429 145 1700 1849 175 2140 2423 
6 40 97 208 87 373 542 107 677 848 62 1017 1118 49 1328 1417 9 1631 1724 
12 55 30 125 63 191 274 29 362 413 39 498 587 62 658 737 97 803 902 61 965 1050 11 1115 1210 6 1268 1367 68 1428 1517 53 1595 1660 79 1733 1832 
