15 8 1.0
15 2 2 24 4 24 4 1 63 2 63 3 63 7 63 2 2 29 3 29 3 1 83 2 83 4 83 1 8 23 3 1 66 4 66 6 66 1 2 29 2 1 11 8 11 5 1 62 2 62 5 62 7 62 8 62 3 2 94 4 94 8 94 5 2 41 3 41 5 41 7 41 8 41 1 5 90 2 6 63 8 63 4 1 45 2 45 4 45 6 45 2 6 91 8 91 
20 3 2 73 7 73 8 73 1 2 31 1 8 97 2 1 11 2 11 4 2 20 6 20 7 20 8 20 2 3 90 4 90 3 1 21 3 21 7 21 3 3 78 7 78 8 78 1 4 37 4 2 68 4 68 6 68 7 68 1 5 48 3 1 55 4 55 6 55 3 3 38 5 38 8 38 4 1 49 2 49 5 49 7 49 1 5 69 2 3 73 4 73 2 3 80 5 80 3 1 83 4 83 5 83 4 2 39 5 39 6 39 7 39 4 1 98 2 98 5 98 7 98 
23 1 8 71 5 1 24 2 24 5 24 6 24 8 24 3 2 89 5 89 6 89 4 1 73 2 73 6 73 8 73 5 1 44 2 44 3 44 6 44 8 44 2 4 61 8 61 1 2 53 2 2 35 4 35 2 5 95 8 95 5 1 33 3 33 4 33 6 33 7 33 1 5 59 3 2 68 6 68 7 68 1 4 61 2 1 56 6 56 1 4 28 2 1 18 2 18 3 2 35 5 35 7 35 5 2 73 3 73 4 73 5 73 8 73 4 1 78 2 78 5 78 6 78 1 7 70 4 1 65 2 65 4 65 7 65 4 2 44 4 44 5 44 7 44 2 1 56 3 56 
18 3 3 60 5 60 8 60 1 4 69 2 1 94 6 94 3 3 28 4 28 5 28 1 7 63 1 5 17 2 1 61 5 61 2 2 34 8 34 1 6 96 3 2 31 3 31 7 31 3 1 82 4 82 5 82 2 3 40 6 40 4 4 63 5 63 6 63 7 63 2 2 95 5 95 1 1 68 2 1 91 3 91 2 1 43 4 43 3 1 32 4 32 5 32 
21 3 2 54 3 54 6 54 4 2 92 3 92 4 92 5 92 4 1 40 2 40 4 40 7 40 3 3 84 7 84 8 84 2 3 38 7 38 3 2 94 4 94 7 94 1 1 63 1 2 99 2 6 45 8 45 2 3 28 4 28 4 2 59 3 59 6 59 8 59 3 5 97 7 97 8 97 3 1 69 5 69 7 69 5 3 61 4 61 5 61 6 61 8 61 3 4 98 5 98 7 98 1 5 42 2 2 100 5 100 3 1 68 6 68 7 68 3 5 83 6 83 7 83 4 1 69 5 69 6 69 8 69 3 2 17 5 17 7 17 
15 1 5 26 5 1 29 3 29 4 29 5 29 6 29 1 7 20 1 7 100 3 1 87 3 87 8 87 1 8 67 3 1 16 4 16 6 16 4 1 86 2 86 4 86 6 86 1 7 36 2 5 73 8 73 2 1 41 5 41 3 2 100 3 100 4 100 3 1 23 6 23 7 23 3 4 33 7 33 8 33 3 3 92 5 92 8 92 
17 4 1 74 5 74 6 74 8 74 2 7 90 8 90 1 2 49 1 7 34 1 2 47 2 3 62 6 62 4 1 59 3 59 4 59 8 59 2 4 98 5 98 2 3 73 8 73 2 1 79 4 79 2 7 10 8 10 1 3 32 1 8 55 3 2 53 4 53 8 53 4 1 19 5 19 6 19 7 19 3 1 55 6 55 7 55 1 8 88 
25 4 4 46 5 46 6 46 8 46 4 1 73 3 73 6 73 7 73 3 3 30 6 30 8 30 2 2 48 5 48 2 2 50 4 50 4 4 37 5 37 6 37 7 37 3 2 75 4 75 7 75 1 3 36 1 3 71 1 4 66 2 3 39 8 39 1 7 17 2 3 30 6 30 1 5 42 1 1 94 2 2 59 5 59 1 8 36 5 1 68 2 68 3 68 5 68 8 68 4 3 21 6 21 7 21 8 21 1 2 25 1 4 65 1 1 58 3 1 65 4 65 6 65 1 8 36 2 7 45 8 45 
23 2 1 82 7 82 3 1 42 7 42 8 42 1 8 82 1 3 51 3 3 75 5 75 7 75 2 1 35 8 35 6 1 78 2 78 3 78 4 78 5 78 7 78 2 6 43 7 43 1 3 77 2 4 42 8 42 1 7 18 4 1 63 2 63 3 63 6 63 2 3 99 8 99 1 5 16 1 8 34 4 1 99 2 99 4 99 8 99 3 3 87 4 87 5 87 1 6 46 2 6 81 8 81 1 7 41 3 3 58 6 58 8 58 5 1 57 3 57 4 57 5 57 8 57 2 6 30 8 30 
19 1 3 60 2 6 52 7 52 1 6 92 4 2 32 4 32 5 32 6 32 3 5 80 7 80 8 80 2 3 42 8 42 3 2 33 3 33 5 33 3 1 40 4 40 7 40 3 3 80 4 80 7 80 1 4 72 1 7 64 4 1 77 2 77 7 77 8 77 4 1 23 3 23 5 23 7 23 2 6 50 7 50 3 1 13 2 13 3 13 2 6 38 7 38 2 1 21 5 21 3 3 77 7 77 8 77 1 6 95 
19 2 2 60 5 60 2 4 94 6 94 2 3 53 6 53 2 1 82 4 82 1 7 60 2 3 60 4 60 3 5 93 7 93 8 93 2 2 49 7 49 1 3 82 2 6 68 8 68 3 1 42 4 42 8 42 1 1 96 2 1 90 8 90 1 6 36 1 4 70 1 7 12 4 1 56 2 56 3 56 7 56 3 4 14 5 14 7 14 3 1 60 2 60 6 60 
21 1 8 18 2 5 88 8 88 2 2 19 7 19 1 2 87 2 2 50 8 50 2 4 50 8 50 2 1 63 5 63 3 1 16 6 16 8 16 4 3 65 4 65 7 65 8 65 1 7 71 3 2 44 7 44 8 44 2 3 46 5 46 1 4 35 2 1 11 8 11 3 4 83 6 83 8 83 3 6 12 7 12 8 12 1 4 98 1 4 25 4 1 84 4 84 7 84 8 84 2 2 36 6 36 4 3 41 4 41 6 41 7 41 
16 4 5 44 6 44 7 44 8 44 4 1 51 4 51 6 51 7 51 2 1 58 3 58 3 2 56 6 56 7 56 4 2 27 5 27 6 27 8 27 3 1 97 2 97 7 97 4 1 93 2 93 3 93 7 93 2 6 41 7 41 1 2 59 1 6 83 1 7 99 4 2 90 3 90 5 90 6 90 3 5 90 7 90 8 90 3 1 58 7 58 8 58 1 8 15 3 1 95 2 95 8 95 
16 1 4 65 2 1 73 7 73 5 2 96 3 96 4 96 5 96 7 96 5 1 42 2 42 4 42 6 42 8 42 3 2 53 5 53 7 53 1 8 61 5 1 24 2 24 4 24 5 24 6 24 4 1 90 3 90 5 90 7 90 3 3 11 4 11 6 11 4 2 12 5 12 7 12 8 12 3 2 68 4 68 6 68 2 1 61 8 61 2 1 40 7 40 3 2 70 3 70 7 70 4 3 76 4 76 7 76 8 76 1 5 48 
25 1 7 19 2 3 49 4 49 4 1 76 3 76 4 76 5 76 4 1 24 2 24 5 24 7 24 1 5 35 2 1 10 3 10 5 1 46 2 46 5 46 6 46 7 46 3 3 18 4 18 6 18 4 4 72 5 72 6 72 7 72 1 7 32 4 3 92 5 92 6 92 7 92 2 2 14 5 14 2 5 53 8 53 1 1 49 2 2 83 7 83 1 1 81 1 2 76 3 1 88 2 88 6 88 4 1 34 3 34 5 34 6 34 1 1 54 1 6 22 2 1 47 4 47 2 1 31 3 31 3 1 43 4 43 5 43 3 1 29 4 29 6 29 
24 2 24 68 6 116 160 10 212 248 17 296 348 5 387 441 1 492 520 23 576 620 25 672 708 15 747 817 37 846 902 15 952 980 28 1038 1078 3 1116 1184 15 1230 1254 17 1321 1347 52 1396 1456 55 1490 1546 32 1585 1635 6 1669 1735 26 1769 1819 1 1873 1899 19 1955 2001 2 2054 2086 6 2145 2179 
21 15 25 69 26 116 166 23 221 249 1 315 343 20 395 451 25 499 535 20 578 644 51 679 731 22 782 816 28 870 916 21 967 1007 15 1064 1098 7 1151 1199 14 1249 1289 20 1350 1376 7 1442 1472 56 1517 1585 38 1625 1665 35 1706 1772 39 1810 1856 7 1909 1945 
9 18 45 157 11 233 373 55 457 553 7 666 748 58 876 942 50 1084 1138 2 1273 1353 4 1472 1558 74 1674 1760 
22 36 14 83 5 124 167 29 213 272 27 312 367 33 414 459 44 500 567 12 604 657 1 696 759 50 794 855 29 892 951 13 987 1050 59 1080 1151 31 1178 1247 24 1295 1324 37 1376 1437 7 1479 1528 13 1583 1618 32 1663 1732 15 1767 1822 23 1874 1909 13 1965 2012 17 2065 2106 
3 89 234 430 185 886 1106 115 1528 1792 
7 106 64 195 14 349 428 11 566 729 40 849 964 79 1090 1241 94 1366 1483 17 1636 1731 
23 24 21 79 30 118 182 35 225 275 16 321 379 1 426 474 46 517 583 22 636 664 39 724 776 1 831 869 38 923 977 4 1025 1075 33 1133 1167 42 1220 1280 1 1317 1383 48 1425 1475 25 1536 1564 10 1636 1664 3 1714 1786 63 1813 1887 24 1921 1979 4 2015 2085 24 2126 2174 36 2225 2275 
21 8 30 80 1 137 193 41 243 307 23 364 406 17 477 513 40 570 640 13 699 731 33 805 845 44 906 964 66 1006 1084 15 1113 1197 45 1228 1302 44 1352 1398 17 1446 1524 75 1556 1634 9 1666 1744 3 1781 1849 31 1887 1963 4 2020 2050 21 2130 2160 67 2220 2290 
