20 10 1.0
15 3 4 66 7 66 8 66 1 10 29 1 5 11 1 8 62 1 6 94 3 4 41 8 41 9 41 1 9 90 1 9 63 1 2 45 1 7 91 1 3 73 2 2 31 9 31 3 2 97 3 97 7 97 1 2 11 1 1 20 
20 1 4 90 2 3 21 10 21 1 9 78 1 10 37 1 8 68 3 1 48 9 48 10 48 1 1 55 1 6 38 2 3 49 5 49 3 4 69 7 69 10 69 3 1 73 4 73 10 73 1 10 80 2 5 83 10 83 1 6 39 1 10 98 1 7 71 2 2 24 10 24 1 4 89 3 3 73 6 73 8 73 3 1 44 4 44 6 44 
23 1 1 61 1 4 53 1 4 35 1 5 95 1 10 33 1 8 59 1 5 68 1 10 61 1 7 56 1 6 28 2 2 18 5 18 1 1 35 2 3 73 4 73 2 2 78 5 78 1 4 70 2 3 65 7 65 1 10 44 1 2 56 3 4 60 7 60 9 60 2 2 69 4 69 1 5 94 1 10 28 1 5 63 
18 2 8 17 9 17 1 3 61 1 2 34 1 6 96 1 4 31 1 10 82 2 1 40 4 40 2 1 63 8 63 1 1 95 1 1 68 1 3 91 1 7 43 1 2 32 3 4 54 6 54 8 54 1 7 92 2 3 40 7 40 3 1 84 6 84 7 84 2 3 38 9 38 
21 1 3 94 1 6 63 1 2 99 1 5 45 1 4 28 1 9 59 1 4 97 1 2 69 1 4 61 1 9 98 1 5 42 1 8 100 2 2 68 8 68 1 7 83 1 2 69 2 8 17 9 17 1 3 26 1 10 29 2 9 20 10 20 1 6 100 1 6 87 
15 1 10 67 1 6 16 1 8 86 1 5 36 1 10 73 1 5 41 1 2 100 1 10 23 1 10 33 1 5 92 1 6 74 1 9 90 1 10 49 1 6 34 1 5 47 
17 1 3 62 3 4 59 6 59 10 59 4 7 98 8 98 9 98 10 98 2 1 73 4 73 2 1 79 6 79 1 8 10 1 10 32 1 7 55 1 4 53 1 2 19 2 7 55 9 55 1 8 88 1 8 46 1 5 73 1 2 30 3 2 48 8 48 10 48 1 3 50 
25 1 5 37 1 3 75 1 10 36 2 2 71 7 71 1 6 66 2 6 39 10 39 1 10 17 3 6 30 8 30 9 30 2 5 42 6 42 1 10 94 2 3 59 4 59 1 8 36 1 2 68 1 1 21 2 1 25 4 25 1 2 65 1 6 58 1 7 65 1 1 36 2 1 45 4 45 1 1 82 1 10 42 1 7 82 1 1 51 1 6 75 
23 1 2 35 2 3 78 7 78 1 3 43 1 1 77 1 1 42 1 9 18 1 8 63 1 6 99 1 2 16 1 6 34 1 6 99 1 3 87 1 6 46 1 2 81 1 10 41 1 9 58 1 5 57 1 1 30 2 2 60 3 60 2 5 52 8 52 3 4 92 5 92 7 92 2 4 32 8 32 2 5 80 10 80 
19 1 2 42 1 9 33 1 3 40 1 4 80 1 7 72 4 3 64 7 64 9 64 10 64 1 1 77 1 7 23 1 7 50 1 2 13 2 6 38 10 38 3 2 21 7 21 9 21 2 1 77 8 77 1 3 95 2 4 60 9 60 1 4 94 1 3 53 1 2 82 1 4 60 
19 1 9 60 2 3 93 4 93 1 4 49 2 2 82 6 82 1 2 68 1 6 42 1 10 96 3 3 90 4 90 9 90 1 4 36 1 4 70 1 8 12 1 6 56 1 6 14 1 4 60 1 9 18 1 1 88 1 2 19 1 7 87 1 3 50 
21 1 8 50 2 6 63 10 63 2 3 16 5 16 1 4 65 1 9 71 1 1 44 2 2 46 4 46 1 3 35 1 5 11 1 6 83 1 9 12 1 9 98 1 1 25 1 7 84 4 2 36 4 36 5 36 6 36 1 8 41 1 2 44 1 7 51 1 9 58 1 4 56 1 10 27 
16 1 9 97 2 2 93 7 93 2 1 41 4 41 1 8 59 1 3 83 1 7 99 1 6 90 1 1 90 2 2 58 5 58 1 5 15 1 1 95 1 8 65 1 8 73 1 6 96 1 5 42 3 4 53 8 53 9 53 
16 1 3 61 3 3 24 8 24 9 24 1 5 90 1 5 11 1 8 12 1 1 68 1 6 61 1 2 40 1 9 70 1 2 76 1 8 48 1 10 19 1 4 49 1 3 76 1 4 24 2 3 35 6 35 
25 1 10 10 1 2 46 2 4 18 8 18 3 1 72 6 72 7 72 4 1 32 4 32 7 32 9 32 1 10 92 1 1 14 1 7 53 1 8 49 1 9 83 2 2 81 9 81 1 3 76 1 8 88 1 4 34 1 8 54 2 1 22 5 22 1 4 47 2 1 31 4 31 1 2 43 1 10 29 1 8 59 1 9 26 1 1 57 1 6 11 1 8 90 
17 1 6 55 1 1 71 3 1 64 3 64 5 64 1 4 36 1 8 26 1 4 34 1 10 68 1 8 55 1 3 41 1 5 36 2 4 64 8 64 1 6 91 1 8 16 2 6 29 7 29 1 3 87 1 10 76 2 2 69 7 69 
21 1 5 72 1 1 66 1 8 33 1 8 21 2 2 81 3 81 1 3 22 2 1 60 6 60 1 2 85 1 1 37 1 8 70 1 6 58 1 9 49 2 1 59 6 59 2 2 54 8 54 1 9 39 1 7 78 1 2 95 1 1 21 1 8 36 2 3 66 6 66 1 8 84 
17 2 4 11 8 11 3 5 37 8 37 10 37 1 6 11 1 3 81 2 1 46 7 46 2 6 76 8 76 1 9 20 1 3 96 3 3 73 4 73 8 73 1 4 43 1 6 84 2 5 75 6 75 1 8 97 2 1 37 6 37 1 2 47 1 3 98 1 8 89 
23 1 7 69 1 4 87 1 7 77 1 9 18 1 1 18 1 8 15 2 6 44 7 44 1 2 70 1 2 20 2 8 70 10 70 3 4 19 6 19 10 19 2 2 24 9 24 2 2 44 6 44 1 4 21 1 1 69 1 2 19 1 2 84 1 6 47 2 2 86 7 86 1 5 31 1 3 42 1 1 11 2 1 23 10 23 
16 2 3 48 4 48 1 1 15 1 6 97 1 2 23 2 3 29 7 29 1 1 96 1 8 66 1 1 41 2 4 43 6 43 1 6 58 1 9 93 1 7 78 1 8 74 2 3 57 7 57 1 1 68 1 9 85 
6 6 135 239 44 441 681 78 809 1061 92 1186 1432 55 1618 1748 89 1995 2119 
15 36 38 121 86 190 287 77 338 457 58 520 593 63 668 763 5 846 903 11 982 1085 39 1163 1222 43 1320 1383 2 1474 1547 7 1649 1690 60 1797 1860 31 1956 2019 34 2112 2181 44 2279 2332 
9 60 73 184 103 322 449 24 582 703 27 856 943 29 1117 1196 3 1342 1485 46 1600 1741 47 1892 1963 85 2123 2246 
11 65 58 149 16 251 370 6 481 554 17 694 755 58 881 982 21 1100 1177 80 1299 1392 81 1483 1622 59 1722 1797 11 1920 2013 40 2132 2215 
8 51 60 124 54 223 329 29 429 491 16 592 696 51 770 886 3 977 1047 36 1169 1223 13 1334 1426 
3 227 318 586 58 1202 1510 205 2146 2374 
12 103 28 145 24 222 297 68 381 484 71 567 644 30 755 802 1 912 991 75 1084 1165 7 1238 1357 63 1406 1535 82 1593 1694 104 1754 1879 73 1926 2053 
13 140 24 169 38 249 330 60 435 530 44 625 726 6 839 898 53 1019 1104 45 1220 1289 2 1415 1480 10 1599 1682 20 1780 1887 45 1999 2054 35 2194 2245 6 2386 2439 
2 265 262 652 337 1118 1624 
8 37 79 151 77 292 398 47 539 611 92 758 852 94 975 1095 68 1219 1311 4 1462 1528 70 1657 1793 
