12 8 2.3
4 3 1 247 2 223 3 100 3 4 140 2 130 7 123 3 4 150 5 160 7 200 2 7 210 8 145 
4 2 1 214 3 150 2 3 87 2 66 3 5 178 6 95 7 150 2 5 120 8 150 
4 2 1 87 2 62 3 7 145 3 180 4 105 3 4 190 5 100 6 153 2 6 170 8 165 
4 2 1 87 2 65 2 3 250 5 173 2 4 145 6 136 2 5 250 6 170 
4 3 2 123 3 145 1 128 3 7 86 4 65 5 47 3 5 110 6 85 2 100 2 8 165 6 180 
4 3 2 145 3 320 4 154 3 4 150 3 123 5 192 3 5 120 6 240 7 180 2 4 120 7 50 
4 2 3 145 2 157 2 3 124 5 168 3 5 145 6 165 7 178 2 8 230 5 140 
4 2 4 245 3 257 2 6 224 5 268 3 5 145 6 165 7 178 2 7 150 8 150 
4 2 2 150 3 150 2 3 180 4 220 2 5 40 7 50 2 6 150 8 170 
4 2 4 245 3 257 2 6 224 5 268 3 5 145 6 165 7 178 2 7 150 8 150 
4 2 2 150 3 150 2 3 180 4 220 2 5 40 7 50 2 6 150 8 170 
4 2 3 345 2 357 2 3 224 5 268 3 5 145 6 165 7 178 2 8 230 5 340 
2 38 35 125 3 187 293 
3 40 58 190 59 311 433 45 530 710 
4 26 139 246 86 490 665 110 879 1046 13 1275 1420 
2 126 113 345 34 525 849 
3 245 127 385 90 671 865 221 1100 1460 
4 118 36 243 120 347 490 14 654 741 42 932 1021 
4 48 79 137 123 247 401 28 468 612 25 716 796 
3 53 82 206 158 333 531 27 649 791 
