11 8 2.3
4 3 1 247 2 123 3 100 3 4 140 2 130 7 123 3 4 150 5 160 7 200 2 7 210 8 145 
4 2 1 214 3 150 2 3 87 2 66 3 5 178 6 95 7 150 2 5 120 8 150 
4 2 1 87 2 62 3 7 145 3 180 4 105 3 4 190 5 100 6 153 2 6 170 8 165 
4 2 1 87 2 65 2 3 250 5 173 2 4 145 6 136 2 5 250 6 170 
4 3 2 123 3 145 1 128 3 7 86 4 65 5 47 3 5 110 6 85 2 100 2 8 165 6 180 
4 3 2 145 3 320 4 154 3 4 150 3 123 5 192 3 5 120 6 240 7 180 2 4 120 7 50 
4 2 3 145 2 157 2 3 124 5 168 3 5 145 6 165 7 178 2 8 230 5 140 
4 2 4 245 3 257 2 6 224 5 268 3 5 145 6 165 7 178 2 7 150 8 150 
4 2 2 150 3 150 2 3 180 4 220 2 5 40 7 50 2 6 150 8 170 
4 2 4 245 3 257 2 6 224 5 268 3 5 145 6 165 7 178 2 7 150 8 150 
4 2 2 150 3 150 2 3 180 4 220 2 5 40 7 50 2 6 150 8 170 
2 31 45 115 10 218 262 
3 43 53 125 116 208 326 34 392 498 
2 21 157 471 345 766 1118 
2 18 69 389 26 629 745 
3 190 100 294 110 450 732 78 923 1047 
4 34 41 224 79 338 457 21 594 731 8 876 979 
2 32 150 252 61 551 655 
3 41 72 178 67 288 462 49 590 660 
