7 7 1.15
7 1 1 692 1 2 310 1 3 832 1 4 630 2 5 258 4 258 1 6 147 1 7 255 
7 1 1 581 1 2 582 1 3 14 1 4 214 1 5 147 2 6 753 4 753 1 7 806 
7 1 1 475 2 2 475 7 475 1 3 785 1 4 578 1 5 852 1 6 2 1 7 699 
7 2 1 23 7 23 1 2 196 1 3 696 1 4 214 1 5 586 1 6 356 2 7 877 1 877 
7 1 1 158 1 2 325 2 3 530 2 530 1 4 785 1 5 325 1 6 565 1 7 412 
7 1 1 796 1 2 874 1 3 214 1 4 236 1 5 896 1 6 898 2 7 302 3 302 
7 1 1 542 1 2 205 2 3 578 2 578 1 4 963 1 5 325 1 6 800 2 7 120 4 120 
2 322 564 1283 697 2244 3297 
3 582 201 894 506 1280 2005 368 2410 3065 
2 120 532 1091 346 1948 2921 
3 735 298 1098 516 1638 2550 65 3285 3695 
2 258 364 1266 617 2111 2779 
2 395 541 1032 783 1795 2924 
2 704 333 1203 334 2034 2574 
