10 10 1.0
10 1 1 32 1 2 14 1 3 15 1 4 37 1 5 18 1 6 43 1 7 19 1 8 27 1 9 28 1 10 31 
10 1 1 8 1 4 12 1 5 49 1 9 24 1 10 52 1 7 19 1 8 23 1 6 19 1 3 17 1 2 32 
10 1 1 25 1 8 19 1 4 27 1 3 45 1 7 21 1 5 15 1 2 13 1 6 16 1 9 43 1 10 19 
10 1 1 24 1 2 18 1 4 41 1 9 29 1 6 14 1 3 17 1 5 23 1 8 15 1 7 18 1 10 23 
10 1 1 27 1 7 29 1 2 39 1 4 21 1 6 15 1 3 15 1 10 25 1 8 26 1 9 44 1 5 20 
10 1 5 17 1 1 15 1 7 51 1 9 17 1 3 46 1 4 16 1 10 33 1 8 25 1 6 30 1 2 25 
10 1 5 15 1 4 31 1 1 25 1 10 12 1 3 13 1 2 51 1 9 19 1 8 21 1 7 12 1 6 26 
10 1 5 8 1 7 29 1 10 25 1 4 15 1 9 17 1 3 22 1 8 32 1 6 20 1 1 11 1 2 28 
10 1 3 41 1 7 10 1 9 32 1 8 5 1 5 21 1 10 59 1 4 26 1 2 10 1 6 16 1 1 29 
9 1 3 20 1 10 7 1 6 44 1 9 22 1 7 33 1 4 25 1 8 29 1 5 12 1 1 14 
2 51 16 89 54 126 189 
3 1 28 49 22 99 132 35 165 220 
2 22 46 80 48 154 224 
2 25 39 87 33 159 219 
3 6 18 48 11 82 116 5 142 188 
2 75 23 99 29 154 212 
2 60 25 96 53 154 209 
3 30 17 57 20 89 133 35 167 203 
3 39 13 79 50 110 166 16 205 255 
2 12 34 109 43 178 251 
