15 10 1.0
10 1 3 34 1 4 55 1 6 95 1 10 16 1 5 21 1 7 71 1 1 53 1 9 52 1 2 21 1 8 26 
10 1 4 39 1 3 31 1 1 12 1 2 42 1 10 79 1 9 77 1 7 77 1 6 98 1 5 55 1 8 66 
10 1 2 19 1 1 83 1 4 34 1 5 92 1 7 54 1 10 79 1 9 62 1 6 37 1 3 64 1 8 43 
10 1 5 60 1 3 87 1 9 24 1 6 77 1 4 69 1 8 38 1 2 87 1 7 41 1 10 83 1 1 93 
10 1 9 79 1 10 77 1 3 98 1 5 96 1 4 17 1 1 44 1 8 43 1 7 75 1 2 49 1 6 25 
10 1 9 35 1 8 95 1 7 9 1 10 10 1 3 35 1 2 7 1 6 28 1 5 61 1 1 95 1 4 76 
10 1 5 28 1 6 59 1 4 16 1 10 43 1 1 46 1 9 50 1 7 52 1 8 27 1 3 59 1 2 91 
10 1 6 9 1 5 20 1 3 39 1 7 54 1 2 45 1 8 71 1 1 87 1 4 41 1 10 43 1 9 14 
10 1 2 28 1 6 33 1 1 78 1 4 26 1 3 37 1 8 8 1 9 66 1 7 89 1 10 42 1 5 33 
10 1 3 94 1 6 84 1 7 78 1 10 81 1 2 74 1 4 27 1 9 69 1 1 69 1 8 45 1 5 96 
10 1 2 31 1 5 24 1 1 20 1 3 17 1 10 25 1 9 81 1 6 76 1 4 87 1 8 32 1 7 18 
10 1 6 28 1 10 97 1 1 58 1 5 45 1 7 76 1 4 99 1 3 23 1 2 72 1 9 90 1 8 86 
10 1 6 27 1 10 48 1 9 27 1 8 62 1 5 98 1 7 67 1 4 48 1 1 42 1 2 46 1 3 17 
10 1 2 12 1 9 50 1 1 80 1 3 50 1 10 80 1 4 19 1 6 28 1 7 63 1 5 94 1 8 98 
10 1 5 61 1 4 55 1 7 37 1 6 14 1 3 50 1 9 79 1 2 41 1 10 72 1 8 18 1 1 75 
3 119 62 250 161 385 551 43 713 847 
3 89 31 191 61 297 369 22 489 621 
2 47 127 241 120 414 690 
4 30 43 134 125 202 329 41 379 506 39 591 648 
4 54 55 166 73 290 373 8 481 624 105 694 853 
4 54 49 131 59 240 300 81 385 515 83 579 681 
2 59 118 313 91 559 734 
4 72 48 142 51 221 349 16 419 531 5 595 735 
2 78 140 288 235 520 764 
2 104 135 303 128 577 737 
