10 5 2.0
5 1 2 23 1 3 45 2 1 82 3 82 2 5 84 1 84 1 4 38 
5 2 3 21 1 21 1 2 29 3 1 18 5 18 2 18 3 5 41 4 41 1 41 3 4 50 2 50 3 50 
5 2 3 38 5 38 2 4 54 2 54 2 5 16 1 16 3 1 52 4 52 3 52 2 2 52 5 52 
5 3 5 37 4 37 1 37 2 1 54 4 54 3 3 74 4 74 5 74 1 2 62 3 4 57 5 57 3 57 
5 2 5 57 1 57 1 1 81 1 2 61 3 4 68 3 68 2 68 1 3 30 
5 2 5 81 2 81 2 1 79 4 79 3 2 89 5 89 1 89 3 3 89 2 89 5 89 2 4 11 5 11 
5 3 4 33 2 33 3 33 2 3 20 2 20 1 1 91 2 5 20 1 20 2 2 66 1 66 
5 2 5 24 2 24 1 2 84 2 1 32 4 32 2 3 55 1 55 1 4 8 
5 1 5 56 2 1 7 2 7 2 4 54 5 54 3 3 64 1 64 2 64 2 2 39 5 39 
5 3 5 40 1 40 4 40 2 2 83 3 83 2 1 19 2 19 1 3 8 1 4 7 
4 67 34 112 25 172 266 39 342 388 66 464 558 
5 6 37 87 74 144 228 76 271 349 51 396 472 42 518 598 
3 34 41 91 72 153 243 43 302 358 
4 17 30 57 34 101 160 34 198 237 43 272 337 
4 26 37 74 23 128 205 75 239 316 30 357 420 
