15 15 1.0
15 1 5 21 1 4 55 1 7 71 1 15 98 1 11 12 1 3 34 1 10 16 1 2 21 1 1 53 1 8 26 1 9 52 1 6 95 1 13 31 1 12 42 1 14 39 
15 1 12 54 1 5 83 1 2 77 1 8 64 1 9 34 1 15 79 1 13 43 1 1 55 1 4 77 1 7 19 1 10 37 1 6 79 1 11 92 1 14 62 1 3 66 
15 1 10 83 1 6 77 1 3 87 1 8 38 1 5 60 1 13 98 1 1 93 1 14 17 1 7 41 1 11 44 1 4 69 1 12 49 1 9 24 1 2 87 1 15 25 
15 1 6 77 1 1 96 1 10 28 1 7 7 1 5 95 1 14 35 1 8 35 1 9 76 1 12 9 1 13 95 1 3 43 1 2 75 1 11 61 1 15 10 1 4 79 
15 1 11 87 1 5 28 1 9 50 1 3 59 1 1 46 1 12 45 1 15 9 1 10 43 1 7 52 1 8 27 1 2 91 1 14 41 1 4 16 1 6 59 1 13 39 
15 1 1 20 1 3 71 1 5 78 1 14 66 1 4 14 1 13 8 1 15 42 1 7 28 1 2 54 1 10 33 1 12 89 1 9 26 1 8 37 1 11 33 1 6 43 
15 1 9 69 1 5 96 1 13 17 1 1 69 1 8 45 1 12 31 1 7 78 1 11 20 1 4 27 1 14 87 1 2 74 1 6 84 1 15 76 1 3 94 1 10 81 
15 1 5 58 1 14 90 1 12 76 1 4 81 1 8 23 1 10 28 1 2 18 1 3 32 1 13 86 1 9 99 1 15 97 1 1 24 1 11 45 1 7 72 1 6 25 
15 1 6 27 1 2 46 1 7 67 1 9 27 1 14 19 1 11 80 1 3 17 1 4 48 1 8 62 1 12 12 1 15 28 1 5 98 1 1 42 1 10 48 1 13 50 
15 1 12 37 1 6 80 1 5 75 1 9 55 1 8 50 1 1 94 1 10 14 1 7 41 1 15 72 1 4 50 1 11 61 1 14 79 1 3 98 1 13 18 1 2 63 
15 1 8 65 1 4 96 1 1 47 1 5 75 1 13 69 1 15 58 1 11 33 1 2 71 1 10 22 1 14 32 1 6 57 1 9 79 1 3 14 1 12 31 1 7 60 
15 1 2 34 1 3 47 1 4 58 1 6 51 1 5 62 1 7 44 1 10 8 1 8 17 1 11 97 1 9 29 1 12 15 1 14 66 1 13 40 1 1 44 1 15 38 
15 1 4 50 1 8 57 1 14 61 1 6 20 1 12 85 1 13 90 1 3 58 1 5 63 1 11 84 1 2 39 1 10 87 1 7 21 1 15 56 1 9 32 1 1 57 
15 1 10 84 1 8 45 1 6 15 1 15 41 1 11 18 1 5 82 1 12 29 1 3 70 1 2 67 1 4 30 1 14 50 1 7 23 1 1 20 1 13 21 1 9 38 
15 1 10 37 1 11 81 1 12 61 1 15 57 1 9 57 1 1 52 1 8 74 1 7 62 1 13 30 1 2 52 1 3 38 1 14 68 1 5 54 1 4 54 1 6 16 
3 24 80 191 52 371 442 2 594 761 
4 42 51 167 13 248 406 42 489 601 76 712 814 
3 54 89 187 7 341 487 102 597 783 
4 129 28 173 10 275 328 51 471 534 29 654 753 
4 9 44 213 89 333 438 37 594 691 92 824 975 
2 177 101 302 31 456 753 
4 48 41 131 28 225 291 60 374 486 78 546 658 
2 133 77 256 28 402 597 
3 44 60 189 86 328 419 22 575 670 
2 83 81 244 157 397 578 
3 93 86 197 101 322 527 67 613 802 
3 11 78 144 87 266 400 26 522 588 
4 3 29 155 18 219 333 96 398 522 11 583 705 
3 114 46 225 87 316 497 32 635 720 
3 64 87 175 105 318 468 118 566 744 
