20 15 1.0
15 1 7 14 1 6 21 1 9 13 1 5 11 1 2 11 1 15 35 1 14 20 1 12 17 1 11 18 1 13 11 1 3 23 1 4 13 1 1 15 1 8 11 1 10 35 
15 1 2 35 1 6 31 1 1 13 1 4 26 1 7 14 1 10 17 1 8 38 1 13 20 1 11 19 1 14 12 1 9 16 1 5 34 1 12 15 1 15 12 1 3 14 
15 1 1 30 1 5 35 1 3 40 1 11 35 1 7 30 1 15 23 1 9 29 1 14 37 1 8 38 1 4 40 1 10 26 1 13 11 1 2 40 1 12 36 1 6 17 
15 1 8 40 1 6 18 1 5 12 1 9 23 1 1 23 1 10 14 1 14 16 1 13 14 1 11 23 1 4 12 1 7 16 1 15 32 1 2 40 1 12 25 1 3 29 
15 1 3 35 1 4 15 1 13 31 1 12 28 1 7 32 1 5 30 1 11 27 1 8 29 1 1 38 1 14 11 1 2 23 1 15 17 1 6 27 1 10 37 1 9 29 
15 1 6 33 1 4 33 1 7 19 1 13 40 1 11 19 1 1 33 1 14 26 1 3 31 1 12 28 1 8 36 1 5 38 1 2 21 1 15 25 1 10 40 1 9 35 
15 1 14 25 1 1 32 1 12 33 1 13 18 1 5 32 1 7 28 1 6 15 1 4 35 1 10 14 1 3 34 1 8 23 1 11 32 1 2 17 1 15 26 1 9 19 
15 1 3 16 1 13 33 1 10 34 1 12 30 1 14 40 1 9 12 1 15 26 1 6 26 1 7 15 1 4 21 1 2 40 1 5 32 1 1 14 1 8 30 1 11 35 
15 1 3 17 1 11 16 1 15 20 1 7 24 1 9 26 1 4 36 1 13 22 1 1 14 1 14 11 1 10 20 1 8 23 1 2 29 1 12 23 1 5 15 1 6 40 
15 1 5 27 1 10 37 1 4 40 1 12 14 1 14 25 1 8 30 1 1 34 1 3 11 1 6 15 1 13 32 1 2 36 1 11 12 1 15 28 1 9 31 1 7 23 
15 1 14 25 1 1 22 1 4 27 1 9 14 1 6 25 1 7 20 1 15 18 1 8 14 1 2 19 1 3 17 1 5 27 1 10 22 1 13 22 1 12 27 1 11 21 
15 1 15 34 1 11 15 1 1 22 1 4 29 1 14 34 1 7 40 1 8 17 1 3 32 1 13 20 1 6 39 1 5 31 1 12 16 1 2 37 1 9 33 1 10 13 
15 1 7 12 1 13 27 1 5 17 1 3 24 1 9 11 1 6 19 1 15 11 1 4 17 1 10 25 1 2 11 1 12 31 1 14 33 1 8 31 1 11 12 1 1 22 
15 1 6 22 1 15 15 1 1 16 1 9 32 1 8 20 1 5 22 1 10 11 1 14 19 1 2 30 1 13 33 1 7 29 1 12 18 1 4 34 1 11 32 1 3 18 
15 1 6 27 1 4 26 1 11 28 1 7 37 1 5 18 1 13 12 1 12 11 1 14 26 1 8 27 1 10 40 1 15 19 1 2 24 1 3 18 1 1 12 1 9 34 
15 1 9 15 1 6 28 1 10 25 1 7 32 1 2 13 1 8 38 1 12 11 1 3 34 1 5 25 1 1 20 1 11 32 1 4 23 1 13 14 1 15 16 1 14 20 
15 1 2 15 1 5 13 1 9 37 1 4 14 1 11 22 1 6 24 1 13 26 1 8 22 1 10 34 1 15 22 1 12 19 1 14 32 1 1 29 1 3 13 1 7 35 
15 1 8 36 1 6 33 1 14 28 1 10 20 1 11 30 1 5 33 1 15 29 1 1 34 1 4 22 1 12 12 1 7 30 1 9 12 1 2 35 1 3 13 1 13 35 
15 1 15 26 1 12 31 1 6 35 1 3 38 1 14 19 1 11 35 1 5 27 1 9 29 1 4 39 1 10 13 1 7 14 1 8 26 1 1 17 1 2 22 1 13 15 
15 1 2 36 1 8 34 1 12 33 1 9 17 1 15 38 1 7 39 1 6 16 1 4 27 1 14 29 1 3 16 1 1 16 1 5 19 1 10 40 1 13 35 1 11 39 
4 24 41 73 24 135 207 13 255 315 1 383 415 
5 35 15 92 54 120 201 22 247 288 4 360 389 37 460 503 
2 12 86 151 107 272 439 
5 5 30 76 26 142 176 42 235 295 34 345 397 36 440 514 
3 18 48 118 89 196 302 24 369 461 
2 1 93 163 48 322 446 
2 94 55 197 48 327 429 
3 105 26 162 35 247 317 102 415 525 
4 22 26 91 7 152 199 3 256 329 35 377 442 
2 4 96 163 89 308 469 
3 64 46 122 65 219 285 88 365 475 
5 16 30 62 12 121 155 1 205 255 35 299 345 21 399 429 
4 3 43 75 42 150 204 12 265 325 13 390 436 
2 104 57 187 152 289 443 
3 50 44 114 10 215 259 8 366 424 
