7 7 2.0
7 1 1 692 1 2 310 2 3 832 2 832 2 4 630 7 630 2 5 258 2 258 2 6 147 5 147 3 7 255 4 255 6 255 
7 3 1 581 3 581 6 581 2 2 582 7 582 3 3 14 4 14 2 14 2 4 214 6 214 2 5 147 1 147 3 6 753 4 753 1 753 3 7 806 5 806 2 806 
7 1 1 475 1 2 475 3 3 785 4 785 2 785 3 4 578 6 578 5 578 3 5 852 2 852 7 852 2 6 2 7 2 2 7 699 1 699 
7 1 1 23 3 2 196 4 196 3 196 2 3 696 5 696 3 4 214 3 214 1 214 1 5 586 3 6 356 7 356 1 356 1 7 877 
7 3 1 158 2 158 4 158 2 2 325 5 325 3 3 530 1 530 4 530 3 4 785 1 785 2 785 1 5 325 1 6 565 2 7 412 2 412 
7 2 1 796 6 796 2 2 874 5 874 2 3 214 7 214 2 4 236 5 236 2 5 896 1 896 1 6 898 1 7 302 
7 2 1 542 4 542 2 2 205 5 205 2 3 578 6 578 2 4 963 1 963 3 5 325 1 325 4 325 2 6 800 2 800 2 7 120 1 120 
4 322 342 785 251 1532 1849 220 2620 3015 212 3636 4253 
5 295 241 585 490 963 1515 453 1837 2293 220 2680 3102 232 3564 3870 
3 188 92 553 147 882 1053 127 1472 1753 
3 150 120 822 273 1213 1613 89 2058 2652 
4 625 138 777 359 1154 1591 109 2113 2462 88 2987 3418 
4 532 112 782 406 1087 1595 192 2117 2353 311 2959 3299 
4 268 207 610 56 1115 1336 147 1926 2159 126 2630 3089 
