10 10 1.0
10 1 3 44 1 4 5 1 6 58 1 5 97 1 1 9 1 8 84 1 9 77 1 10 96 1 2 58 1 7 89 
10 1 5 15 1 8 31 1 2 87 1 9 57 1 1 77 1 4 85 1 3 81 1 6 39 1 10 73 1 7 21 
10 1 10 82 1 7 22 1 5 10 1 4 70 1 2 49 1 1 40 1 9 34 1 3 48 1 8 80 1 6 71 
10 1 2 91 1 3 17 1 8 62 1 6 75 1 9 47 1 5 11 1 4 7 1 7 72 1 10 35 1 1 55 
10 1 7 71 1 2 90 1 4 75 1 1 64 1 3 94 1 9 15 1 5 12 1 8 67 1 10 20 1 6 50 
10 1 8 70 1 6 93 1 9 77 1 3 29 1 5 58 1 7 93 1 4 68 1 2 57 1 10 7 1 1 52 
10 1 7 87 1 2 63 1 5 26 1 6 6 1 3 82 1 4 27 1 8 56 1 9 48 1 10 36 1 1 95 
10 1 1 36 1 6 15 1 9 41 1 10 78 1 4 76 1 7 84 1 5 30 1 8 76 1 3 36 1 2 8 
10 1 6 88 1 3 81 1 4 13 1 7 82 1 5 54 1 8 13 1 9 29 1 10 40 1 2 78 1 1 75 
10 1 10 88 1 5 54 1 7 64 1 8 32 1 1 52 1 3 6 1 9 54 1 6 82 1 4 6 1 2 26 
3 32 30 155 9 243 312 22 419 506 
2 11 102 202 46 381 531 
2 63 72 187 17 319 458 
2 9 31 185 27 271 377 
2 90 33 151 16 243 309 
3 38 29 164 61 226 353 21 412 553 
2 39 83 260 15 429 600 
2 86 41 245 101 371 487 
3 75 38 122 28 214 266 34 346 454 
3 78 42 143 6 236 319 52 423 502 
