10 10 1.0
10 1 1 55 1 2 74 1 3 45 1 4 23 1 5 76 1 6 19 1 7 18 1 8 61 1 9 44 1 10 11 
10 1 1 63 1 2 43 1 3 51 1 4 18 1 5 42 1 8 11 1 7 29 1 6 52 1 10 29 1 9 88 
10 1 3 88 1 2 31 1 1 47 1 5 10 1 4 62 1 6 60 1 7 58 1 8 29 1 9 52 1 10 92 
10 1 3 16 1 2 71 1 1 55 1 5 55 1 4 9 1 8 49 1 7 83 1 6 54 1 10 7 1 9 57 
10 1 2 7 1 1 41 1 5 92 1 4 94 1 3 46 1 7 79 1 6 34 1 10 38 1 9 8 1 8 18 
10 1 2 25 1 1 5 1 5 89 1 4 94 1 3 14 1 7 94 1 6 20 1 10 23 1 9 44 1 8 39 
10 1 2 24 1 3 21 1 5 47 1 1 40 1 4 94 1 7 71 1 8 89 1 10 75 1 6 97 1 9 15 
10 1 2 5 1 3 7 1 5 74 1 1 28 1 4 72 1 6 61 1 8 9 1 9 53 1 10 32 1 7 97 
10 1 1 34 1 3 52 1 4 37 1 5 6 1 2 94 1 7 6 1 8 56 1 10 41 1 6 5 1 9 16 
10 1 1 77 1 3 74 1 4 82 1 5 10 1 2 29 1 6 15 1 8 51 1 9 65 1 10 37 1 7 21 
2 1 49 174 30 296 373 
2 107 46 156 44 277 329 
2 46 68 139 117 236 385 
2 74 108 185 25 357 522 
2 17 79 172 2 344 409 
3 41 31 108 38 188 229 59 316 379 
3 57 43 143 62 241 317 12 422 508 
2 23 38 168 91 260 358 
3 47 44 104 30 166 278 94 320 420 
3 2 45 84 14 157 230 2 283 362 
