10 5 2.0
5 1 1 20 1 4 87 2 2 31 3 31 2 5 76 1 76 1 3 17 
5 2 5 25 3 25 2 3 32 5 32 3 1 24 2 24 5 24 2 2 18 5 18 2 4 81 1 81 
5 3 2 72 3 72 5 72 2 3 23 5 23 2 5 28 2 28 2 1 58 4 58 2 4 99 1 99 
5 1 3 86 2 2 76 4 76 1 5 97 1 1 45 3 4 90 1 90 5 90 
5 3 5 27 4 27 3 27 3 1 42 4 42 5 42 1 4 48 2 3 17 1 17 1 2 46 
5 1 2 67 3 1 98 3 98 2 98 1 5 48 2 4 27 5 27 3 3 62 2 62 5 62 
5 1 5 28 3 2 12 5 12 1 12 3 4 19 2 19 3 19 2 1 80 3 80 1 3 50 
5 3 2 63 4 63 3 63 2 1 94 3 94 1 3 98 1 4 50 2 5 80 1 80 
5 2 5 14 1 14 2 1 75 5 75 2 3 50 1 50 2 2 41 4 41 2 4 55 1 55 
5 1 5 72 1 3 18 2 2 37 4 37 2 4 79 3 79 2 1 61 2 61 
5 27 40 75 24 157 188 12 262 313 55 372 433 72 478 557 
3 42 41 85 21 153 225 29 273 357 
4 87 20 130 32 186 264 26 330 420 4 483 567 
2 36 82 189 10 370 443 
3 32 56 129 1 224 331 14 437 488 
