10 10 1.0
10 1 5 18 1 8 21 1 10 41 1 3 45 1 4 38 1 9 50 1 6 84 1 7 29 1 2 23 1 1 82 
10 1 9 57 1 6 16 1 2 52 1 8 74 1 3 38 1 4 54 1 7 62 1 10 37 1 5 54 1 1 52 
10 1 3 30 1 5 79 1 4 68 1 2 61 1 9 11 1 7 89 1 8 89 1 1 81 1 10 81 1 6 57 
10 1 1 91 1 9 8 1 4 33 1 8 55 1 6 20 1 3 20 1 5 32 1 7 84 1 2 66 1 10 24 
10 1 10 40 1 1 7 1 5 19 1 9 7 1 7 83 1 3 64 1 6 56 1 4 54 1 8 8 1 2 39 
10 1 4 91 1 3 64 1 6 40 1 1 63 1 8 98 1 5 74 1 9 61 1 2 6 1 7 42 1 10 15 
10 1 2 80 1 8 39 1 9 24 1 4 75 1 5 75 1 6 6 1 7 44 1 1 26 1 3 87 1 10 22 
10 1 2 15 1 8 43 1 3 20 1 1 12 1 9 26 1 7 61 1 4 79 1 10 22 1 6 8 1 5 80 
10 1 3 62 1 4 96 1 5 22 1 10 5 1 1 63 1 7 33 1 8 10 1 9 18 1 2 36 1 6 40 
10 1 2 96 1 1 89 1 6 64 1 4 95 1 10 23 1 8 18 1 9 15 1 3 64 1 7 38 1 5 8 
3 10 66 123 48 243 324 41 401 544 
2 55 31 206 3 319 392 
2 137 51 196 24 337 404 
2 148 60 282 154 398 628 
2 99 61 170 105 276 417 
3 19 23 108 33 157 236 35 279 376 
3 41 63 126 53 255 312 101 421 524 
3 32 25 127 8 199 257 41 345 415 
2 61 32 107 61 159 258 
2 83 35 120 10 205 260 
