14 4 1.15
4 1 1 456 1 2 856 1 3 963 1 4 696 
4 2 1 789 4 789 1 2 930 1 3 21 1 4 320 
4 1 1 630 1 2 214 1 3 475 1 4 142 
4 2 1 214 4 214 1 2 257 1 3 320 1 4 753 
4 2 1 573 2 573 1 2 896 1 3 124 1 4 214 
4 1 1 218 2 2 532 4 532 1 3 752 1 4 528 
4 1 1 653 1 2 142 1 3 147 1 4 653 
4 2 1 214 4 214 1 2 547 1 3 532 2 4 214 1 214 
4 1 1 204 1 2 865 1 3 145 1 4 527 
4 1 1 785 1 2 321 1 3 763 1 4 536 
4 1 1 696 1 2 124 2 3 214 1 214 1 4 214 
4 1 1 532 2 2 12 3 12 1 3 257 1 4 528 
4 2 1 12 4 12 2 2 345 1 345 2 3 854 1 854 1 4 888 
4 1 1 457 1 2 678 1 3 123 1 4 999 
4 606 458 1129 226 2049 2712 1049 3406 4529 429 5229 5880 
3 391 727 1460 986 2775 3786 911 4832 6103 
3 349 643 1078 50 1963 3200 1032 3784 4821 
5 390 550 1048 402 2111 2683 193 3603 4387 428 5027 6159 387 6614 7768 
