8 9 1.0
9 1 1 887 1 2 447 1 3 234 1 4 159 1 5 201 1 6 555 1 7 463 1 8 456 1 9 753 
9 1 1 799 1 2 779 1 3 567 1 4 267 1 5 478 1 6 444 1 7 123 1 8 789 1 9 21 
9 1 1 999 1 2 999 1 3 852 1 4 483 1 5 520 1 6 120 1 7 456 1 8 630 1 9 427 
9 1 1 666 1 2 666 1 3 140 1 4 753 1 5 145 1 6 142 1 7 789 1 8 258 1 9 520 
9 1 1 663 1 2 25 1 3 222 1 4 420 1 5 699 1 6 578 1 7 876 1 8 741 1 9 142 
9 1 1 333 1 2 558 1 3 558 1 4 159 1 5 875 1 6 965 1 7 543 1 8 36 1 9 534 
9 1 1 222 1 2 886 1 3 965 1 4 25 1 5 633 1 6 412 1 7 210 1 8 985 1 9 157 
9 1 1 114 1 2 541 1 3 412 1 4 863 1 5 222 1 6 25 1 7 123 1 8 214 1 9 896 
2 1052 461 1881 304 3121 3905 
2 1317 452 1999 430 2821 4532 
2 1075 333 1642 426 2448 3477 
2 137 260 1305 620 1886 2809 
2 437 425 1462 521 2270 3391 
2 346 427 1194 46 2035 2828 
2 273 385 1407 582 2321 3055 
2 570 503 1552 504 2485 3680 
2 104 620 1105 341 2289 2886 
