15 10 1.0
10 1 8 8 1 10 75 1 1 72 1 7 74 1 5 30 1 9 43 1 3 38 1 6 98 1 2 26 1 4 19 
10 1 7 19 1 9 73 1 4 43 1 1 23 1 2 85 1 5 39 1 6 13 1 10 26 1 3 67 1 8 9 
10 1 2 50 1 4 93 1 6 80 1 5 7 1 1 55 1 3 61 1 7 57 1 9 72 1 10 42 1 8 46 
10 1 2 68 1 8 43 1 5 99 1 7 60 1 6 68 1 1 91 1 9 11 1 4 96 1 10 11 1 3 72 
10 1 8 84 1 3 34 1 9 40 1 6 7 1 2 70 1 7 74 1 4 12 1 1 43 1 10 69 1 5 30 
10 1 9 60 1 1 49 1 5 59 1 6 72 1 10 63 1 2 69 1 8 99 1 7 45 1 4 27 1 3 9 
10 1 7 71 1 3 91 1 9 65 1 2 90 1 10 98 1 5 8 1 8 50 1 1 75 1 6 37 1 4 17 
10 1 9 62 1 8 90 1 6 98 1 4 31 1 3 91 1 5 38 1 10 72 1 2 9 1 1 72 1 7 49 
10 1 5 35 1 1 39 1 10 74 1 6 25 1 8 47 1 4 52 1 3 63 1 9 21 1 7 35 1 2 80 
10 1 10 58 1 1 5 1 4 50 1 9 52 1 2 88 1 7 20 1 3 68 1 6 24 1 5 53 1 8 57 
10 1 8 99 1 4 91 1 5 33 1 6 19 1 3 18 1 7 38 1 1 24 1 10 35 1 2 49 1 9 9 
10 1 1 68 1 4 60 1 3 77 1 8 10 1 9 60 1 6 15 1 10 72 1 2 18 1 7 90 1 5 18 
10 1 10 79 1 2 60 1 4 56 1 7 91 1 3 40 1 9 86 1 8 72 1 1 80 1 6 89 1 5 51 
10 1 5 10 1 3 92 1 6 23 1 7 46 1 9 40 1 8 72 1 4 6 1 2 23 1 1 95 1 10 34 
10 1 3 24 1 6 29 1 10 49 1 9 55 1 1 47 1 7 77 1 4 77 1 8 8 1 2 28 1 5 48 
3 113 79 201 1 380 460 8 646 754 
2 161 101 306 151 493 728 
2 97 156 267 129 558 711 
2 53 72 293 163 434 661 
4 69 30 110 10 186 234 53 318 382 37 460 520 
2 62 116 233 7 469 578 
4 9 58 154 68 257 379 39 458 602 33 664 820 
4 20 70 129 7 250 347 17 462 533 81 636 757 
4 17 58 130 5 249 315 20 444 496 8 627 689 
3 139 55 231 80 383 475 72 640 790 
