15 5 1.0
5 1 2 21 1 3 34 1 5 95 1 1 53 1 4 55 
5 1 4 52 1 5 16 1 2 71 1 3 26 1 1 21 
5 1 3 31 1 1 12 1 2 42 1 4 39 1 5 98 
5 1 4 77 1 2 77 1 5 79 1 1 55 1 3 66 
5 1 5 37 1 4 34 1 3 64 1 2 19 1 1 83 
5 1 3 43 1 2 54 1 1 92 1 4 62 1 5 79 
5 1 1 93 1 4 69 1 2 87 1 5 77 1 3 87 
5 1 1 60 1 2 41 1 3 38 1 5 83 1 4 24 
5 1 3 98 1 4 17 1 5 25 1 1 44 1 2 49 
5 1 1 96 1 5 77 1 4 79 1 2 75 1 3 43 
5 1 5 28 1 3 35 1 1 95 1 4 76 1 2 7 
5 1 1 61 1 5 10 1 3 95 1 2 9 1 4 35 
5 1 5 59 1 4 16 1 2 91 1 3 59 1 1 46 
5 1 5 43 1 2 52 1 1 28 1 3 27 1 4 50 
5 1 1 87 1 2 45 1 3 39 1 5 9 1 4 41 
3 50 100 209 55 385 542 42 681 864 
3 30 88 159 133 298 443 26 584 651 
4 107 36 161 102 239 352 41 465 520 18 657 722 
4 34 68 114 6 212 334 84 397 513 6 602 672 
3 45 60 212 106 349 467 35 621 739 
