15 15 1.0
15 1 6 19 1 7 64 1 12 73 1 10 13 1 3 84 1 15 88 1 4 85 1 11 41 1 13 53 1 14 80 1 2 66 1 8 46 1 9 59 1 5 25 1 1 62 
15 1 2 67 1 4 74 1 8 41 1 3 57 1 15 52 1 1 14 1 10 64 1 9 84 1 7 78 1 6 47 1 14 28 1 5 84 1 11 63 1 13 26 1 12 46 
15 1 7 97 1 9 95 1 1 64 1 10 38 1 11 59 1 13 95 1 3 17 1 12 65 1 14 93 1 4 10 1 6 73 1 2 11 1 5 85 1 15 46 1 8 67 
15 1 11 23 1 13 49 1 4 32 1 5 66 1 3 43 1 1 60 1 9 41 1 8 61 1 14 70 1 10 49 1 12 17 1 7 90 1 2 85 1 15 99 1 6 85 
15 1 10 98 1 9 57 1 4 73 1 7 9 1 1 73 1 8 7 1 2 98 1 5 13 1 14 41 1 6 40 1 12 85 1 11 37 1 3 68 1 15 79 1 13 17 
15 1 12 66 1 8 53 1 6 86 1 7 40 1 1 14 1 4 19 1 14 96 1 5 95 1 3 54 1 11 84 1 13 97 1 9 16 1 15 52 1 2 76 1 10 87 
15 1 5 77 1 3 55 1 10 42 1 6 74 1 15 91 1 14 33 1 11 16 1 13 54 1 1 18 1 4 87 1 8 60 1 9 13 1 7 33 1 2 33 1 12 61 
15 1 7 41 1 6 39 1 12 82 1 10 64 1 15 47 1 11 28 1 8 78 1 14 49 1 2 79 1 5 58 1 3 92 1 4 79 1 13 6 1 1 69 1 9 76 
15 1 12 21 1 6 42 1 10 91 1 3 28 1 1 52 1 7 88 1 13 76 1 14 86 1 11 23 1 2 35 1 8 52 1 5 91 1 4 47 1 15 82 1 9 24 
15 1 12 42 1 2 93 1 4 95 1 14 45 1 10 28 1 15 77 1 1 84 1 11 8 1 8 45 1 5 70 1 6 37 1 7 86 1 13 64 1 9 67 1 3 38 
15 1 5 97 1 13 81 1 2 58 1 8 84 1 6 58 1 1 9 1 12 87 1 4 5 1 3 44 1 14 85 1 7 89 1 11 77 1 10 96 1 15 39 1 9 77 
15 1 13 80 1 2 21 1 11 10 1 6 73 1 9 70 1 7 49 1 3 31 1 14 34 1 5 40 1 12 22 1 1 15 1 15 82 1 4 57 1 10 71 1 8 48 
15 1 3 17 1 8 62 1 6 75 1 10 35 1 2 91 1 15 50 1 4 7 1 11 64 1 14 75 1 13 94 1 1 55 1 7 72 1 9 47 1 5 11 1 12 90 
15 1 12 93 1 7 57 1 2 71 1 13 70 1 10 93 1 6 20 1 4 15 1 14 77 1 11 58 1 1 12 1 3 67 1 9 68 1 15 7 1 8 29 1 5 52 
15 1 14 76 1 4 27 1 5 26 1 10 36 1 12 8 1 11 36 1 1 95 1 9 48 1 3 82 1 7 87 1 6 6 1 2 63 1 8 56 1 13 36 1 15 15 
3 44 80 152 45 316 380 45 493 667 
3 61 107 209 14 432 516 99 720 860 
2 46 103 286 211 473 694 
3 44 80 158 46 296 418 98 506 684 
3 96 73 224 92 351 540 30 649 836 
2 195 67 320 53 456 705 
4 105 36 209 100 317 418 44 543 682 103 804 911 
4 120 30 168 90 244 350 9 430 560 66 655 731 
3 40 86 195 102 361 482 70 614 791 
2 282 71 382 87 610 749 
2 37 47 267 82 400 542 
3 136 44 242 55 364 494 31 636 794 
2 174 104 345 165 519 828 
3 138 57 266 12 390 579 88 698 917 
2 60 120 333 113 552 807 
