8 9 2.0
9 1 1 887 1 2 447 2 3 234 9 234 2 4 159 1 159 2 5 201 8 201 2 6 555 4 555 3 7 463 3 463 4 463 3 8 456 2 456 3 456 3 9 753 6 753 2 753 
9 2 1 799 8 799 2 2 779 5 779 2 3 567 9 567 3 4 267 2 267 6 267 1 5 478 2 6 444 8 444 1 7 123 1 8 789 3 9 21 8 21 2 21 
9 2 1 999 3 999 3 2 999 1 999 3 999 1 3 852 3 4 483 5 483 1 483 1 5 520 2 6 120 1 120 1 7 456 3 8 630 6 630 5 630 1 9 427 
9 2 1 666 3 666 3 2 666 4 666 8 666 1 3 140 3 4 753 5 753 7 753 3 5 145 1 145 6 145 2 6 142 2 142 1 7 789 3 8 258 4 258 3 258 2 9 520 8 520 
9 1 1 663 1 2 25 2 3 222 6 222 2 4 420 8 420 2 5 699 9 699 2 6 578 4 578 2 7 876 3 876 2 8 741 7 741 1 9 142 
9 2 1 333 9 333 2 2 558 5 558 3 3 558 2 558 1 558 2 4 159 8 159 3 5 875 3 875 7 875 3 6 965 8 965 5 965 2 7 543 9 543 1 8 36 1 9 534 
9 1 1 222 2 2 886 8 886 1 3 965 2 4 25 3 25 3 5 633 2 633 8 633 1 6 412 2 7 210 9 210 3 8 985 5 985 7 985 2 9 157 2 157 
9 2 1 114 2 114 1 2 541 2 3 412 6 412 3 4 863 2 863 9 863 2 5 222 4 222 1 6 25 1 7 123 3 8 214 7 214 1 214 1 9 896 
4 80 339 703 131 1408 1718 121 2391 2819 214 3496 3798 
5 44 127 687 11 1111 1331 439 1737 2333 48 2690 3008 254 3389 3937 
3 284 498 1223 263 1969 3194 110 3900 4705 
3 175 186 584 294 931 1379 171 1739 2111 
4 408 225 788 161 1369 1670 412 2308 2757 221 3403 3688 
4 207 136 513 82 786 1161 408 1393 1852 160 2120 2423 
4 112 201 743 39 1254 1578 212 2081 2639 24 3142 3466 
3 188 191 1316 869 1740 2781 553 3451 4084 
2 1360 273 1816 1122 2356 3911 
