20 10 2.0
10 1 9 52 1 8 26 2 7 71 3 71 2 10 16 6 16 1 3 34 2 2 21 8 21 2 6 95 8 95 3 5 21 10 21 7 21 3 1 53 4 53 10 53 2 4 55 1 55 
10 3 5 55 3 55 10 55 2 6 98 5 98 2 4 39 2 39 2 10 79 6 79 3 1 12 4 12 8 12 2 9 77 7 77 1 7 77 3 8 66 9 66 1 66 2 3 31 9 31 3 2 42 4 42 10 42 
10 1 6 37 3 5 92 4 92 10 92 1 3 64 2 7 54 6 54 1 2 19 1 8 43 3 1 83 3 83 2 83 1 4 34 2 10 79 2 79 2 9 62 4 62 
10 3 2 87 10 87 1 87 3 6 77 2 77 3 77 2 1 93 3 93 1 4 69 3 3 87 2 87 4 87 3 8 38 5 38 3 38 1 9 24 1 7 41 2 10 83 1 83 2 5 60 1 60 
10 2 3 98 10 98 2 6 25 1 25 2 7 75 4 75 2 10 77 1 77 1 2 49 1 4 17 2 9 79 2 79 2 1 44 5 44 3 8 43 6 43 7 43 2 5 96 10 96 
10 3 2 7 6 7 9 7 2 5 61 8 61 2 1 95 7 95 1 3 35 1 10 10 1 9 35 2 6 28 5 28 1 4 76 2 8 95 6 95 3 7 9 10 9 5 9 
10 2 6 59 3 59 3 10 43 8 43 6 43 2 1 46 2 46 2 5 28 7 28 1 7 52 2 4 16 9 16 3 3 59 2 59 9 59 2 2 91 1 91 1 9 50 1 8 27 
10 3 6 9 3 9 8 9 1 10 43 2 9 14 1 14 1 8 71 2 5 20 7 20 3 7 54 1 54 3 54 2 4 41 6 41 2 1 87 5 87 1 2 45 1 3 39 
10 1 2 28 3 9 66 2 66 5 66 3 1 78 10 78 8 78 3 3 37 2 37 9 37 1 10 42 3 4 26 9 26 10 26 1 6 33 2 7 89 1 89 3 5 33 1 33 9 33 2 8 8 9 8 
10 3 5 96 3 96 2 96 1 4 27 1 7 78 3 6 84 1 84 8 84 3 3 94 1 94 5 94 1 9 69 3 2 74 1 74 10 74 1 10 81 2 8 45 4 45 3 1 69 3 69 6 69 
10 1 5 24 1 8 32 1 10 25 3 3 17 4 17 7 17 3 4 87 7 87 3 87 1 9 81 3 6 76 7 76 2 76 1 7 18 1 2 31 2 1 20 8 20 
10 2 9 90 5 90 2 6 28 5 28 3 2 72 9 72 3 72 3 8 86 6 86 10 86 3 3 23 9 23 2 23 3 4 99 5 99 8 99 2 7 76 8 76 3 10 97 1 97 9 97 2 5 45 6 45 1 1 58 
10 3 3 17 6 17 4 17 2 5 98 6 98 1 4 48 3 2 46 8 46 9 46 2 9 27 4 27 1 7 67 1 8 62 2 1 42 3 42 1 10 48 1 6 27 
10 1 1 80 3 9 50 3 50 5 50 3 4 19 1 19 5 19 2 8 98 9 98 2 6 28 7 28 1 3 50 2 5 94 2 94 2 7 63 6 63 1 2 12 3 10 80 4 80 5 80 
10 3 10 72 5 72 8 72 3 1 75 8 75 10 75 1 5 61 3 9 79 5 79 10 79 2 7 37 8 37 3 3 50 1 50 10 50 3 6 14 3 14 8 14 2 4 55 1 55 3 8 18 2 18 5 18 2 2 41 8 41 
10 3 4 96 9 96 1 96 2 3 14 5 14 1 6 57 2 1 47 4 47 3 8 65 9 65 1 65 1 5 75 2 9 79 5 79 3 2 71 9 71 4 71 3 7 60 9 60 3 60 3 10 22 3 22 2 22 
10 2 2 31 3 31 3 8 47 3 47 7 47 2 9 58 2 58 2 4 32 7 32 1 5 44 1 6 58 3 7 34 9 34 5 34 1 1 33 2 3 69 8 69 2 10 51 8 51 
10 2 2 44 3 44 1 8 40 1 3 17 3 1 62 7 62 6 62 1 9 66 3 7 15 8 15 1 15 2 4 29 10 29 3 10 38 8 38 9 38 1 6 8 1 5 97 
10 1 3 58 3 4 50 5 50 8 50 2 5 63 10 63 2 10 87 4 87 2 1 57 4 57 1 7 21 1 8 57 2 9 32 5 32 1 2 39 2 6 20 2 20 
10 1 2 85 2 1 84 6 84 1 6 56 1 4 61 1 10 15 2 8 70 4 70 2 9 30 7 30 2 3 90 1 90 1 7 67 1 5 20 
9 56 32 104 49 172 236 14 310 370 55 431 521 13 565 659 39 727 769 49 852 916 24 995 1045 20 1133 1179 
4 29 42 203 94 315 420 77 552 673 115 774 941 
9 7 39 75 21 150 192 18 256 314 43 375 423 29 481 545 62 587 667 32 706 776 68 812 898 11 941 997 
8 19 27 96 3 148 221 13 264 351 18 398 463 62 517 590 4 643 710 41 771 828 39 884 961 
4 45 79 219 59 390 504 3 701 789 74 990 1096 
3 128 49 268 126 360 591 26 723 862 
5 52 65 132 124 222 369 41 433 552 33 619 760 45 838 935 
4 4 96 176 67 367 449 27 595 765 91 899 1005 
8 29 42 92 28 178 224 23 313 357 3 421 517 10 562 644 6 710 764 27 842 900 21 984 1026 
7 7 23 125 53 166 278 62 334 406 13 482 554 36 619 713 65 781 847 14 936 988 
