8 8 4.0
8 2 1 456 4 456 5 1 654 2 654 4 654 7 654 8 654 2 3 852 5 852 3 4 145 5 145 6 145 5 1 632 3 632 5 632 6 632 7 632 4 1 425 2 425 5 425 6 425 3 1 214 2 214 7 214 5 4 654 5 654 6 654 7 654 8 654 
8 5 1 789 2 789 3 789 7 789 8 789 5 2 123 3 123 5 123 6 123 8 123 5 2 369 3 369 4 369 5 369 8 369 4 1 678 3 678 4 678 5 678 3 5 581 6 581 8 581 5 1 396 2 396 3 396 5 396 6 396 5 1 123 3 123 6 123 7 123 8 123 6 1 789 2 789 3 789 4 789 6 789 8 789 
8 2 1 654 8 654 5 2 123 4 123 5 123 7 123 8 123 4 2 632 3 632 4 632 7 632 4 1 965 3 965 4 965 6 965 6 2 475 3 475 5 475 6 475 7 475 8 475 3 6 325 7 325 8 325 5 1 456 2 456 4 456 5 456 7 456 6 2 654 4 654 5 654 6 654 7 654 8 654 
8 4 1 321 3 321 4 321 5 321 4 2 456 4 456 5 456 6 456 5 1 581 2 581 3 581 7 581 8 581 4 1 421 2 421 4 421 8 421 4 2 32 4 32 5 32 6 32 2 3 147 6 147 2 3 789 7 789 5 3 123 4 123 5 123 6 123 8 123 
8 4 1 456 2 456 7 456 8 456 3 2 789 5 789 8 789 3 1 472 3 472 5 472 4 3 365 4 365 5 365 6 365 7 1 536 2 536 4 536 5 536 6 536 7 536 8 536 5 2 852 3 852 4 852 6 852 8 852 4 1 654 3 654 7 654 8 654 5 1 123 4 123 5 123 6 123 8 123 
8 2 1 789 7 789 4 2 654 4 654 7 654 8 654 3 3 586 4 586 7 586 3 3 824 4 824 6 824 5 1 325 2 325 5 325 7 325 8 325 4 2 12 3 12 6 12 7 12 3 4 321 5 321 7 321 3 4 456 6 456 8 456 
8 4 1 654 2 654 7 654 8 654 3 1 321 2 321 5 321 4 3 320 5 320 7 320 8 320 6 1 758 3 758 4 758 5 758 6 758 7 758 5 1 863 4 863 5 863 6 863 7 863 2 2 452 6 452 5 1 456 2 456 3 456 7 456 8 456 2 1 789 8 789 
8 4 1 789 3 789 4 789 7 789 3 1 147 2 147 8 147 3 2 120 3 120 8 120 5 1 639 3 639 4 639 5 639 6 639 3 2 21 3 21 5 21 3 2 863 6 863 8 863 3 2 789 5 789 7 789 5 1 654 3 654 6 654 7 654 8 654 
4 35 264 922 348 1502 2056 446 2669 3261 65 3852 4450 
6 102 160 452 296 724 1112 92 1418 1642 278 1985 2299 361 2562 2946 264 3228 3504 
3 662 370 1043 282 1891 2348 410 3200 3865 
2 378 470 1405 824 2221 3404 
5 62 171 545 209 815 1333 3 1680 1900 184 2366 2646 159 3073 3371 
2 383 495 1249 354 2054 3178 
5 41 149 697 185 1036 1502 519 1798 2432 148 2831 3091 163 3692 3922 
2 211 521 1575 136 2523 3765 
