30 10 1.0
10 1 7 89 1 2 58 1 5 97 1 3 44 1 9 77 1 4 5 1 1 9 1 6 58 1 10 96 1 8 84 
10 1 8 31 1 3 81 1 10 73 1 5 15 1 2 87 1 6 39 1 9 57 1 1 77 1 4 85 1 7 21 
10 1 3 48 1 6 71 1 1 40 1 4 70 1 2 49 1 7 22 1 5 10 1 9 34 1 8 80 1 10 82 
10 1 5 11 1 7 72 1 8 62 1 1 55 1 3 17 1 6 75 1 4 7 1 2 91 1 10 35 1 9 47 
10 1 1 64 1 7 71 1 5 12 1 2 90 1 3 94 1 4 75 1 10 20 1 9 15 1 6 50 1 8 67 
10 1 3 29 1 7 93 1 4 68 1 6 93 1 2 57 1 9 77 1 1 52 1 10 7 1 5 58 1 8 70 
10 1 5 26 1 4 27 1 2 63 1 6 6 1 7 87 1 8 56 1 9 48 1 10 36 1 1 95 1 3 82 
10 1 2 8 1 8 76 1 4 76 1 5 30 1 7 84 1 10 78 1 9 41 1 1 36 1 3 36 1 6 15 
10 1 4 13 1 9 29 1 1 75 1 3 81 1 2 78 1 6 88 1 5 54 1 10 40 1 8 13 1 7 82 
10 1 1 52 1 3 6 1 4 6 1 6 82 1 7 64 1 10 88 1 9 54 1 5 54 1 8 32 1 2 26 
10 1 9 62 1 2 35 1 5 72 1 8 69 1 1 62 1 6 32 1 10 5 1 4 61 1 3 67 1 7 93 
10 1 3 78 1 4 11 1 8 82 1 5 7 1 2 72 1 9 64 1 10 90 1 1 85 1 6 88 1 7 63 
10 1 8 50 1 5 28 1 4 35 1 2 66 1 3 27 1 9 49 1 10 11 1 7 88 1 6 31 1 1 44 
10 1 5 62 1 6 39 1 1 76 1 3 14 1 7 56 1 4 97 1 2 7 1 8 69 1 10 66 1 9 47 
10 1 7 47 1 3 41 1 1 64 1 8 58 1 10 57 1 9 93 1 4 69 1 6 53 1 2 18 1 5 79 
10 1 8 76 1 10 81 1 1 76 1 7 61 1 5 77 1 9 26 1 3 74 1 6 22 1 2 58 1 4 78 
10 1 7 30 1 9 72 1 4 43 1 1 65 1 2 16 1 5 92 1 6 95 1 10 29 1 3 99 1 8 64 
10 1 2 35 1 4 74 1 6 16 1 5 85 1 1 7 1 3 81 1 7 86 1 9 61 1 10 35 1 8 34 
10 1 2 97 1 8 43 1 5 72 1 7 88 1 6 17 1 1 43 1 9 94 1 4 64 1 10 22 1 3 42 
10 1 8 99 1 3 84 1 9 99 1 6 98 1 2 20 1 7 31 1 4 74 1 1 92 1 10 23 1 5 89 
10 1 9 32 1 1 6 1 5 55 1 6 19 1 10 81 1 2 81 1 8 40 1 7 9 1 4 37 1 3 40 
10 1 7 15 1 3 70 1 9 25 1 2 46 1 10 65 1 5 64 1 8 21 1 1 77 1 6 65 1 4 55 
10 1 9 31 1 8 84 1 6 37 1 4 24 1 3 85 1 5 89 1 10 29 1 2 44 1 1 40 1 7 83 
10 1 5 80 1 1 8 1 10 41 1 6 59 1 8 56 1 4 38 1 3 30 1 9 97 1 7 77 1 2 80 
10 1 10 59 1 1 91 1 4 50 1 9 80 1 2 17 1 7 40 1 3 71 1 6 56 1 5 88 1 8 7 
10 1 8 36 1 4 58 1 5 54 1 6 77 1 3 8 1 7 9 1 1 45 1 10 10 1 2 29 1 9 96 
10 1 1 28 1 4 92 1 3 73 1 8 27 1 9 86 1 6 87 1 10 96 1 2 98 1 7 99 1 5 70 
10 1 10 32 1 2 95 1 4 85 1 7 81 1 3 41 1 9 39 1 8 92 1 1 59 1 6 56 1 5 52 
10 1 5 93 1 3 12 1 6 22 1 7 27 1 9 45 1 8 69 1 4 60 1 2 7 1 1 88 1 10 49 
10 1 3 61 1 6 26 1 10 71 1 9 44 1 1 21 1 7 82 1 4 68 1 8 33 1 2 84 1 5 99 
8 3 53 151 56 265 347 41 470 550 23 661 767 12 878 958 11 1092 1152 60 1268 1384 49 1464 1596 
7 24 42 189 15 293 400 21 493 662 58 768 849 117 963 1116 86 1221 1320 87 1453 1550 
4 199 65 339 136 503 709 125 916 1104 222 1270 1558 
6 34 81 187 18 329 475 54 619 721 8 875 1001 27 1170 1242 34 1385 1563 
3 94 206 386 372 685 1091 85 1295 1665 
8 19 47 150 22 262 329 58 453 532 4 656 723 4 830 943 16 1050 1117 8 1242 1319 56 1405 1550 
8 65 80 152 26 318 378 13 544 616 62 745 879 37 1009 1079 45 1212 1340 16 1477 1539 81 1688 1792 
2 374 108 732 59 1144 1376 
3 183 169 405 187 740 982 7 1265 1605 
2 131 243 511 479 863 1399 
