8 8 1.0
8 1 1 456 1 2 654 1 3 852 1 4 145 1 5 632 1 6 425 1 7 214 1 8 654 
8 1 1 789 1 2 123 1 3 369 1 4 678 1 5 581 1 6 396 1 7 123 1 8 789 
8 1 1 654 1 2 123 1 3 632 1 4 965 1 5 475 1 6 325 1 7 456 1 8 654 
8 1 1 321 1 2 456 1 3 581 1 4 421 1 5 32 1 6 147 1 7 789 1 8 123 
8 1 1 456 1 2 789 1 3 472 1 4 365 1 5 536 1 6 852 1 7 654 1 8 123 
8 1 1 789 1 2 654 1 3 586 1 4 824 1 5 325 1 6 12 1 7 321 1 8 456 
8 1 1 654 1 2 321 1 3 320 1 4 758 1 5 863 1 6 452 1 7 456 1 8 789 
8 1 1 789 1 2 147 1 3 120 1 4 639 1 5 21 1 6 863 1 7 789 1 8 654 
2 511 636 1818 1095 3123 4239 
2 334 464 1170 1057 1875 3027 
2 10 715 1251 1078 2360 3538 
2 1112 404 1994 107 3296 3898 
2 763 238 1495 233 2356 2843 
2 980 357 1379 532 2037 3171 
2 246 300 1601 607 2350 3353 
2 13 680 1441 167 2671 3692 
