10 10 1.0
10 1 1 36 1 2 96 1 3 86 1 4 7 1 5 20 1 6 9 1 7 39 1 8 79 1 9 82 1 10 24 
10 1 1 16 1 9 95 1 4 67 1 6 63 1 3 87 1 2 24 1 10 62 1 7 49 1 8 92 1 5 16 
10 1 1 65 1 7 71 1 2 9 1 4 67 1 9 70 1 3 48 1 6 49 1 5 66 1 8 5 1 10 96 
10 1 1 50 1 2 31 1 5 6 1 9 13 1 6 98 1 8 97 1 7 93 1 10 30 1 4 34 1 3 83 
10 1 1 99 1 6 7 1 10 55 1 9 78 1 8 68 1 5 81 1 4 90 1 3 75 1 2 66 1 7 40 
10 1 2 42 1 6 11 1 1 5 1 10 39 1 3 10 1 9 30 1 4 39 1 7 50 1 8 20 1 5 51 
10 1 1 38 1 4 68 1 9 86 1 8 77 1 10 32 1 3 89 1 5 37 1 7 53 1 2 43 1 6 89 
10 1 1 19 1 10 11 1 5 37 1 2 41 1 6 72 1 8 7 1 3 52 1 7 31 1 4 68 1 9 10 
10 1 1 83 1 2 21 1 10 23 1 8 87 1 9 58 1 7 89 1 5 74 1 6 29 1 3 74 1 4 23 
10 1 1 44 1 3 57 1 5 69 1 10 50 1 2 65 1 6 69 1 9 60 1 4 58 1 7 89 1 8 13 
2 107 53 175 62 284 400 
3 40 36 110 32 198 240 25 337 393 
3 20 80 141 51 291 372 104 486 619 
2 70 67 194 149 316 467 
3 31 35 118 18 182 277 62 342 423 
3 17 39 127 53 210 288 33 383 447 
3 1 42 160 63 253 353 13 466 544 
2 48 64 209 86 325 494 
2 2 80 211 18 368 505 
3 27 27 114 54 168 255 53 324 381 
