10 10 2.0
10 1 7 54 1 1 87 2 5 48 3 48 2 4 60 6 60 1 8 39 2 9 35 8 35 2 2 72 8 72 3 6 95 10 95 7 95 3 3 66 4 66 10 66 2 10 5 1 5 
10 3 4 20 3 20 10 20 2 10 46 5 46 2 7 34 2 34 2 6 55 9 55 2 1 97 4 97 2 9 19 7 19 1 5 59 3 3 21 9 21 1 21 2 8 37 9 37 3 2 46 4 46 10 46 
10 1 5 45 3 2 24 4 24 10 24 1 9 28 2 1 28 6 28 1 8 83 1 7 78 3 6 23 3 23 2 23 1 4 25 2 10 5 2 5 2 3 73 4 73 
10 3 10 12 2 12 1 12 3 2 37 3 37 10 37 2 5 38 2 38 2 4 71 8 71 2 9 33 3 33 1 3 12 1 7 55 2 1 53 9 53 2 8 87 3 87 3 6 29 2 29 1 29 
10 2 4 83 3 83 2 3 49 9 49 1 7 23 2 10 27 2 27 2 8 65 5 65 3 1 48 8 48 6 48 2 5 90 2 90 3 6 7 9 7 5 7 2 2 40 3 40 3 9 17 8 17 3 17 
10 1 2 66 2 5 25 6 25 2 1 62 6 62 3 3 84 7 84 10 84 1 10 13 2 7 64 3 64 3 8 46 6 46 2 46 2 9 59 3 59 2 6 19 9 19 2 4 85 9 85 
10 3 2 73 9 73 3 73 1 4 80 1 1 41 1 3 53 3 10 47 3 47 8 47 1 8 57 2 9 74 1 74 1 5 14 2 7 67 8 67 3 6 88 3 88 10 88 
10 2 6 64 2 64 2 4 84 8 84 1 7 46 1 2 78 3 1 84 2 84 5 84 3 8 26 10 26 5 26 2 9 28 7 28 3 10 52 9 52 5 52 2 3 41 1 41 3 5 63 1 63 9 63 
10 2 2 11 9 11 3 1 64 3 64 2 64 1 8 67 1 5 85 3 4 10 1 10 8 10 3 6 73 1 73 5 73 1 10 38 3 9 95 1 95 10 95 1 7 97 2 3 17 4 17 
10 3 5 60 3 60 6 60 1 9 32 1 3 95 1 4 93 3 2 65 4 65 7 65 3 7 85 4 85 3 85 1 8 43 3 10 85 6 85 7 85 1 6 46 1 1 59 
4 66 19 115 35 182 220 18 292 378 45 430 508 
4 18 45 81 15 167 211 9 285 345 36 397 485 
7 5 33 65 10 133 161 3 226 264 15 319 367 4 409 473 25 510 568 14 619 655 
3 40 67 130 90 233 358 34 456 529 
4 65 25 96 11 157 206 18 284 321 24 401 446 
3 7 42 88 34 168 222 13 303 347 
3 28 59 141 29 271 329 86 429 571 
2 8 101 206 49 420 501 
6 15 11 64 7 91 134 12 177 198 22 249 276 15 312 363 4 399 426 
5 14 15 56 3 89 124 3 161 194 16 234 263 10 304 335 
