20 15 7.5
15 7 2 14 3 14 4 14 7 14 9 14 12 14 15 14 10 2 21 3 21 5 21 6 21 7 21 8 21 10 21 11 21 14 21 15 21 5 4 13 5 13 9 13 13 13 15 13 5 5 11 8 11 12 11 13 11 15 11 8 2 11 3 11 7 11 8 11 10 11 11 11 14 11 15 11 8 2 35 3 35 5 35 6 35 8 35 11 35 14 35 15 35 5 2 20 4 20 8 20 10 20 14 20 5 5 17 9 17 11 17 12 17 13 17 6 2 18 4 18 8 18 11 18 14 18 15 18 5 1 11 5 11 11 11 13 11 15 11 5 2 23 3 23 4 23 11 23 13 23 8 1 13 2 13 3 13 4 13 6 13 9 13 12 13 15 13 6 1 15 2 15 3 15 4 15 7 15 11 15 10 1 11 3 11 4 11 6 11 7 11 8 11 9 11 10 11 12 11 14 11 7 1 35 3 35 8 35 10 35 11 35 12 35 13 35 
15 6 1 35 2 35 6 35 10 35 12 35 13 35 10 1 31 2 31 3 31 4 31 6 31 8 31 9 31 13 31 14 31 15 31 8 1 13 5 13 9 13 11 13 12 13 13 13 14 13 15 13 5 1 26 3 26 4 26 5 26 10 26 6 5 14 7 14 8 14 10 14 12 14 14 14 10 1 17 2 17 3 17 6 17 8 17 9 17 10 17 11 17 14 17 15 17 7 2 38 3 38 4 38 5 38 7 38 8 38 10 38 5 1 20 3 20 4 20 9 20 13 20 8 3 19 6 19 8 19 9 19 10 19 11 19 12 19 13 19 10 1 12 4 12 5 12 6 12 7 12 8 12 11 12 13 12 14 12 15 12 6 1 16 8 16 9 16 10 16 12 16 13 16 7 1 34 5 34 6 34 7 34 10 34 11 34 15 34 8 1 15 2 15 3 15 4 15 9 15 12 15 14 15 15 15 8 1 12 3 12 4 12 6 12 7 12 11 12 12 12 15 12 12 1 14 2 14 3 14 4 14 5 14 6 14 7 14 8 14 10 14 11 14 13 14 15 14 
15 7 1 30 2 30 3 30 5 30 7 30 13 30 14 30 6 1 35 2 35 5 35 6 35 11 35 14 35 4 1 40 3 40 4 40 14 40 5 2 35 3 35 11 35 14 35 15 35 7 1 30 3 30 4 30 7 30 12 30 14 30 15 30 4 4 23 5 23 8 23 15 23 6 2 29 4 29 7 29 9 29 13 29 15 29 7 3 37 7 37 9 37 10 37 11 37 12 37 14 37 7 2 38 3 38 4 38 8 38 10 38 13 38 15 38 4 4 40 5 40 13 40 15 40 9 1 26 2 26 3 26 7 26 10 26 12 26 13 26 14 26 15 26 5 1 11 4 11 11 11 12 11 13 11 7 2 40 4 40 5 40 9 40 11 40 12 40 14 40 5 1 36 6 36 10 36 12 36 14 36 8 1 17 4 17 6 17 7 17 10 17 11 17 12 17 15 17 
15 8 1 40 3 40 6 40 7 40 8 40 9 40 10 40 11 40 6 2 18 6 18 9 18 11 18 14 18 15 18 6 1 12 4 12 5 12 9 12 13 12 14 12 6 1 23 2 23 3 23 6 23 9 23 10 23 6 1 23 2 23 3 23 8 23 12 23 14 23 7 1 14 2 14 9 14 10 14 12 14 13 14 15 14 9 1 16 5 16 6 16 9 16 10 16 12 16 13 16 14 16 15 16 7 1 14 4 14 5 14 7 14 10 14 11 14 13 14 7 3 23 4 23 7 23 8 23 11 23 14 23 15 23 5 1 12 2 12 4 12 10 12 11 12 7 1 16 2 16 5 16 6 16 7 16 11 16 14 16 7 2 32 4 32 5 32 7 32 9 32 12 32 15 32 6 1 40 2 40 3 40 4 40 8 40 9 40 8 3 25 5 25 7 25 9 25 11 25 12 25 13 25 14 25 11 1 29 3 29 4 29 5 29 6 29 7 29 9 29 11 29 13 29 14 29 15 29 
15 4 1 35 3 35 10 35 15 35 11 3 15 4 15 5 15 6 15 7 15 8 15 11 15 12 15 13 15 14 15 15 15 8 1 31 3 31 4 31 5 31 7 31 8 31 12 31 13 31 7 2 28 5 28 9 28 10 28 11 28 12 28 14 28 8 4 32 5 32 7 32 8 32 9 32 12 32 13 32 14 32 9 4 30 5 30 6 30 7 30 8 30 10 30 12 30 13 30 14 30 4 1 27 5 27 11 27 13 27 7 2 29 6 29 7 29 8 29 9 29 10 29 13 29 8 1 38 3 38 6 38 8 38 11 38 12 38 13 38 14 38 9 1 11 2 11 3 11 4 11 5 11 7 11 8 11 14 11 15 11 5 2 23 3 23 5 23 12 23 13 23 6 2 17 4 17 5 17 9 17 11 17 15 17 6 2 27 4 27 6 27 9 27 13 27 15 27 5 4 37 10 37 13 37 14 37 15 37 6 1 29 2 29 5 29 9 29 10 29 12 29 
15 6 1 33 2 33 3 33 6 33 10 33 12 33 7 1 33 4 33 7 33 9 33 11 33 12 33 15 33 7 1 19 3 19 4 19 6 19 7 19 8 19 15 19 12 3 40 4 40 5 40 6 40 7 40 8 40 9 40 10 40 11 40 13 40 14 40 15 40 7 1 19 2 19 3 19 7 19 11 19 12 19 13 19 6 1 33 2 33 6 33 9 33 11 33 13 33 8 2 26 3 26 5 26 6 26 7 26 8 26 11 26 14 26 6 2 31 3 31 4 31 5 31 12 31 14 31 6 3 28 4 28 10 28 12 28 13 28 15 28 8 1 36 2 36 4 36 7 36 8 36 10 36 13 36 14 36 8 1 38 2 38 5 38 6 38 8 38 9 38 14 38 15 38 4 2 21 6 21 14 21 15 21 4 4 25 6 25 14 25 15 25 6 1 40 2 40 3 40 8 40 10 40 12 40 8 1 35 2 35 5 35 6 35 7 35 8 35 9 35 13 35 
15 8 1 25 3 25 4 25 5 25 7 25 10 25 14 25 15 25 8 1 32 5 32 6 32 7 32 9 32 10 32 12 32 15 32 7 5 33 6 33 7 33 10 33 11 33 12 33 13 33 5 1 18 3 18 4 18 7 18 13 18 4 2 32 5 32 6 32 8 32 7 2 28 5 28 7 28 9 28 10 28 11 28 13 28 4 6 15 11 15 12 15 15 15 8 4 35 5 35 8 35 10 35 11 35 12 35 13 35 15 35 9 1 14 2 14 3 14 4 14 5 14 7 14 10 14 13 14 14 14 8 2 34 3 34 4 34 5 34 7 34 8 34 12 34 14 34 6 2 23 4 23 6 23 7 23 8 23 9 23 5 6 32 7 32 11 32 12 32 14 32 4 2 17 7 17 10 17 12 17 3 3 26 13 26 15 26 3 3 19 9 19 14 19 
15 3 3 16 10 16 13 16 6 1 33 6 33 7 33 8 33 11 33 13 33 5 6 34 7 34 8 34 10 34 15 34 8 2 30 3 30 4 30 7 30 8 30 9 30 10 30 12 30 6 3 40 5 40 12 40 13 40 14 40 15 40 3 6 12 9 12 12 12 4 9 26 10 26 12 26 15 26 8 2 26 3 26 4 26 5 26 6 26 7 26 8 26 15 26 7 1 15 2 15 5 15 7 15 9 15 11 15 13 15 3 4 21 5 21 11 21 8 2 40 5 40 6 40 9 40 10 40 13 40 14 40 15 40 9 3 32 5 32 7 32 8 32 9 32 10 32 12 32 13 32 14 32 5 1 14 6 14 7 14 9 14 13 14 6 3 30 5 30 7 30 8 30 12 30 14 30 4 4 35 8 35 9 35 11 35 
15 4 3 17 6 17 7 17 10 17 5 2 16 7 16 8 16 11 16 13 16 7 6 20 7 20 8 20 9 20 11 20 14 20 15 20 7 1 24 4 24 5 24 6 24 7 24 11 24 14 24 7 4 26 6 26 7 26 8 26 9 26 10 26 15 26 11 1 36 2 36 3 36 4 36 5 36 8 36 9 36 10 36 12 36 13 36 14 36 6 1 22 2 22 5 22 7 22 8 22 13 22 5 1 14 5 14 7 14 8 14 15 14 6 1 11 3 11 9 11 10 11 14 11 15 11 6 1 20 3 20 4 20 10 20 12 20 15 20 8 1 23 3 23 7 23 8 23 9 23 10 23 13 23 15 23 9 2 29 3 29 5 29 7 29 8 29 10 29 11 29 12 29 14 29 7 1 23 2 23 8 23 9 23 12 23 13 23 15 23 5 2 15 5 15 12 15 13 15 15 15 3 5 40 6 40 12 40 
15 6 3 27 4 27 5 27 6 27 8 27 13 27 6 2 37 4 37 5 37 9 37 10 37 14 37 7 2 40 4 40 6 40 7 40 11 40 12 40 15 40 9 1 14 3 14 5 14 6 14 9 14 10 14 11 14 12 14 13 14 8 1 25 3 25 5 25 8 25 9 25 11 25 14 25 15 25 10 1 30 2 30 3 30 5 30 6 30 7 30 8 30 9 30 10 30 13 30 7 1 34 6 34 7 34 11 34 13 34 14 34 15 34 6 3 11 5 11 7 11 9 11 10 11 15 11 8 2 15 3 15 6 15 7 15 8 15 9 15 12 15 14 15 7 3 32 4 32 6 32 7 32 8 32 10 32 13 32 2 2 36 9 36 6 1 12 3 12 4 12 6 12 11 12 12 12 6 1 28 4 28 5 28 12 28 14 28 15 28 6 2 31 7 31 9 31 11 31 12 31 15 31 11 2 23 3 23 4 23 5 23 6 23 7 23 8 23 9 23 10 23 14 23 15 23 
15 6 2 25 5 25 6 25 7 25 13 25 14 25 4 1 22 2 22 6 22 12 22 7 4 27 8 27 9 27 10 27 11 27 13 27 14 27 6 1 14 4 14 7 14 9 14 12 14 15 14 7 4 25 5 25 6 25 7 25 11 25 12 25 13 25 11 1 20 4 20 7 20 8 20 9 20 10 20 11 20 12 20 13 20 14 20 15 20 4 1 18 3 18 14 18 15 18 7 2 14 3 14 5 14 6 14 8 14 10 14 11 14 7 1 19 2 19 4 19 5 19 10 19 12 19 15 19 8 1 17 2 17 3 17 4 17 10 17 11 17 12 17 14 17 6 2 27 5 27 6 27 7 27 8 27 15 27 7 2 22 3 22 4 22 8 22 10 22 11 22 14 22 3 11 22 13 22 14 22 8 4 27 5 27 6 27 7 27 8 27 9 27 12 27 13 27 6 1 21 4 21 6 21 11 21 12 21 14 21 
15 11 1 34 2 34 5 34 6 34 7 34 8 34 9 34 11 34 12 34 13 34 15 34 6 1 15 6 15 7 15 10 15 11 15 12 15 8 1 22 2 22 4 22 5 22 6 22 8 22 13 22 14 22 9 1 29 3 29 4 29 6 29 7 29 10 29 11 29 12 29 15 29 7 1 34 2 34 3 34 4 34 6 34 10 34 14 34 4 3 40 7 40 8 40 13 40 10 1 17 2 17 3 17 5 17 6 17 7 17 8 17 10 17 12 17 13 17 4 3 32 6 32 10 32 13 32 8 2 20 3 20 4 20 8 20 10 20 11 20 13 20 14 20 5 2 39 3 39 6 39 14 39 15 39 9 2 31 5 31 6 31 9 31 10 31 11 31 13 31 14 31 15 31 10 2 16 3 16 4 16 6 16 7 16 9 16 11 16 12 16 13 16 15 16 4 2 37 3 37 11 37 14 37 5 2 33 3 33 4 33 9 33 13 33 7 1 13 2 13 5 13 6 13 9 13 10 13 12 13 
15 6 2 12 6 12 7 12 10 12 11 12 12 12 6 3 27 6 27 8 27 9 27 11 27 13 27 8 1 17 4 17 5 17 8 17 9 17 13 17 14 17 15 17 5 1 24 3 24 4 24 8 24 9 24 9 1 11 2 11 4 11 7 11 9 11 10 11 11 11 13 11 14 11 4 2 19 3 19 6 19 15 19 8 4 11 5 11 6 11 7 11 10 11 12 11 14 11 15 11 7 4 17 5 17 6 17 8 17 9 17 10 17 12 17 5 6 25 10 25 11 25 13 25 15 25 7 2 11 5 11 6 11 9 11 10 11 12 11 15 11 10 2 31 5 31 7 31 8 31 9 31 10 31 11 31 12 31 14 31 15 31 9 1 33 2 33 3 33 6 33 7 33 8 33 9 33 10 33 14 33 4 8 31 9 31 12 31 13 31 9 2 12 6 12 7 12 8 12 10 12 11 12 12 12 13 12 14 12 7 1 22 8 22 9 22 11 22 12 22 13 22 15 22 
15 6 2 22 3 22 5 22 6 22 12 22 15 22 8 3 15 6 15 7 15 9 15 10 15 12 15 14 15 15 15 8 1 16 2 16 3 16 4 16 6 16 11 16 12 16 14 16 6 3 32 6 32 9 32 11 32 12 32 13 32 7 1 20 4 20 5 20 8 20 11 20 14 20 15 20 8 1 22 2 22 3 22 4 22 5 22 12 22 14 22 15 22 5 1 11 2 11 10 11 11 11 13 11 5 1 19 3 19 5 19 14 19 15 19 10 2 30 5 30 6 30 9 30 10 30 11 30 12 30 13 30 14 30 15 30 5 5 33 6 33 8 33 12 33 13 33 6 6 29 7 29 9 29 10 29 11 29 12 29 9 1 18 2 18 3 18 4 18 7 18 8 18 10 18 12 18 14 18 8 4 34 7 34 8 34 9 34 10 34 11 34 12 34 14 34 10 1 32 2 32 3 32 5 32 7 32 9 32 10 32 11 32 12 32 14 32 7 2 18 3 18 4 18 8 18 10 18 14 18 15 18 
15 3 5 27 6 27 13 27 6 2 26 4 26 7 26 9 26 11 26 15 26 8 2 28 4 28 6 28 7 28 8 28 9 28 11 28 13 28 4 3 37 7 37 13 37 14 37 7 1 18 4 18 5 18 8 18 9 18 11 18 15 18 8 1 12 3 12 4 12 5 12 7 12 9 12 13 12 15 12 7 1 11 2 11 6 11 8 11 11 11 12 11 13 11 6 2 26 3 26 5 26 7 26 9 26 14 26 5 3 27 5 27 6 27 7 27 8 27 6 1 40 2 40 5 40 7 40 10 40 12 40 5 7 19 12 19 13 19 14 19 15 19 6 2 24 4 24 5 24 7 24 11 24 12 24 9 2 18 3 18 5 18 6 18 8 18 9 18 11 18 14 18 15 18 9 1 12 2 12 4 12 5 12 6 12 7 12 8 12 11 12 14 12 8 2 34 3 34 4 34 5 34 7 34 9 34 12 34 14 34 
15 4 2 15 7 15 8 15 9 15 3 6 28 8 28 15 28 8 2 25 4 25 5 25 6 25 8 25 10 25 13 25 15 25 7 1 32 2 32 7 32 8 32 9 32 10 32 12 32 8 2 13 3 13 6 13 8 13 9 13 11 13 12 13 13 13 6 6 38 7 38 8 38 9 38 12 38 14 38 5 2 11 3 11 6 11 10 11 12 11 6 3 34 4 34 5 34 11 34 14 34 15 34 5 3 25 5 25 6 25 9 25 14 25 9 1 20 2 20 3 20 4 20 6 20 7 20 8 20 10 20 13 20 6 1 32 2 32 6 32 10 32 11 32 12 32 6 2 23 3 23 4 23 7 23 8 23 15 23 11 2 14 4 14 5 14 6 14 9 14 10 14 11 14 12 14 13 14 14 14 15 14 6 2 16 5 16 8 16 10 16 14 16 15 16 10 1 20 2 20 4 20 7 20 8 20 9 20 11 20 12 20 13 20 14 20 
15 8 1 15 2 15 4 15 8 15 9 15 13 15 14 15 15 15 5 5 13 8 13 9 13 14 13 15 13 4 3 37 9 37 10 37 12 37 5 1 14 4 14 8 14 13 14 15 14 5 3 22 5 22 6 22 9 22 11 22 3 2 24 6 24 13 24 7 3 26 4 26 8 26 9 26 12 26 13 26 15 26 4 3 22 8 22 13 22 14 22 5 1 34 3 34 5 34 7 34 10 34 5 1 22 4 22 5 22 8 22 15 22 8 3 19 5 19 6 19 8 19 9 19 12 19 13 19 14 19 4 1 32 2 32 7 32 14 32 5 1 29 3 29 4 29 11 29 13 29 6 1 13 3 13 5 13 9 13 14 13 15 13 4 1 35 3 35 6 35 7 35 
15 5 2 36 5 36 8 36 9 36 15 36 6 1 33 5 33 6 33 8 33 9 33 11 33 7 1 28 3 28 4 28 7 28 12 28 13 28 14 28 7 7 20 8 20 9 20 10 20 12 20 13 20 15 20 9 1 30 3 30 5 30 6 30 7 30 8 30 11 30 12 30 13 30 6 1 33 2 33 5 33 6 33 11 33 15 33 8 3 29 4 29 5 29 7 29 9 29 10 29 11 29 15 29 9 1 34 4 34 5 34 6 34 7 34 8 34 10 34 11 34 15 34 8 1 22 2 22 3 22 4 22 7 22 10 22 12 22 13 22 7 3 12 4 12 5 12 7 12 9 12 10 12 12 12 8 1 30 2 30 3 30 7 30 10 30 13 30 14 30 15 30 10 1 12 3 12 5 12 8 12 9 12 11 12 12 12 13 12 14 12 15 12 7 1 35 2 35 3 35 5 35 10 35 13 35 15 35 7 2 13 3 13 5 13 6 13 12 13 13 13 14 13 9 1 35 2 35 4 35 6 35 7 35 10 35 12 35 13 35 15 35 
15 5 7 26 9 26 10 26 12 26 15 26 7 1 31 5 31 7 31 8 31 9 31 12 31 15 31 8 1 35 5 35 6 35 7 35 8 35 9 35 13 35 14 35 7 2 38 3 38 9 38 11 38 12 38 13 38 14 38 8 1 19 3 19 5 19 8 19 9 19 10 19 14 19 15 19 7 4 35 8 35 10 35 11 35 13 35 14 35 15 35 6 1 27 2 27 5 27 9 27 12 27 15 27 7 1 29 2 29 3 29 9 29 10 29 13 29 14 29 6 4 39 5 39 7 39 10 39 11 39 15 39 5 2 13 6 13 7 13 8 13 10 13 6 1 14 2 14 3 14 4 14 7 14 11 14 7 1 26 2 26 5 26 8 26 11 26 13 26 14 26 7 1 17 2 17 4 17 7 17 8 17 12 17 14 17 7 1 22 2 22 3 22 8 22 9 22 13 22 14 22 3 5 15 8 15 13 15 
15 7 2 36 3 36 6 36 9 36 11 36 12 36 13 36 8 2 34 5 34 7 34 8 34 9 34 10 34 12 34 13 34 6 2 33 5 33 6 33 7 33 10 33 12 33 7 1 17 2 17 5 17 6 17 9 17 10 17 12 17 6 1 38 7 38 10 38 11 38 12 38 15 38 7 1 39 7 39 9 39 11 39 12 39 13 39 15 39 6 2 16 6 16 9 16 10 16 11 16 12 16 6 4 27 8 27 10 27 11 27 12 27 14 27 6 4 29 5 29 12 29 13 29 14 29 15 29 11 1 16 2 16 3 16 5 16 6 16 7 16 8 16 10 16 11 16 14 16 15 16 6 1 16 5 16 7 16 10 16 12 16 14 16 8 4 19 5 19 6 19 9 19 10 19 13 19 14 19 15 19 5 4 40 5 40 7 40 10 40 15 40 7 1 35 4 35 5 35 7 35 13 35 14 35 15 35 4 5 39 6 39 11 39 15 39 
33 1 2 14 11 18 30 1 34 46 2 53 59 1 68 76 5 85 91 1 98 110 4 117 123 5 130 142 1 149 155 2 165 171 8 179 189 9 194 206 2 212 220 1 229 235 4 243 253 1 260 268 9 275 285 7 291 301 7 306 318 6 323 333 4 339 349 1 357 363 9 371 381 8 387 397 2 402 414 6 420 428 4 434 446 4 453 459 5 466 478 2 482 494 4 501 507 2 517 523 
23 10 7 18 1 30 45 8 56 69 1 80 95 7 108 117 4 133 142 2 153 172 4 179 196 11 206 219 11 228 247 7 257 268 7 283 292 4 306 319 3 332 343 8 354 371 2 383 392 3 407 418 16 428 447 13 453 472 8 483 492 13 503 522 4 528 547 8 553 572 
2 50 86 182 18 318 486 
3 42 41 113 59 177 285 55 331 439 
28 5 6 14 8 22 38 6 46 54 11 62 78 9 84 96 3 107 113 4 125 135 3 145 155 6 165 175 6 182 198 1 203 217 5 227 233 2 243 257 3 264 276 7 285 295 2 305 315 6 324 336 4 345 355 2 365 375 5 383 397 3 407 413 1 426 434 1 442 458 7 466 474 5 486 494 7 505 515 13 522 538 12 543 557 
6 8 31 53 30 98 154 14 181 239 32 273 315 44 354 402 8 431 493 
35 10 2 13 6 18 27 3 33 42 7 48 57 3 64 71 3 79 86 3 94 101 1 110 115 3 124 131 7 138 147 1 153 162 9 167 178 4 184 191 5 197 208 6 213 222 1 229 236 3 243 252 3 259 266 5 272 283 4 287 298 1 303 312 6 319 326 6 333 342 2 350 355 2 363 372 3 379 386 2 395 400 5 407 418 8 423 432 5 437 448 7 452 463 3 469 476 3 484 491 5 499 506 7 512 523 
15 4 5 27 14 39 57 11 72 88 1 104 120 14 132 156 19 166 186 8 202 214 9 235 245 7 261 283 9 296 312 11 325 347 11 357 379 16 391 409 4 420 444 11 454 474 
31 2 3 13 4 19 29 4 37 43 1 51 61 4 67 77 8 82 94 5 100 108 4 117 123 2 133 139 1 149 155 4 164 172 1 181 187 2 195 205 1 211 221 6 227 237 3 244 252 7 260 268 9 275 285 2 293 299 4 308 316 1 324 332 1 340 348 4 355 365 2 373 379 8 386 398 3 403 413 4 421 427 4 436 444 8 450 462 7 467 477 1 485 491 
24 4 6 14 8 23 37 6 44 56 5 65 75 10 84 96 3 106 114 4 127 133 3 145 155 8 165 175 4 186 194 3 203 217 3 227 233 2 245 255 12 262 278 2 287 293 1 305 315 6 326 334 4 344 356 3 367 373 1 383 397 3 403 417 4 426 434 6 444 456 1 466 474 
12 1 5 32 8 46 65 6 82 103 9 115 144 14 156 177 7 198 209 2 233 248 9 264 291 4 307 322 14 339 364 8 377 400 3 417 434 
29 10 2 16 10 21 33 7 39 51 5 60 66 2 77 85 5 94 104 8 110 124 5 129 141 8 147 159 8 166 176 2 186 192 8 202 212 4 221 229 5 238 248 2 258 264 5 276 282 9 292 302 7 311 319 2 327 339 3 347 355 3 366 372 3 384 390 2 402 408 11 417 429 1 438 444 3 456 462 2 472 482 5 488 502 5 509 517 
9 8 10 47 1 73 98 15 123 162 12 187 212 16 244 269 5 303 324 20 359 382 12 410 445 9 470 499 
8 3 14 46 40 68 112 22 137 163 17 198 222 8 248 292 10 310 350 15 368 412 4 434 466 
34 3 5 10 3 20 25 3 35 40 4 47 58 9 62 73 5 77 88 4 95 100 4 109 116 1 125 130 4 138 147 3 153 162 5 168 177 7 183 192 6 198 207 7 213 222 1 227 238 1 242 253 1 260 265 3 274 281 2 288 297 1 303 312 7 318 327 4 333 342 7 348 357 2 365 370 1 380 385 3 394 401 1 408 417 5 423 432 2 439 446 2 455 460 4 469 476 2 484 491 3 499 506 
