10 10 1.0
10 1 1 29 1 2 78 1 3 9 1 4 36 1 5 49 1 6 11 1 7 62 1 8 56 1 9 44 1 10 21 
10 1 1 43 1 3 90 1 5 75 1 10 11 1 4 69 1 2 28 1 7 46 1 6 46 1 8 72 1 9 30 
10 1 2 91 1 1 85 1 4 39 1 3 74 1 9 90 1 6 10 1 8 12 1 7 89 1 10 45 1 5 33 
10 1 2 81 1 3 95 1 1 71 1 5 99 1 7 9 1 9 52 1 8 85 1 4 98 1 10 22 1 6 43 
10 1 3 14 1 1 6 1 2 22 1 6 61 1 4 26 1 5 69 1 9 21 1 8 49 1 10 72 1 7 53 
10 1 3 84 1 2 2 1 6 52 1 4 95 1 9 48 1 10 72 1 1 47 1 7 65 1 5 6 1 8 25 
10 1 2 46 1 1 37 1 4 61 1 3 13 1 7 32 1 6 21 1 10 32 1 9 89 1 8 30 1 5 55 
10 1 3 31 1 1 86 1 2 46 1 6 74 1 5 32 1 7 88 1 9 19 1 10 48 1 8 36 1 4 79 
10 1 1 76 1 2 69 1 4 76 1 6 51 1 3 85 1 10 11 1 7 40 1 8 89 1 5 26 1 9 74 
10 1 2 85 1 1 13 1 3 61 1 7 7 1 9 64 1 10 76 1 6 47 1 4 52 1 5 90 1 8 45 
3 64 42 123 24 197 298 14 374 451 
3 28 53 130 17 246 303 31 433 482 
3 26 60 126 19 253 305 23 435 495 
2 58 114 202 103 403 545 
3 56 46 132 34 244 290 104 382 508 
2 41 75 133 63 250 374 
3 20 38 126 88 186 306 32 388 432 
3 118 22 145 10 189 312 74 369 466 
3 67 49 128 78 223 308 21 413 472 
2 53 68 137 69 245 370 
