11 5 1.15
5 1 1 375 1 2 12 1 3 142 1 4 245 2 5 412 3 412 
5 1 1 632 1 2 452 1 3 758 1 4 278 1 5 398 
5 1 1 12 1 2 876 2 3 124 1 124 1 4 534 1 5 765 
5 1 1 460 2 2 542 1 542 1 3 523 1 4 120 1 5 499 
5 1 1 528 2 2 101 5 101 1 3 789 1 4 124 1 5 999 
5 1 1 796 1 2 245 1 3 632 2 4 375 5 375 1 5 123 
5 2 1 532 2 532 1 2 230 1 3 543 1 4 896 1 5 452 
5 1 1 14 1 2 124 1 3 214 1 4 543 1 5 785 
5 1 1 257 2 2 527 3 527 1 3 753 1 4 210 2 5 463 3 463 
5 1 1 896 1 2 896 2 3 214 1 214 2 4 258 3 258 2 5 259 3 259 
5 1 1 532 1 2 302 1 3 501 1 4 765 1 5 988 
4 105 374 928 282 1757 2149 123 3020 3490 72 4277 4837 
3 176 320 1010 60 1606 2384 230 2917 3733 
3 708 422 1573 244 2416 3569 246 4735 5240 
2 945 482 1534 76 2652 3396 
3 772 489 1449 314 2207 3607 88 4526 5164 
