10 10 5.0
10 4 1 32 2 32 4 32 7 32 5 1 14 2 14 3 14 5 14 10 14 4 1 15 3 15 9 15 10 15 4 2 37 3 37 4 37 7 37 4 4 18 5 18 6 18 9 18 4 3 43 5 43 6 43 9 43 3 1 19 3 19 7 19 3 3 27 5 27 8 27 5 1 28 3 28 5 28 9 28 10 28 5 2 31 3 31 6 31 9 31 10 31 
10 6 1 8 4 8 7 8 8 8 9 8 10 8 4 2 12 4 12 6 12 7 12 4 1 49 3 49 5 49 6 49 6 1 24 4 24 5 24 6 24 9 24 10 24 3 2 52 4 52 10 52 5 3 19 4 19 7 19 9 19 10 19 4 4 23 6 23 8 23 10 23 5 1 19 5 19 6 19 7 19 9 19 5 1 17 3 17 4 17 9 17 10 17 4 2 32 3 32 5 32 8 32 
10 4 1 25 4 25 5 25 10 25 2 2 19 8 19 5 1 27 4 27 5 27 8 27 9 27 4 1 45 3 45 8 45 9 45 7 2 21 4 21 6 21 7 21 8 21 9 21 10 21 4 1 15 2 15 5 15 6 15 4 2 13 4 13 6 13 8 13 6 1 16 2 16 3 16 6 16 7 16 8 16 4 1 43 4 43 9 43 10 43 5 2 19 5 19 6 19 8 19 10 19 
10 6 1 24 3 24 4 24 8 24 9 24 10 24 4 2 18 3 18 6 18 9 18 6 3 41 4 41 5 41 7 41 8 41 10 41 4 4 29 5 29 7 29 9 29 5 1 14 4 14 5 14 6 14 8 14 6 2 17 3 17 5 17 7 17 8 17 9 17 3 5 23 6 23 9 23 6 1 15 2 15 4 15 7 15 8 15 9 15 5 3 18 4 18 6 18 7 18 10 18 4 2 23 3 23 5 23 10 23 
10 7 1 27 3 27 4 27 5 27 6 27 7 27 9 27 6 2 29 5 29 6 29 7 29 8 29 9 29 5 2 39 3 39 6 39 9 39 10 39 6 3 21 4 21 5 21 7 21 8 21 9 21 6 1 15 2 15 4 15 6 15 7 15 8 15 4 1 15 3 15 6 15 8 15 4 7 25 8 25 9 25 10 25 4 1 26 4 26 8 26 9 26 3 3 44 4 44 9 44 2 5 20 8 20 
10 8 1 17 2 17 3 17 4 17 5 17 7 17 9 17 10 17 4 1 15 5 15 8 15 10 15 4 3 51 4 51 6 51 7 51 4 1 17 6 17 8 17 9 17 3 3 46 7 46 10 46 6 1 16 3 16 4 16 7 16 8 16 10 16 2 1 33 10 33 3 4 25 5 25 8 25 4 4 30 5 30 6 30 10 30 6 2 25 3 25 5 25 7 25 8 25 10 25 
10 3 4 15 5 15 6 15 3 1 31 3 31 4 31 4 1 25 6 25 7 25 8 25 4 4 12 5 12 8 12 10 12 2 3 13 4 13 6 2 51 3 51 5 51 6 51 8 51 10 51 8 1 19 2 19 3 19 4 19 6 19 8 19 9 19 10 19 4 3 21 5 21 8 21 9 21 6 2 12 3 12 4 12 6 12 7 12 10 12 6 1 26 4 26 5 26 6 26 8 26 9 26 
10 2 2 8 5 8 6 1 29 2 29 4 29 5 29 7 29 10 29 4 1 25 2 25 3 25 10 25 6 1 15 3 15 4 15 5 15 9 15 10 15 4 2 17 6 17 8 17 9 17 6 1 22 2 22 3 22 6 22 7 22 10 22 6 2 32 4 32 5 32 6 32 8 32 9 32 3 1 20 3 20 6 20 6 1 11 2 11 4 11 5 11 8 11 9 11 4 2 28 4 28 5 28 7 28 
10 3 3 41 6 41 9 41 5 1 10 4 10 7 10 8 10 9 10 3 7 32 8 32 9 32 4 6 5 7 5 8 5 10 5 3 4 21 5 21 7 21 4 3 59 6 59 8 59 10 59 6 3 26 4 26 5 26 7 26 8 26 10 26 7 2 10 5 10 6 10 7 10 8 10 9 10 10 10 5 2 16 3 16 4 16 6 16 7 16 2 1 29 9 29 
9 3 3 20 4 20 7 20 7 1 7 3 7 4 7 6 7 7 7 8 7 10 7 3 1 44 2 44 6 44 4 1 22 7 22 8 22 9 22 5 1 33 6 33 7 33 8 33 9 33 4 1 25 4 25 5 25 6 25 6 3 29 4 29 6 29 7 29 8 29 10 29 5 2 12 3 12 5 12 6 12 8 12 6 1 14 2 14 3 14 5 14 6 14 9 14 
2 15 35 90 16 156 219 
6 5 11 21 10 41 55 5 70 90 1 100 124 11 137 151 18 166 186 
5 4 9 52 24 74 109 22 138 167 16 204 223 13 264 285 
6 13 13 33 30 53 85 8 104 126 12 153 169 19 193 221 20 240 266 
2 44 27 92 20 153 204 
8 9 4 28 5 41 55 8 69 91 4 104 120 8 137 151 14 165 187 9 199 217 11 233 247 
7 12 5 24 15 35 52 8 67 78 12 91 112 14 119 142 2 152 167 5 182 195 
8 1 7 23 5 39 51 5 69 81 9 96 114 4 127 143 20 154 176 5 189 201 10 219 231 
10 7 7 18 13 30 45 3 58 67 4 81 94 7 108 117 7 129 146 4 155 170 12 180 195 6 207 218 3 231 244 
5 5 16 29 1 59 76 12 105 120 8 148 167 20 186 219 
