15 10 1.15
10 1 10 66 1 6 91 1 5 87 1 3 94 2 8 21 10 21 1 4 92 1 2 7 1 1 12 1 9 11 1 7 19 
10 1 4 13 1 3 20 2 5 7 9 7 1 2 14 1 10 66 2 1 75 10 75 1 7 77 1 6 16 1 8 95 1 9 7 
10 1 9 77 2 8 20 3 20 1 3 34 1 1 15 1 10 88 1 6 89 1 7 53 2 4 6 10 6 1 2 45 1 5 76 
10 2 4 27 2 27 1 3 74 1 7 88 1 5 62 1 8 52 1 9 69 1 6 9 1 10 98 1 1 52 1 2 88 
10 1 5 88 2 7 15 3 15 1 2 52 1 3 61 2 8 54 5 54 1 1 62 1 9 59 1 6 9 2 4 90 9 90 1 10 5 
10 2 7 71 8 71 1 1 41 1 5 38 1 4 53 1 8 91 1 9 68 1 2 50 1 6 78 1 3 23 1 10 72 
10 1 4 95 1 10 36 1 7 66 1 6 52 1 1 45 1 9 30 1 5 23 1 3 25 1 8 17 1 2 6 
10 1 5 65 2 2 8 3 8 1 9 85 1 1 71 1 8 65 1 7 28 1 6 88 1 4 76 1 10 27 1 3 95 
10 1 10 37 2 2 37 5 37 1 5 28 1 4 51 1 9 86 1 3 9 1 7 55 1 1 73 1 8 51 1 6 90 
10 1 4 39 1 3 15 2 7 83 5 83 1 10 44 1 8 53 1 1 16 1 5 46 1 6 24 1 2 25 1 9 82 
10 1 2 72 1 5 48 1 1 87 1 3 66 2 10 5 8 5 1 7 54 1 8 39 1 9 35 1 6 95 1 4 60 
10 2 2 46 9 46 1 4 20 1 1 97 1 3 21 1 10 46 1 8 37 1 9 19 1 5 59 1 7 34 1 6 55 
10 1 6 23 1 4 25 3 7 78 4 78 9 78 2 2 24 7 24 1 1 28 1 8 83 2 9 28 1 28 1 10 5 1 3 73 1 5 45 
10 2 2 37 8 37 1 1 53 1 8 87 1 5 38 1 4 71 1 6 29 2 10 12 1 12 1 9 33 1 7 55 1 3 12 
10 2 5 90 10 90 1 9 17 1 3 49 1 4 83 1 2 40 1 7 23 1 8 65 1 10 27 2 6 7 4 7 1 1 48 
5 29 31 121 66 175 281 38 335 425 8 512 552 50 651 717 
2 71 40 205 57 301 434 
4 49 51 123 96 210 312 47 381 489 35 580 638 
3 7 73 184 54 339 432 56 610 675 
5 59 31 137 36 203 301 49 364 476 43 538 638 3 709 803 
4 13 52 136 99 211 353 32 416 524 16 589 727 
2 87 55 283 172 410 604 
5 19 44 124 36 224 280 65 381 459 60 549 627 77 700 812 
4 35 39 159 5 262 332 67 428 562 90 642 744 
5 6 30 115 4 173 262 57 328 397 7 459 556 45 621 684 
