10 10 2.0
10 1 1 55 1 2 74 2 3 45 2 45 1 4 23 1 5 76 2 6 19 8 19 2 7 18 8 18 3 8 61 10 61 7 61 3 9 44 4 44 10 44 2 10 11 1 11 
10 3 1 63 3 63 10 63 2 2 43 5 43 2 3 51 2 51 2 4 18 6 18 3 5 42 4 42 1 42 1 8 11 2 7 29 9 29 1 6 52 1 10 29 3 9 88 1 88 5 88 
10 3 3 88 10 88 4 88 3 2 31 8 31 3 31 2 1 47 10 47 1 5 10 2 4 62 6 62 1 6 60 1 7 58 3 8 29 3 29 2 29 1 9 52 2 10 92 2 92 
10 2 3 16 4 16 3 2 71 10 71 1 71 3 1 55 2 55 3 55 2 5 55 3 55 1 4 9 3 8 49 2 49 4 49 3 7 83 5 83 3 83 1 6 54 1 10 7 2 9 57 1 57 
10 2 2 7 1 7 2 1 41 10 41 2 5 92 1 92 2 4 94 3 94 2 3 46 9 46 1 7 79 2 6 34 2 34 2 10 38 5 38 3 9 8 8 8 6 8 2 8 18 2 18 
10 3 2 25 9 25 6 25 3 1 5 5 5 8 5 2 5 89 7 89 1 4 94 1 3 14 1 7 94 2 6 20 5 20 1 10 23 2 9 44 6 44 3 8 39 7 39 10 39 
10 1 2 24 2 3 21 6 21 2 5 47 6 47 2 1 40 2 40 2 4 94 7 94 1 7 71 2 8 89 9 89 3 10 75 2 75 9 75 2 6 97 1 97 1 9 15 
10 1 2 5 3 3 7 8 7 10 7 2 5 74 1 74 1 1 28 2 4 72 7 72 3 6 61 1 61 3 61 2 8 9 6 9 2 9 53 5 53 1 10 32 1 7 97 
10 1 1 34 3 3 52 2 52 5 52 3 4 37 10 37 8 37 3 5 6 2 6 9 6 1 2 94 3 7 6 9 6 10 6 1 8 56 2 10 41 1 41 3 6 5 1 5 9 5 2 9 16 6 16 
10 2 1 77 2 77 1 3 74 1 4 82 3 5 10 1 10 8 10 3 2 29 1 29 5 29 1 6 15 3 8 51 1 51 10 51 1 9 65 2 10 37 4 37 3 7 21 3 21 6 21 
3 52 67 123 61 229 341 93 420 530 
4 52 37 99 29 160 248 21 303 377 39 449 503 
4 70 15 89 33 136 176 17 224 296 57 332 396 
4 50 25 98 30 163 206 56 276 339 18 407 454 
5 18 16 74 5 116 154 6 207 243 45 291 339 22 388 422 
3 2 43 96 34 172 245 64 310 385 
2 64 71 239 28 406 524 
3 28 26 59 36 96 159 32 185 240 
4 6 25 72 13 123 168 15 207 278 38 305 374 
4 12 32 75 7 144 177 8 233 302 14 341 408 
