30 10 5.0
10 3 1 66 3 66 4 66 4 2 84 3 84 4 84 10 84 7 1 26 2 26 4 26 6 26 8 26 9 26 10 26 5 1 29 2 29 3 29 8 29 10 29 4 4 94 6 94 8 94 10 94 4 2 98 4 98 7 98 10 98 4 2 7 4 7 7 7 9 7 3 4 98 6 98 10 98 4 2 45 6 45 7 45 10 45 5 3 43 4 43 5 43 6 43 8 43 
10 3 1 32 4 32 5 32 3 1 97 2 97 9 97 5 1 55 2 55 6 55 7 55 8 55 3 3 88 4 88 6 88 5 1 93 4 93 5 93 8 93 9 93 7 1 88 3 88 4 88 7 88 8 88 9 88 10 88 7 1 20 2 20 4 20 5 20 6 20 8 20 10 20 6 2 50 3 50 5 50 7 50 8 50 9 50 4 4 17 6 17 8 17 10 17 6 1 5 3 5 5 5 6 5 7 5 10 5 
10 3 3 43 5 43 8 43 4 1 68 3 68 4 68 6 68 5 1 47 7 47 8 47 9 47 10 47 3 1 68 8 68 10 68 6 1 57 2 57 3 57 4 57 5 57 10 57 2 4 20 7 20 5 2 81 3 81 5 81 6 81 10 81 6 1 60 3 60 4 60 6 60 8 60 9 60 7 4 94 5 94 6 94 7 94 8 94 9 94 10 94 5 1 62 2 62 4 62 7 62 10 62 
10 5 2 57 3 57 5 57 8 57 9 57 4 5 40 6 40 8 40 10 40 6 1 78 2 78 3 78 4 78 6 78 8 78 6 1 9 6 9 7 9 8 9 9 9 10 9 6 3 49 5 49 7 49 8 49 9 49 10 49 6 3 17 6 17 7 17 8 17 9 17 10 17 4 2 32 4 32 5 32 6 32 4 1 30 5 30 9 30 10 30 5 3 87 4 87 7 87 9 87 10 87 5 5 77 6 77 7 77 8 77 9 77 
10 4 1 52 3 52 5 52 8 52 3 5 30 6 30 9 30 6 1 48 2 48 4 48 6 48 7 48 9 48 4 1 48 3 48 5 48 6 48 3 2 26 3 26 4 26 5 2 17 5 17 6 17 9 17 10 17 4 6 93 7 93 8 93 10 93 4 3 97 4 97 7 97 9 97 5 1 49 3 49 5 49 7 49 8 49 3 3 89 5 89 9 89 
10 6 2 95 3 95 6 95 7 95 8 95 10 95 5 1 33 3 33 4 33 6 33 8 33 3 2 5 3 5 10 5 5 1 17 5 17 6 17 7 17 8 17 7 3 70 4 70 6 70 7 70 8 70 9 70 10 70 7 2 57 4 57 5 57 7 57 8 57 9 57 10 57 6 4 34 5 34 6 34 7 34 8 34 10 34 6 3 61 6 61 7 61 8 61 9 61 10 61 5 2 62 4 62 8 62 9 62 10 62 2 8 39 10 39 
10 2 8 97 10 97 6 1 92 4 92 5 92 6 92 7 92 10 92 5 2 31 3 31 5 31 6 31 9 31 7 1 5 2 5 3 5 4 5 6 5 9 5 10 5 4 1 79 2 79 3 79 4 79 4 3 5 4 5 5 5 7 5 6 4 67 5 67 6 67 7 67 9 67 10 67 3 1 5 6 5 7 5 6 3 78 4 78 6 78 8 78 9 78 10 78 5 2 60 3 60 5 60 6 60 7 60 
10 7 3 79 4 79 5 79 7 79 8 79 9 79 10 79 4 3 6 5 6 6 6 9 6 4 3 20 5 20 7 20 8 20 5 1 45 6 45 7 45 8 45 9 45 6 1 34 2 34 5 34 7 34 9 34 10 34 5 4 24 5 24 6 24 7 24 10 24 3 4 26 8 26 10 26 5 1 68 3 68 5 68 6 68 9 68 2 2 16 3 16 5 1 46 3 46 7 46 8 46 10 46 
10 5 1 58 2 58 4 58 8 58 10 58 4 1 50 5 50 8 50 10 50 4 3 19 5 19 9 19 10 19 5 1 93 2 93 3 93 6 93 9 93 3 2 49 3 49 7 49 6 2 25 3 25 4 25 5 25 7 25 10 25 2 1 85 6 85 4 1 50 5 50 7 50 8 50 6 1 93 3 93 6 93 7 93 8 93 9 93 5 2 26 3 26 5 26 8 26 10 26 
10 5 1 81 3 81 4 81 7 81 10 81 4 3 71 6 71 7 71 9 71 6 1 7 2 7 3 7 6 7 8 7 10 7 3 2 39 3 39 9 39 6 2 16 3 16 4 16 6 16 7 16 8 16 4 2 42 3 42 4 42 9 42 8 1 71 2 71 4 71 5 71 6 71 8 71 9 71 10 71 4 3 84 5 84 6 84 8 84 7 1 56 3 56 4 56 6 56 7 56 8 56 9 56 8 1 99 2 99 3 99 5 99 6 99 7 99 8 99 9 99 
10 6 1 9 2 9 3 9 6 9 8 9 9 9 6 1 86 3 86 5 86 6 86 7 86 10 86 2 8 6 10 6 4 2 71 4 71 6 71 10 71 5 1 97 5 97 6 97 7 97 9 97 4 3 85 4 85 6 85 7 85 5 2 16 3 16 4 16 5 16 8 16 4 1 42 3 42 8 42 9 42 5 2 81 4 81 6 81 8 81 10 81 2 2 81 6 81 
10 7 3 72 4 72 5 72 6 72 7 72 8 72 10 72 4 4 24 6 24 7 24 8 24 7 1 30 3 30 4 30 5 30 6 30 7 30 8 30 4 4 56 7 56 9 56 10 56 3 3 43 4 43 5 43 5 1 61 2 61 3 61 5 61 10 61 3 4 82 8 82 9 82 6 3 40 4 40 5 40 6 40 7 40 10 40 4 2 59 4 59 5 59 6 59 7 1 43 2 43 4 43 7 43 8 43 9 43 10 43 
10 5 3 43 4 43 6 43 9 43 10 43 4 2 13 5 13 8 13 10 13 4 1 70 2 70 6 70 7 70 3 3 93 7 93 8 93 5 1 95 4 95 5 95 7 95 9 95 6 1 12 2 12 3 12 5 12 7 12 9 12 6 1 15 2 15 5 15 6 15 7 15 10 15 5 1 78 2 78 3 78 7 78 10 78 3 6 97 7 97 8 97 5 1 14 2 14 4 14 6 14 10 14 
10 7 1 14 2 14 3 14 5 14 6 14 8 14 10 14 4 4 26 5 26 7 26 10 26 7 1 71 2 71 3 71 4 71 5 71 7 71 10 71 4 1 46 3 46 4 46 8 46 5 3 80 4 80 8 80 9 80 10 80 4 6 31 7 31 9 31 10 31 4 3 37 4 37 5 37 9 37 5 1 27 5 27 6 27 7 27 10 27 3 3 92 7 92 8 92 6 1 67 3 67 4 67 5 67 7 67 8 67 
10 4 1 12 3 12 7 12 9 12 2 1 43 2 43 5 5 96 6 96 8 96 9 96 10 96 7 2 7 3 7 4 7 5 7 7 7 8 7 9 7 3 2 45 4 45 7 45 5 2 20 5 20 7 20 8 20 9 20 3 1 13 2 13 6 13 7 2 29 3 29 5 29 6 29 8 29 9 29 10 29 5 1 60 5 60 6 60 9 60 10 60 5 1 33 4 33 6 33 8 33 9 33 
10 5 2 78 3 78 4 78 6 78 8 78 3 6 50 7 50 9 50 4 3 84 4 84 7 84 9 84 3 1 42 2 42 7 42 3 4 84 7 84 9 84 4 4 30 5 30 6 30 7 30 7 2 76 3 76 4 76 5 76 6 76 8 76 10 76 6 1 57 3 57 7 57 8 57 9 57 10 57 9 1 87 2 87 3 87 5 87 6 87 7 87 8 87 9 87 10 87 3 4 59 5 59 9 59 
10 4 1 49 3 49 5 49 7 49 2 5 50 8 50 5 2 15 4 15 5 15 7 15 8 15 5 1 13 2 13 6 13 7 13 9 13 3 1 93 2 93 6 93 5 3 50 4 50 7 50 8 50 10 50 5 1 32 3 32 4 32 7 32 10 32 4 3 59 4 59 6 59 7 59 5 1 10 2 10 3 10 4 10 6 10 7 1 35 2 35 3 35 4 35 5 35 6 35 10 35 
10 5 1 25 2 25 3 25 9 25 10 25 6 1 47 4 47 5 47 6 47 9 47 10 47 6 1 60 3 60 7 60 8 60 9 60 10 60 4 4 33 5 33 6 33 9 33 6 1 53 3 53 4 53 5 53 9 53 10 53 4 1 37 2 37 6 37 7 37 4 1 73 6 73 9 73 10 73 3 1 22 3 22 6 22 3 3 87 4 87 10 87 5 4 79 5 79 7 79 8 79 10 79 
10 5 1 84 2 84 4 84 7 84 10 84 4 3 83 7 83 9 83 10 83 6 1 71 2 71 4 71 5 71 6 71 7 71 4 2 68 5 68 6 68 9 68 4 1 89 6 89 9 89 10 89 1 9 11 5 2 60 4 60 5 60 7 60 8 60 4 1 50 2 50 5 50 10 50 4 3 33 4 33 5 33 8 33 5 4 97 7 97 8 97 9 97 10 97 
10 4 1 14 2 14 3 14 4 14 4 1 38 2 38 9 38 10 38 5 1 88 6 88 7 88 8 88 10 88 5 1 5 3 5 6 5 7 5 9 5 5 1 77 2 77 3 77 5 77 6 77 2 8 92 10 92 6 1 24 2 24 3 24 8 24 9 24 10 24 8 1 73 3 73 4 73 5 73 7 73 8 73 9 73 10 73 7 1 52 2 52 5 52 6 52 8 52 9 52 10 52 2 2 71 4 71 
10 5 1 62 3 62 5 62 7 62 8 62 2 6 19 10 19 8 2 38 3 38 5 38 6 38 7 38 8 38 9 38 10 38 5 2 15 4 15 5 15 6 15 10 15 8 1 64 2 64 3 64 4 64 6 64 8 64 9 64 10 64 2 1 64 3 64 6 1 8 2 8 4 8 5 8 7 8 9 8 4 2 61 6 61 7 61 10 61 5 1 19 3 19 5 19 9 19 10 19 6 1 33 2 33 5 33 6 33 7 33 9 33 
10 6 1 33 3 33 4 33 5 33 6 33 10 33 6 2 46 3 46 5 46 6 46 7 46 10 46 4 4 74 5 74 8 74 10 74 4 1 56 4 56 6 56 8 56 4 5 84 6 84 7 84 9 84 7 2 83 3 83 4 83 7 83 8 83 9 83 10 83 7 1 19 2 19 3 19 6 19 8 19 9 19 10 19 5 5 8 6 8 7 8 8 8 10 8 5 3 32 4 32 7 32 9 32 10 32 5 2 97 4 97 5 97 6 97 8 97 
10 3 4 50 5 50 6 50 5 3 71 4 71 5 71 7 71 9 71 2 7 50 9 50 5 3 97 4 97 5 97 9 97 10 97 3 6 8 8 8 10 8 3 1 17 6 17 9 17 5 1 19 2 19 5 19 8 19 10 19 3 2 92 7 92 9 92 3 4 54 5 54 6 54 4 2 52 5 52 6 52 9 52 
10 5 1 32 2 32 5 32 9 32 10 32 4 1 79 2 79 5 79 8 79 4 2 97 4 97 5 97 7 97 5 1 38 2 38 5 38 6 38 9 38 6 4 49 5 49 6 49 7 49 8 49 10 49 6 1 76 2 76 3 76 5 76 6 76 9 76 6 1 76 3 76 4 76 6 76 7 76 8 76 5 1 56 3 56 4 56 5 56 7 56 5 2 78 3 78 5 78 7 78 9 78 4 3 54 4 54 8 54 9 54 
10 3 3 13 6 13 7 13 6 3 5 4 5 6 5 7 5 8 5 9 5 6 2 25 3 25 6 25 8 25 9 25 10 25 4 1 86 4 86 5 86 8 86 7 1 95 2 95 5 95 6 95 8 95 9 95 10 95 2 4 28 10 28 4 6 78 7 78 8 78 9 78 2 8 24 9 24 2 5 10 8 10 5 1 39 5 39 6 39 7 39 8 39 
10 6 1 48 2 48 7 48 8 48 9 48 10 48 1 3 59 4 1 20 3 20 4 20 6 20 5 1 7 3 7 6 7 9 7 10 7 5 3 31 4 31 5 31 6 31 10 31 3 2 97 3 97 7 97 4 2 89 4 89 8 89 9 89 4 1 32 4 32 5 32 7 32 4 1 25 4 25 9 25 10 25 5 2 41 3 41 4 41 9 41 10 41 
10 5 5 87 6 87 8 87 9 87 10 87 5 1 18 4 18 6 18 9 18 10 18 4 4 48 5 48 8 48 10 48 5 3 43 4 43 6 43 7 43 9 43 4 2 30 3 30 4 30 8 30 6 4 97 5 97 7 97 8 97 9 97 10 97 3 5 47 6 47 8 47 6 4 65 5 65 6 65 7 65 8 65 9 65 3 1 69 2 69 4 69 4 2 27 4 27 5 27 6 27 
10 3 4 71 7 71 8 71 4 1 20 6 20 7 20 9 20 5 3 20 5 20 6 20 9 20 10 20 8 2 78 3 78 4 78 5 78 6 78 7 78 8 78 10 78 4 3 39 4 39 5 39 6 39 2 1 17 6 17 4 1 50 8 50 9 50 10 50 2 3 44 8 44 5 2 42 5 42 8 42 9 42 10 42 3 2 38 5 38 9 38 
10 4 1 50 4 50 8 50 9 50 8 1 42 2 42 5 42 6 42 7 42 8 42 9 42 10 42 6 1 72 2 72 4 72 7 72 8 72 9 72 4 1 7 2 7 6 7 10 7 3 2 77 9 77 10 77 5 1 58 4 58 6 58 8 58 10 58 6 4 78 5 78 6 78 8 78 9 78 10 78 8 3 89 4 89 5 89 6 89 7 89 8 89 9 89 10 89 5 2 70 5 70 7 70 8 70 9 70 4 1 36 6 36 8 36 9 36 
10 5 1 32 4 32 6 32 7 32 10 32 7 1 95 2 95 4 95 5 95 6 95 9 95 10 95 3 3 13 5 13 8 13 5 1 73 2 73 4 73 6 73 10 73 7 1 97 2 97 4 97 5 97 7 97 8 97 10 97 3 2 24 6 24 9 24 6 2 49 3 49 5 49 7 49 8 49 10 49 3 4 57 6 57 8 57 2 2 68 8 68 6 1 94 2 94 4 94 5 94 8 94 10 94 
29 15 12 38 11 65 85 15 109 141 9 163 187 22 210 240 29 258 292 1 315 335 4 368 382 9 417 433 7 457 493 6 509 541 21 558 592 20 614 636 5 665 685 5 713 737 5 763 787 8 811 839 25 861 889 6 915 935 13 963 987 27 1011 1039 35 1057 1093 3 1112 1138 15 1157 1193 7 1208 1242 14 1267 1283 16 1316 1334 25 1358 1392 10 1415 1435 
15 9 19 76 9 130 155 14 203 272 7 315 350 28 398 457 23 495 550 1 595 640 14 682 743 26 781 834 34 882 923 31 970 1025 53 1056 1129 16 1163 1212 20 1266 1299 2 1364 1391 
8 66 62 130 28 261 315 45 418 542 80 622 722 70 807 921 96 1007 1105 65 1214 1282 46 1390 1490 
23 5 26 51 31 86 145 37 171 214 14 242 297 15 320 373 15 406 441 34 481 520 6 563 592 27 628 681 31 708 755 17 790 827 27 867 904 34 935 990 3 1027 1052 30 1098 1135 11 1176 1211 21 1249 1292 10 1318 1377 45 1399 1450 20 1473 1530 17 1560 1597 29 1628 1683 26 1708 1757 
19 27 11 66 35 88 143 22 179 206 4 248 291 19 320 373 6 411 436 23 484 517 41 549 606 22 642 667 24 712 751 3 796 821 47 860 911 16 945 980 32 1014 1065 17 1105 1128 10 1177 1210 9 1249 1292 17 1320 1375 9 1399 1450 
4 155 69 339 69 493 731 92 932 1108 87 1375 1481 
34 11 17 29 9 62 76 20 100 130 10 145 177 7 197 217 16 235 271 16 288 310 18 335 355 7 380 402 11 427 447 15 474 492 4 520 538 17 558 592 18 607 635 26 650 684 12 700 726 5 742 776 15 797 813 29 835 867 19 882 912 11 937 949 14 975 1003 23 1019 1051 3 1074 1088 4 1120 1134 1 1166 1180 5 1209 1229 13 1255 1275 5 1304 1318 10 1350 1364 11 1395 1411 7 1442 1456 12 1487 1503 6 1531 1551 
26 28 13 52 33 78 117 1 148 177 24 204 251 14 270 315 27 343 372 31 400 445 10 477 498 22 541 564 35 597 638 37 660 705 21 727 768 4 791 834 21 866 889 21 921 964 11 998 1017 24 1058 1087 9 1127 1148 8 1191 1214 15 1252 1283 38 1309 1356 13 1376 1419 31 1441 1484 18 1510 1545 4 1577 1608 3 1649 1666 
7 10 51 164 25 275 370 20 503 572 8 707 798 8 927 1008 121 1105 1260 1 1360 1435 
6 19 51 208 69 326 451 54 607 688 24 869 944 154 1078 1253 88 1356 1493 
