15 5 1.0
5 1 4 92 1 3 94 1 1 12 1 5 91 1 2 7 
5 1 3 21 1 2 19 1 1 87 1 4 11 1 5 66 
5 1 2 14 1 4 13 1 1 75 1 5 16 1 3 20 
5 1 3 95 1 5 66 1 1 7 1 2 77 1 4 7 
5 1 3 34 1 5 89 1 4 6 1 2 45 1 1 15 
5 1 5 88 1 4 77 1 3 20 1 2 53 1 1 76 
5 1 5 9 1 4 27 1 1 52 1 2 88 1 3 74 
5 1 4 69 1 3 52 1 1 62 1 2 88 1 5 98 
5 1 4 90 1 1 62 1 5 9 1 3 61 1 2 52 
5 1 5 5 1 3 54 1 4 59 1 1 88 1 2 15 
5 1 1 41 1 2 50 1 5 78 1 4 53 1 3 23 
5 1 1 38 1 5 72 1 3 91 1 4 68 1 2 71 
5 1 1 45 1 4 95 1 5 52 1 3 25 1 2 6 
5 1 4 30 1 2 66 1 1 23 1 5 36 1 3 17 
5 1 3 95 1 1 71 1 4 76 1 2 8 1 5 88 
3 153 35 217 98 286 470 18 579 681 
4 7 57 108 34 210 285 68 369 456 43 531 624 
4 83 31 163 39 250 332 49 434 536 40 647 711 
4 55 62 132 58 249 333 41 453 517 26 651 707 
3 67 89 199 87 335 529 6 616 824 
