15 15 2.0
15 1 11 51 1 15 43 2 8 80 3 80 2 5 18 1 18 1 7 38 2 4 24 8 24 2 3 67 13 67 3 13 15 15 15 7 15 3 12 24 14 24 5 24 2 14 72 6 72 3 9 45 3 45 5 45 2 6 80 5 80 2 10 64 2 64 2 2 44 6 44 3 1 88 14 88 6 88 
15 1 7 40 2 10 88 14 88 1 11 77 1 6 59 3 12 20 14 20 11 20 2 4 52 9 52 3 9 70 4 70 15 70 1 1 40 3 5 32 14 32 10 32 1 14 76 2 13 43 6 43 1 8 31 1 3 21 3 15 5 3 5 2 5 1 2 47 
15 2 1 32 15 32 3 4 49 7 49 5 49 1 11 5 3 6 64 10 64 2 64 1 8 58 3 9 80 7 80 3 80 2 7 94 8 94 1 12 11 3 2 26 7 26 14 26 3 14 26 5 26 8 26 1 15 59 1 10 85 2 5 47 6 47 2 13 96 11 96 2 3 14 15 14 
15 2 6 23 1 23 2 7 9 9 9 2 1 75 11 75 1 13 37 1 12 43 2 3 79 12 79 2 5 75 3 75 2 4 34 1 34 2 8 20 2 20 3 14 10 9 10 1 10 3 15 83 5 83 8 83 2 11 68 12 68 1 10 52 1 9 66 1 2 9 
15 2 13 69 5 69 1 10 59 2 4 28 6 28 3 15 62 2 62 5 62 1 14 36 2 2 26 3 26 3 7 84 8 84 1 84 2 12 16 2 16 2 9 54 2 54 1 6 42 2 3 54 9 54 3 1 6 2 6 9 6 2 11 40 1 40 1 8 88 1 5 79 
15 3 14 78 13 78 10 78 2 13 53 6 53 1 12 17 2 6 29 7 29 3 5 82 6 82 3 82 2 3 23 11 23 2 10 12 5 12 1 9 64 1 2 86 1 8 59 3 7 5 5 5 6 5 1 4 68 1 15 59 3 11 13 2 13 14 13 1 1 56 
15 3 11 83 4 83 5 83 1 14 46 2 10 7 6 7 3 13 65 6 65 4 65 2 12 69 4 69 3 7 62 8 62 10 62 1 1 16 3 3 58 6 58 8 58 3 9 66 1 66 5 66 1 6 83 3 8 90 11 90 10 90 1 15 42 2 5 81 4 81 3 4 69 8 69 1 69 1 2 85 
15 1 8 73 1 11 71 3 9 64 2 64 15 64 1 7 10 3 10 20 3 20 1 20 3 12 99 1 99 2 99 1 5 24 1 15 65 1 6 82 2 4 72 3 72 2 13 43 10 43 2 2 82 5 82 3 14 27 12 27 13 27 3 3 24 6 24 15 24 3 1 33 9 33 2 33 
15 3 5 82 10 82 3 82 2 2 34 13 34 3 4 92 11 92 14 92 2 3 8 11 8 1 1 38 3 9 45 11 45 14 45 2 7 21 6 21 1 6 35 3 13 52 8 52 9 52 2 10 35 4 35 2 12 15 9 15 1 15 23 1 11 6 2 14 83 3 83 1 8 30 
15 1 3 84 1 6 7 3 10 66 8 66 13 66 2 11 6 6 6 2 5 28 15 28 2 14 27 4 27 2 7 79 2 79 1 8 70 2 1 85 7 85 2 2 94 11 94 1 4 60 3 15 80 4 80 10 80 3 13 39 10 39 3 39 3 9 66 13 66 8 66 1 12 29 
15 1 4 44 3 7 58 5 58 14 58 3 14 14 9 14 11 14 2 9 65 15 65 1 2 72 2 6 14 8 14 3 13 52 3 52 12 52 2 5 21 11 21 1 10 25 3 1 5 9 5 6 5 2 12 51 10 51 1 8 61 2 15 55 4 55 3 11 42 9 42 10 42 2 3 36 9 36 
15 3 15 43 6 43 14 43 3 11 72 6 72 9 72 1 6 78 3 12 12 13 12 11 12 3 13 17 15 17 8 17 1 1 46 2 10 27 12 27 2 7 51 2 51 1 3 63 1 2 79 3 9 79 4 79 12 79 3 8 91 4 91 5 91 3 5 49 14 49 13 49 2 14 26 13 26 1 4 93 
15 1 8 49 3 1 49 7 49 10 49 3 5 71 13 71 6 71 2 6 78 15 78 3 10 44 13 44 14 44 1 11 41 1 13 91 1 14 84 3 9 91 10 91 4 91 3 7 21 5 21 15 21 2 12 47 9 47 2 15 28 11 28 2 4 61 1 61 1 3 70 2 2 93 10 93 
15 1 4 25 2 5 85 2 85 1 1 66 2 3 45 11 45 1 11 95 1 13 21 1 9 84 2 6 24 4 24 2 10 53 7 53 2 8 67 6 67 1 7 91 1 12 11 3 14 32 5 32 1 32 2 2 30 11 30 3 15 89 5 89 13 89 
15 2 4 92 3 92 1 8 93 3 1 99 5 99 15 99 3 2 40 12 40 1 40 2 11 37 13 37 3 13 69 6 69 11 69 1 6 66 2 7 57 6 57 2 15 22 5 22 2 10 44 13 44 3 9 73 12 73 5 73 2 14 97 13 97 1 12 18 1 3 69 1 5 41 
5 25 36 100 46 177 231 28 306 374 19 448 504 25 564 660 
6 58 28 123 4 194 259 48 326 429 60 496 561 25 634 725 69 789 872 
6 28 51 91 5 187 239 45 322 388 46 469 525 26 608 670 48 741 821 
7 28 33 92 32 170 205 15 288 337 25 416 459 60 527 598 55 645 730 6 789 836 
9 50 15 81 4 131 157 2 207 273 48 301 371 35 411 453 36 501 555 49 588 660 25 701 739 10 801 831 
9 32 24 89 12 144 195 67 242 323 13 374 417 30 490 527 18 580 663 23 716 753 9 813 882 52 920 1001 
4 18 32 110 56 169 257 57 303 407 9 464 530 
7 69 29 117 52 189 249 53 336 394 3 490 532 41 614 700 91 749 857 49 899 999 
2 63 118 225 53 465 564 
6 78 24 103 37 157 224 54 277 358 55 402 487 9 549 594 17 652 745 
3 22 61 211 83 343 473 63 645 715 
4 16 25 90 47 135 210 21 249 326 10 362 443 
5 5 47 98 4 193 242 25 320 405 13 485 530 8 600 705 
7 18 33 64 54 113 178 2 211 274 39 311 368 34 402 471 29 517 550 31 609 652 
5 72 27 109 13 176 232 77 293 387 27 428 524 4 594 630 
