8 8 1.0
8 1 1 456 1 2 654 1 3 852 1 4 145 1 5 632 1 6 425 1 7 214 1 8 654 
8 1 1 789 1 2 123 1 3 369 1 4 678 1 5 581 1 6 396 1 7 123 1 8 789 
8 1 1 654 1 2 123 1 3 632 1 4 965 1 5 475 1 6 325 1 7 456 1 8 654 
8 1 1 321 1 2 456 1 3 581 1 4 421 1 5 32 1 6 147 1 7 789 1 8 123 
8 1 1 456 1 2 789 1 3 472 1 4 365 1 5 536 1 6 852 1 7 654 1 8 123 
8 1 1 789 1 2 654 1 3 586 1 4 824 1 5 325 1 6 12 1 7 321 1 8 456 
8 1 1 654 1 2 321 1 3 320 1 4 758 1 5 863 1 6 452 1 7 456 1 8 789 
8 1 1 789 1 2 147 1 3 120 1 4 639 1 5 21 1 6 863 1 7 789 1 8 654 
1 1211 834 4074 
1 993 511 2756 
1 1383 604 3328 
1 476 649 4146 
1 1557 776 2689 
1 795 1100 2372 
1 94 1151 2651 
1 1854 783 3459 
