20 15 1.0
15 1 1 19 1 10 33 1 3 32 1 14 18 1 11 39 1 9 34 1 7 25 1 5 36 1 12 40 1 13 33 1 2 31 1 15 30 1 4 34 1 6 26 1 8 13 
15 1 10 11 1 11 22 1 15 19 1 6 12 1 5 25 1 7 38 1 1 29 1 8 39 1 14 19 1 12 22 1 2 23 1 4 20 1 3 40 1 13 19 1 9 26 
15 1 4 25 1 9 17 1 12 24 1 14 40 1 11 32 1 15 16 1 6 39 1 10 19 1 1 24 1 2 39 1 5 17 1 3 35 1 8 38 1 7 20 1 13 31 
15 1 15 22 1 4 36 1 3 34 1 13 17 1 5 30 1 14 12 1 2 13 1 7 25 1 10 12 1 8 18 1 11 31 1 1 39 1 6 40 1 9 26 1 12 37 
15 1 13 32 1 15 15 1 2 35 1 8 13 1 9 32 1 12 23 1 7 22 1 5 21 1 1 38 1 3 38 1 4 40 1 11 31 1 6 11 1 14 37 1 10 16 
15 1 11 23 1 13 38 1 9 11 1 15 27 1 10 11 1 7 25 1 6 14 1 5 12 1 3 27 1 12 26 1 8 29 1 4 28 1 14 21 1 1 20 1 2 30 
15 1 7 39 1 9 38 1 1 15 1 13 27 1 11 22 1 10 27 1 3 32 1 5 40 1 4 12 1 14 20 1 15 21 1 12 22 1 6 17 1 8 38 1 2 27 
15 1 12 11 1 14 24 1 11 38 1 9 15 1 10 19 1 15 13 1 6 30 1 1 26 1 3 29 1 7 33 1 13 21 1 2 15 1 4 21 1 5 28 1 8 33 
15 1 9 20 1 7 17 1 6 26 1 4 34 1 10 23 1 1 16 1 3 18 1 5 35 1 13 24 1 11 16 1 12 26 1 8 12 1 15 13 1 14 27 1 2 19 
15 1 2 18 1 8 37 1 15 27 1 10 40 1 6 40 1 7 17 1 9 22 1 4 17 1 11 30 1 1 38 1 5 21 1 13 32 1 12 24 1 14 24 1 3 30 
15 1 12 19 1 1 22 1 14 36 1 7 18 1 6 22 1 4 17 1 15 35 1 11 34 1 8 23 1 9 19 1 3 29 1 2 22 1 13 17 1 5 33 1 10 39 
15 1 7 32 1 4 22 1 13 24 1 6 13 1 5 13 1 2 11 1 1 11 1 14 25 1 9 13 1 3 15 1 11 33 1 12 17 1 15 16 1 10 38 1 8 24 
15 1 15 16 1 14 16 1 2 37 1 9 25 1 3 26 1 4 11 1 10 34 1 5 14 1 1 20 1 7 36 1 13 12 1 6 29 1 11 25 1 8 32 1 12 12 
15 1 9 20 1 11 24 1 12 27 1 10 38 1 6 34 1 13 39 1 8 33 1 5 37 1 3 31 1 14 15 1 15 34 1 4 33 1 7 26 1 2 36 1 1 14 
15 1 9 31 1 1 17 1 10 13 1 2 21 1 11 17 1 8 19 1 14 14 1 4 40 1 6 32 1 12 25 1 3 34 1 15 23 1 7 13 1 13 40 1 5 26 
15 1 9 38 1 13 17 1 4 14 1 14 17 1 5 12 1 2 35 1 7 35 1 1 19 1 11 36 1 8 19 1 10 29 1 3 31 1 6 26 1 12 35 1 15 37 
15 1 15 20 1 4 16 1 1 33 1 11 14 1 6 27 1 8 31 1 9 16 1 7 31 1 13 28 1 10 37 1 5 37 1 3 29 1 12 38 1 2 30 1 14 36 
15 1 12 18 1 4 37 1 15 16 1 7 15 1 9 14 1 13 11 1 14 32 1 6 12 1 2 11 1 11 29 1 8 19 1 5 12 1 10 18 1 3 26 1 1 39 
15 1 12 11 1 3 11 1 13 22 1 10 35 1 15 20 1 8 31 1 5 19 1 4 39 1 6 28 1 7 33 1 11 34 1 2 38 1 1 20 1 14 17 1 9 28 
15 1 3 12 1 13 25 1 6 23 1 9 21 1 7 27 1 10 30 1 15 23 1 12 39 1 4 26 1 14 34 1 8 17 1 2 24 1 5 12 1 1 19 1 11 36 
3 27 57 103 18 211 269 44 371 429 
4 31 20 109 28 155 232 81 280 365 15 421 482 
4 36 24 116 8 166 254 59 310 390 3 440 540 
3 18 39 135 82 207 315 65 398 472 
5 32 12 84 30 123 165 41 205 275 20 323 349 40 410 454 
2 60 36 215 133 300 453 
2 155 51 213 13 350 442 
2 61 76 183 81 308 469 
4 48 27 90 22 133 218 59 262 323 44 371 448 
5 43 25 80 22 136 179 22 234 291 24 354 381 18 452 493 
3 29 47 142 11 225 342 33 434 511 
5 5 16 84 22 113 187 3 235 265 18 332 368 21 425 475 
5 8 25 77 39 128 178 18 217 293 32 339 375 55 428 490 
2 36 56 186 16 290 436 
4 11 19 92 52 134 199 10 243 312 20 347 430 
