20 15 1.15
15 1 3 24 1 4 12 1 10 17 1 5 27 2 1 21 13 21 1 7 25 1 9 27 1 8 26 1 2 30 1 6 31 1 12 18 1 15 16 2 14 39 6 39 1 11 19 1 13 26 
15 1 7 30 2 4 15 6 15 1 13 20 1 12 19 1 2 24 1 14 15 2 11 28 10 28 1 3 36 1 6 26 1 8 15 1 1 11 1 9 23 1 15 20 2 10 26 4 26 1 5 28 
15 1 7 35 2 1 22 3 22 1 14 23 1 8 32 1 3 20 1 4 12 1 13 19 1 11 23 1 10 17 1 2 14 1 6 16 1 12 29 2 9 16 11 16 1 5 22 1 15 22 
15 2 10 20 3 20 1 7 29 1 2 19 2 8 14 1 14 2 13 33 8 33 2 5 30 13 30 1 1 32 1 6 21 1 12 29 1 11 24 1 15 25 1 3 29 1 4 13 1 9 20 1 14 18 
15 1 12 23 1 14 20 1 2 28 1 7 32 1 8 16 1 6 18 1 9 24 1 10 23 1 4 24 1 11 34 1 3 24 2 1 24 3 24 1 15 28 1 13 15 1 5 18 
15 1 9 24 1 12 19 1 15 21 1 2 33 1 8 34 1 7 35 2 6 40 10 40 1 11 36 1 4 23 1 3 26 1 5 15 1 10 28 1 14 38 1 13 13 1 1 25 
15 1 14 27 1 4 30 2 7 21 10 21 1 9 19 1 13 12 1 5 27 1 3 39 1 10 13 1 15 12 1 6 36 1 11 21 1 12 17 1 2 29 1 1 17 2 8 33 10 33 
15 1 6 27 1 5 19 1 7 29 1 10 20 1 4 21 2 11 40 2 40 1 9 14 1 15 39 1 14 39 1 3 27 1 2 36 1 13 12 1 12 37 1 8 22 1 1 13 
15 1 14 32 2 12 29 14 29 1 9 24 1 4 27 2 6 40 7 40 1 5 21 1 10 26 2 1 27 11 27 1 15 27 1 7 16 1 3 21 2 11 13 8 13 1 8 28 1 13 28 1 2 32 
15 1 13 35 1 2 11 2 6 39 10 39 1 15 18 1 8 23 1 1 34 1 4 24 2 14 11 13 11 1 9 30 1 12 31 1 5 15 1 11 15 1 3 28 1 10 26 1 7 33 
15 2 11 28 9 28 1 6 37 1 13 29 1 2 31 1 8 25 1 9 13 1 15 14 1 5 20 1 4 27 1 10 25 1 14 31 2 12 14 14 14 1 7 25 1 3 39 1 1 36 
15 1 1 22 1 12 25 1 6 28 1 14 35 1 5 31 1 9 21 1 10 20 1 15 19 1 3 29 1 8 32 1 11 18 1 2 18 1 4 11 3 13 17 3 17 5 17 1 7 15 
15 1 13 39 1 6 32 2 3 36 11 36 1 9 14 1 4 28 1 14 37 1 1 38 1 7 20 1 8 19 1 12 12 1 15 22 1 2 36 1 5 15 1 10 32 1 11 16 
15 1 9 28 1 2 29 1 15 40 1 13 23 1 5 34 1 6 33 1 7 27 1 11 17 1 1 20 1 8 28 1 12 21 1 3 21 1 14 20 1 10 33 1 4 27 
15 1 10 21 1 15 34 2 4 30 13 30 1 13 38 1 1 11 2 12 16 3 16 2 3 14 13 14 1 6 14 2 2 34 9 34 2 9 33 7 33 1 5 23 1 14 40 1 11 12 1 7 23 1 8 27 
15 1 10 13 1 15 40 1 8 36 2 5 17 12 17 1 1 13 1 6 33 1 9 25 1 14 24 1 11 23 1 4 36 1 3 29 1 2 18 1 12 13 2 7 33 12 33 1 13 13 
15 1 4 25 1 6 15 1 3 28 1 13 40 1 8 39 1 2 31 1 9 35 1 7 31 1 12 36 1 5 12 1 11 33 1 15 19 2 10 16 2 16 1 14 27 1 1 21 
15 1 13 22 1 11 14 1 1 12 1 3 20 1 6 12 2 2 18 4 18 1 12 17 1 9 39 1 15 31 1 4 31 1 8 32 1 10 20 1 14 29 1 5 13 1 7 26 
15 1 6 18 1 11 30 1 8 38 1 15 22 1 14 15 1 12 20 2 10 16 2 16 1 4 17 1 2 12 2 3 13 13 13 1 13 40 1 7 17 1 9 30 1 5 38 1 1 13 
15 1 10 31 1 9 39 1 13 27 1 2 14 1 6 33 1 4 31 1 12 22 1 14 36 1 1 16 1 8 11 2 15 14 7 14 1 5 29 1 7 28 1 3 22 1 11 17 
5 19 27 51 10 98 136 13 174 216 31 246 300 6 338 364 
3 18 32 137 74 192 315 21 401 444 
5 58 18 91 56 131 196 30 245 300 1 349 414 19 475 506 
2 31 39 193 68 309 387 
5 8 21 67 32 109 155 1 196 244 18 275 341 16 379 413 
2 38 50 209 11 323 454 
5 3 35 75 17 141 189 1 250 300 31 356 414 46 456 534 
3 37 39 138 53 213 318 81 392 493 
5 21 19 82 25 133 170 46 219 286 7 318 389 30 428 481 
3 28 60 102 13 222 264 31 378 432 
6 5 19 56 14 95 130 5 166 209 13 252 273 17 326 349 13 391 434 
5 25 19 70 16 118 149 6 210 235 22 294 329 37 368 433 
7 12 27 50 39 94 137 30 173 212 21 242 297 37 326 367 28 397 450 10 490 511 
6 20 25 68 28 121 158 43 200 265 24 311 340 8 401 436 19 490 533 
2 65 33 205 135 283 431 
