20 10 5.0
10 5 2 60 3 60 4 60 7 60 8 60 4 1 48 4 48 5 48 9 48 3 2 95 6 95 10 95 4 1 87 2 87 5 87 6 87 6 2 72 3 72 4 72 5 72 8 72 9 72 5 1 5 3 5 5 5 7 5 10 5 6 1 35 3 35 7 35 8 35 9 35 10 35 7 1 39 3 39 6 39 7 39 8 39 9 39 10 39 4 4 54 6 54 7 54 9 54 6 2 66 3 66 5 66 7 66 9 66 10 66 
10 4 2 37 8 37 9 37 10 37 5 2 34 4 34 5 34 7 34 8 34 4 1 97 3 97 4 97 6 97 4 1 55 2 55 3 55 6 55 6 1 21 2 21 3 21 4 21 6 21 10 21 6 3 20 4 20 5 20 6 20 8 20 9 20 7 1 59 2 59 4 59 5 59 7 59 8 59 10 59 5 4 46 5 46 7 46 8 46 10 46 6 4 19 5 19 6 19 7 19 8 19 9 19 4 2 46 6 46 8 46 9 46 
10 2 2 45 5 45 4 3 73 6 73 8 73 10 73 3 2 24 9 24 10 24 5 1 28 3 28 8 28 9 28 10 28 6 1 28 2 28 3 28 4 28 8 28 10 28 6 1 25 3 25 4 25 6 25 8 25 10 25 5 2 23 3 23 5 23 6 23 9 23 6 1 83 4 83 7 83 8 83 9 83 10 83 5 2 5 3 5 7 5 9 5 10 5 5 3 78 5 78 7 78 9 78 10 78 
10 3 1 53 4 53 6 53 6 1 12 2 12 3 12 4 12 7 12 10 12 3 6 12 8 12 10 12 5 2 37 3 37 4 37 8 37 10 37 6 2 33 5 33 6 33 7 33 8 33 9 33 4 3 71 4 71 8 71 9 71 6 1 55 4 55 6 55 7 55 9 55 10 55 2 6 29 8 29 5 2 87 3 87 4 87 8 87 10 87 6 1 38 3 38 5 38 6 38 7 38 10 38 
10 6 1 90 3 90 5 90 6 90 8 90 9 90 5 3 49 5 49 8 49 9 49 10 49 3 2 27 3 27 10 27 4 4 65 7 65 8 65 9 65 6 2 7 5 7 6 7 7 7 9 7 10 7 5 1 23 5 23 6 23 7 23 8 23 1 1 48 6 2 83 3 83 4 83 7 83 9 83 10 83 6 1 17 3 17 5 17 7 17 9 17 10 17 3 1 40 2 40 4 40 
10 5 2 85 4 85 6 85 8 85 9 85 4 2 25 5 25 7 25 10 25 6 2 84 3 84 5 84 6 84 8 84 10 84 2 4 64 7 64 5 2 13 3 13 8 13 9 13 10 13 3 2 66 4 66 9 66 7 1 46 3 46 4 46 5 46 8 46 9 46 10 46 3 4 59 8 59 9 59 6 1 62 4 62 6 62 7 62 9 62 10 62 3 3 19 6 19 8 19 
10 3 2 88 6 88 7 88 4 2 67 4 67 6 67 7 67 7 1 14 2 14 3 14 4 14 5 14 9 14 10 14 4 1 41 4 41 5 41 10 41 7 1 73 2 73 4 73 5 73 7 73 9 73 10 73 5 3 57 6 57 8 57 9 57 10 57 3 1 53 3 53 5 53 3 1 80 4 80 8 80 5 1 47 2 47 5 47 8 47 10 47 6 4 74 5 74 6 74 7 74 8 74 9 74 
10 7 2 78 3 78 6 78 7 78 8 78 9 78 10 78 6 1 64 4 64 5 64 6 64 9 64 10 64 5 1 63 3 63 4 63 5 63 7 63 4 4 46 5 46 7 46 9 46 2 3 84 4 84 5 1 84 5 84 6 84 8 84 10 84 5 1 28 2 28 5 28 6 28 9 28 3 5 52 6 52 10 52 3 4 26 8 26 10 26 5 1 41 3 41 4 41 6 41 7 41 
10 4 2 11 4 11 9 11 10 11 4 1 64 4 64 6 64 7 64 6 3 97 4 97 5 97 7 97 8 97 10 97 5 1 38 5 38 6 38 9 38 10 38 4 3 17 4 17 9 17 10 17 5 1 85 3 85 5 85 6 85 8 85 6 1 73 2 73 4 73 5 73 6 73 7 73 4 3 10 4 10 5 10 10 10 6 1 95 4 95 7 95 8 95 9 95 10 95 5 1 67 2 67 3 67 6 67 8 67 
10 5 3 93 4 93 6 93 7 93 9 93 4 1 95 3 95 4 95 6 95 4 4 43 6 43 8 43 9 43 5 2 65 3 65 6 65 9 65 10 65 4 2 32 5 32 6 32 9 32 6 1 59 2 59 3 59 8 59 9 59 10 59 4 6 85 7 85 8 85 10 85 4 2 46 4 46 6 46 10 46 6 1 85 4 85 6 85 8 85 9 85 10 85 7 1 60 2 60 4 60 5 60 6 60 8 60 10 60 
10 6 3 61 4 61 5 61 7 61 8 61 9 61 7 1 41 3 41 4 41 6 41 7 41 8 41 9 41 3 6 49 9 49 10 49 3 5 23 9 23 10 23 2 1 66 10 66 2 8 49 9 49 4 3 70 4 70 7 70 9 70 4 3 99 6 99 9 99 10 99 4 2 90 6 90 7 90 8 90 5 4 17 5 17 6 17 7 17 9 17 
10 5 2 13 5 13 6 13 7 13 10 13 4 1 7 3 7 8 7 9 7 4 2 98 5 98 6 98 7 98 1 9 57 5 1 73 4 73 6 73 9 73 10 73 4 3 73 4 73 8 73 10 73 2 3 68 6 68 4 1 40 6 40 7 40 9 40 5 2 98 5 98 7 98 8 98 10 98 4 3 9 4 9 6 9 7 9 
10 7 3 86 4 86 5 86 6 86 7 86 8 86 10 86 3 7 76 9 76 10 76 6 3 14 4 14 5 14 6 14 9 14 10 14 6 3 41 4 41 5 41 6 41 8 41 10 41 2 2 85 3 85 3 1 37 5 37 6 37 3 1 19 7 19 9 19 2 3 17 5 17 3 6 54 8 54 9 54 7 2 79 4 79 5 79 6 79 7 79 8 79 10 79 
10 8 1 40 2 40 3 40 5 40 6 40 7 40 8 40 9 40 4 1 53 2 53 3 53 4 53 4 4 97 8 97 9 97 10 97 4 5 87 6 87 8 87 10 87 5 2 96 5 96 7 96 9 96 10 96 5 1 84 2 84 4 84 5 84 7 84 3 4 16 5 16 7 16 6 3 66 4 66 7 66 8 66 9 66 10 66 4 5 52 6 52 9 52 10 52 6 1 95 5 95 6 95 7 95 9 95 10 95 
10 3 3 33 7 33 9 33 5 1 33 2 33 5 33 9 33 10 33 5 1 87 4 87 5 87 6 87 7 87 8 1 18 3 18 4 18 5 18 6 18 7 18 9 18 10 18 1 3 55 5 4 13 5 13 7 13 9 13 10 13 6 1 77 5 77 6 77 7 77 9 77 10 77 5 1 60 2 60 3 60 7 60 8 60 5 1 42 2 42 4 42 6 42 10 42 7 1 74 2 74 3 74 4 74 6 74 7 74 8 74 
10 3 7 92 8 92 9 92 2 3 91 6 91 3 2 79 5 79 9 79 2 3 54 4 54 5 4 69 5 69 8 69 9 69 10 69 4 4 79 6 79 7 79 9 79 4 4 33 6 33 7 33 9 33 4 1 61 2 61 7 61 9 61 3 4 39 6 39 10 39 4 1 16 5 16 8 16 10 16 
10 5 1 82 3 82 7 82 8 82 10 82 6 2 41 4 41 6 41 7 41 8 41 9 41 4 3 28 5 28 6 28 10 28 4 1 64 4 64 6 64 7 64 5 2 78 3 78 4 78 8 78 10 78 4 3 76 4 76 8 76 10 76 4 3 6 5 6 8 6 9 6 6 3 49 5 49 7 49 8 49 9 49 10 49 8 1 47 2 47 4 47 5 47 7 47 8 47 9 47 10 47 4 1 58 2 58 6 58 10 58 
10 4 1 52 4 52 6 52 8 52 4 3 42 6 42 8 42 9 42 5 1 24 4 24 8 24 9 24 10 24 2 7 91 10 91 4 2 47 4 47 7 47 8 47 7 1 88 2 88 4 88 6 88 7 88 8 88 10 88 4 1 91 2 91 4 91 5 91 6 3 52 4 52 6 52 7 52 8 52 10 52 5 3 28 4 28 5 28 7 28 8 28 3 2 35 7 35 10 35 
10 5 1 82 4 82 6 82 9 82 10 82 6 1 76 2 76 3 76 4 76 5 76 6 76 5 1 86 2 86 4 86 6 86 7 86 6 2 93 3 93 6 93 7 93 8 93 9 93 4 2 84 5 84 9 84 10 84 4 5 38 6 38 8 38 9 38 6 2 95 3 95 4 95 5 95 6 95 9 95 6 2 37 3 37 4 37 7 37 8 37 10 37 3 2 21 4 21 7 21 4 1 23 4 23 8 23 10 23 
10 9 1 77 2 77 3 77 4 77 5 77 6 77 7 77 9 77 10 77 6 1 8 3 8 5 8 6 8 8 8 9 8 4 2 42 7 42 8 42 10 42 4 1 64 2 64 5 64 8 64 3 1 70 9 70 10 70 4 3 45 6 45 8 45 9 45 3 6 45 9 45 10 45 4 2 28 3 28 6 28 9 28 7 2 67 4 67 5 67 6 67 8 67 9 67 10 67 2 2 86 8 86 
15 25 17 47 4 83 109 5 147 173 24 210 238 8 266 310 27 334 370 15 407 425 1 463 497 8 523 565 4 597 619 13 654 690 13 717 755 17 779 821 28 846 882 24 910 946 
20 4 11 41 7 69 87 19 116 144 1 171 193 33 217 251 1 277 295 1 326 350 6 372 408 11 432 452 15 485 503 12 535 557 12 590 606 20 637 663 15 684 720 4 735 773 7 792 820 2 843 873 35 892 928 26 943 981 11 1004 1024 
10 26 15 91 12 131 187 19 244 286 16 337 405 35 450 504 20 556 610 40 666 712 24 772 818 11 880 922 27 990 1024 
20 11 18 44 22 70 116 20 144 166 14 208 226 3 257 301 5 317 365 14 391 415 19 454 476 21 510 544 10 579 599 11 631 671 10 702 724 14 761 789 14 828 846 15 884 914 13 952 970 5 1003 1043 6 1067 1103 8 1137 1157 7 1196 1222 
14 3 22 40 10 77 109 18 140 170 21 202 232 39 258 300 6 327 355 14 393 413 21 444 486 40 505 549 28 570 608 16 640 662 11 703 723 24 760 790 3 823 851 
3 30 84 339 114 559 710 155 957 1158 
22 1 17 30 14 55 86 7 110 125 13 155 174 8 203 220 29 243 274 12 296 315 22 336 369 10 391 408 2 434 459 19 480 507 12 527 554 5 578 597 23 618 651 6 674 689 6 715 742 22 763 788 22 811 834 13 862 877 7 903 930 1 956 971 9 993 1028 
16 30 16 53 32 86 121 12 148 197 2 229 254 5 289 332 18 363 396 40 427 470 40 493 542 40 565 608 17 637 674 24 706 743 3 779 808 8 849 876 31 905 958 11 984 1017 5 1055 1084 
12 38 25 72 6 124 167 9 218 267 32 310 369 3 410 463 5 514 553 14 614 647 35 697 758 5 803 846 5 894 949 22 988 1049 18 1096 1135 
25 8 13 34 19 60 81 8 105 130 4 155 174 10 200 223 7 248 269 2 293 318 15 337 368 5 384 415 10 435 458 12 481 506 2 524 557 18 571 604 23 621 648 10 674 689 25 715 742 17 765 786 8 816 829 7 860 879 16 903 930 5 952 975 8 1003 1018 15 1044 1071 4 1095 1114 17 1139 1164 
