10 10 1.15
10 1 3 44 1 4 5 1 6 58 1 5 97 2 1 9 8 9 1 8 84 1 9 77 1 10 96 1 2 58 1 7 89 
10 1 5 15 1 8 31 2 2 87 6 87 1 9 57 1 1 77 1 4 85 2 3 81 6 81 1 6 39 1 10 73 1 7 21 
10 1 10 82 2 7 22 10 22 1 5 10 1 4 70 1 2 49 1 1 40 1 9 34 1 3 48 2 8 80 4 80 1 6 71 
10 1 2 91 2 3 17 10 17 1 8 62 1 6 75 1 9 47 1 5 11 1 4 7 1 7 72 1 10 35 1 1 55 
10 1 7 71 2 2 90 3 90 1 4 75 1 1 64 2 3 94 5 94 1 9 15 1 5 12 1 8 67 2 10 20 9 20 1 6 50 
10 2 8 70 3 70 1 6 93 1 9 77 1 3 29 1 5 58 1 7 93 1 4 68 1 2 57 1 10 7 1 1 52 
10 1 7 87 1 2 63 1 5 26 1 6 6 1 3 82 1 4 27 1 8 56 1 9 48 1 10 36 1 1 95 
10 2 1 36 3 36 1 6 15 1 9 41 1 10 78 1 4 76 1 7 84 1 5 30 1 8 76 1 3 36 1 2 8 
10 2 6 88 5 88 1 3 81 1 4 13 1 7 82 1 5 54 1 8 13 1 9 29 1 10 40 1 2 78 1 1 75 
10 1 10 88 2 5 54 7 54 1 7 64 1 8 32 1 1 52 1 3 6 1 9 54 1 6 82 1 4 6 1 2 26 
3 76 42 136 38 229 305 60 403 487 
3 21 42 131 38 228 291 26 392 473 
4 38 38 92 5 164 226 38 297 353 24 418 492 
2 103 63 173 9 318 390 
2 28 66 150 3 261 387 
3 8 70 136 37 271 347 103 445 585 
2 6 76 275 123 417 636 
2 92 51 200 78 336 417 
2 88 37 208 69 279 456 
3 65 51 138 56 217 350 5 413 532 
