13 4 2.0
4 2 1 654 3 654 2 1 147 2 147 2 1 345 3 345 3 2 447 3 447 4 447 
4 1 1 321 3 1 520 2 520 3 520 2 3 789 4 789 3 2 702 3 702 4 702 
4 2 1 12 4 12 1 2 147 1 3 630 2 3 255 4 255 
4 2 1 345 3 345 1 2 586 2 1 214 3 214 2 1 866 4 866 
4 3 1 678 2 678 4 678 1 2 532 3 1 275 3 275 4 275 3 1 332 2 332 4 332 
4 2 1 963 2 963 2 2 145 3 145 2 1 302 3 302 2 3 225 4 225 
4 3 1 25 3 25 4 25 2 1 24 2 24 2 3 142 4 142 2 3 589 4 589 
4 2 1 874 2 874 2 2 517 4 517 2 2 24 3 24 3 1 996 2 996 4 996 
4 4 1 114 2 114 3 114 4 114 1 2 896 3 1 520 3 520 4 520 3 2 541 3 541 4 541 
4 2 1 785 4 785 1 2 543 4 1 336 2 336 3 336 4 336 3 1 234 2 234 4 234 
4 3 1 203 2 203 3 203 3 2 210 3 210 4 210 2 2 699 3 699 1 4 784 
4 3 1 696 2 696 4 696 3 1 784 2 784 4 784 3 1 855 2 855 3 855 3 1 512 2 512 4 512 
4 3 1 302 2 302 4 302 2 1 512 2 512 3 2 221 3 221 4 221 2 3 345 4 345 
8 65 200 521 115 987 1176 146 1676 1929 113 2425 2622 119 3095 3394 384 3707 4224 374 4454 4919 249 5202 5613 
4 924 235 1644 465 2316 3321 219 4254 5141 750 6122 7031 
4 491 330 867 18 1536 2055 598 2657 3328 488 3892 4487 
7 361 169 639 284 939 1485 56 1904 2136 369 2559 3097 123 3523 3749 542 4145 4743 284 4958 5546 
