8 8 1.15
8 1 1 456 1 2 654 1 3 852 1 4 145 2 5 632 4 632 1 6 425 1 7 214 1 8 654 
8 1 1 789 1 2 123 1 3 369 1 4 678 2 5 581 4 581 1 6 396 1 7 123 1 8 789 
8 2 1 654 2 654 1 2 123 1 3 632 1 4 965 1 5 475 2 6 325 8 325 1 7 456 1 8 654 
8 1 1 321 1 2 456 1 3 581 1 4 421 2 5 32 4 32 1 6 147 1 7 789 2 8 123 1 123 
8 1 1 456 1 2 789 1 3 472 1 4 365 1 5 536 1 6 852 1 7 654 1 8 123 
8 1 1 789 1 2 654 2 3 586 5 586 1 4 824 1 5 325 2 6 12 3 12 1 7 321 1 8 456 
8 2 1 654 8 654 2 2 321 6 321 2 3 320 2 320 1 4 758 1 5 863 1 6 452 1 7 456 1 8 789 
8 1 1 789 1 2 147 1 3 120 1 4 639 1 5 21 1 6 863 1 7 789 1 8 654 
3 339 182 1257 238 1895 2422 260 3379 3816 
3 286 438 760 192 1555 2039 612 2618 3372 
2 521 415 1328 724 2176 3053 
2 105 728 1981 626 3206 4921 
3 49 199 847 32 1353 1785 73 2438 2792 
2 767 447 1285 114 2087 3109 
2 290 627 1274 397 2475 3228 
3 499 503 1054 479 1925 2746 351 3509 4276 
