10 10 2.0
10 1 5 88 1 9 68 2 7 94 3 94 2 6 99 1 99 2 2 67 8 67 2 3 89 8 89 3 10 77 7 77 4 77 2 8 99 1 99 3 1 86 7 86 3 86 2 4 92 3 92 
10 2 6 72 2 72 2 4 50 6 50 3 7 69 4 69 1 69 1 5 75 2 3 94 9 94 1 9 66 1 1 92 3 2 82 9 82 1 82 2 8 94 9 94 3 10 63 4 63 8 63 
10 3 10 83 4 83 3 83 2 9 61 6 61 1 1 83 1 2 65 3 7 64 3 64 2 64 1 6 85 2 8 78 10 78 3 5 85 2 85 10 85 1 3 55 3 4 77 10 77 2 77 
10 1 8 94 3 3 68 2 68 10 68 2 2 61 5 61 3 5 99 2 99 4 99 3 4 54 5 54 3 54 1 7 75 1 6 66 2 1 76 9 76 2 10 63 3 63 3 9 67 2 67 1 67 
10 2 4 69 3 69 2 5 88 9 88 1 10 82 2 9 95 2 95 2 1 99 5 99 3 3 67 8 67 6 67 2 7 95 2 95 3 6 68 9 68 5 68 2 8 67 3 67 3 2 86 8 86 3 86 
10 1 2 99 2 5 81 6 81 2 6 64 5 64 2 7 66 10 66 1 9 80 2 3 80 6 80 2 8 69 6 69 2 10 62 2 62 2 4 79 7 79 1 1 88 
10 2 8 50 9 50 3 2 86 9 86 3 86 1 5 97 1 4 96 1 1 95 3 9 97 3 97 8 97 1 3 66 2 6 99 1 99 1 7 52 2 10 71 7 71 
10 3 5 98 1 98 3 98 2 7 73 6 73 2 4 82 5 82 1 3 51 1 2 71 1 6 94 3 8 85 2 85 5 85 3 1 62 10 62 8 62 3 9 95 2 95 7 95 3 10 79 9 79 5 79 
10 2 1 94 5 94 3 7 71 9 71 1 71 1 4 81 3 8 85 3 85 2 85 1 2 66 1 3 90 3 5 76 1 76 8 76 3 6 58 1 58 5 58 1 9 93 3 10 97 1 97 5 97 
10 2 4 50 5 50 2 1 59 6 59 1 2 82 1 9 67 1 8 56 3 10 96 4 96 7 96 3 7 58 4 58 3 58 1 5 81 3 6 59 7 59 2 59 1 3 96 
2 141 147 316 135 569 820 
4 32 37 202 46 314 403 29 515 680 32 797 876 
4 177 31 218 60 294 453 20 566 679 94 783 960 
5 15 31 92 37 153 216 77 266 349 2 397 464 48 521 586 
5 22 39 145 51 237 315 51 418 502 9 608 680 12 775 881 
5 22 54 93 34 169 272 81 314 421 28 480 549 19 608 715 
5 47 20 99 37 158 199 32 260 335 6 397 436 62 502 569 
3 62 46 176 80 271 395 140 473 637 
5 3 41 133 65 218 304 77 382 488 49 567 651 26 757 809 
4 8 35 94 47 165 222 32 289 356 60 407 496 
