20 15 7.5
15 8 1 19 2 19 6 19 7 19 8 19 9 19 10 19 13 19 6 2 33 8 33 9 33 10 33 11 33 15 33 6 1 32 2 32 3 32 6 32 8 32 15 32 7 2 18 4 18 6 18 7 18 8 18 10 18 14 18 8 1 39 2 39 7 39 8 39 9 39 11 39 12 39 14 39 8 3 34 4 34 5 34 8 34 9 34 10 34 13 34 14 34 5 1 25 7 25 9 25 14 25 15 25 5 2 36 5 36 6 36 8 36 14 36 7 1 40 2 40 4 40 6 40 9 40 12 40 15 40 6 7 33 10 33 11 33 12 33 13 33 15 33 5 2 31 4 31 7 31 9 31 11 31 9 1 30 3 30 8 30 9 30 10 30 11 30 12 30 14 30 15 30 6 4 34 6 34 7 34 8 34 13 34 15 34 4 3 26 5 26 6 26 9 26 6 5 13 8 13 11 13 12 13 13 13 14 13 
15 7 1 11 2 11 4 11 5 11 10 11 12 11 14 11 8 2 22 3 22 7 22 9 22 10 22 11 22 12 22 13 22 7 1 19 2 19 5 19 6 19 8 19 9 19 15 19 7 1 12 5 12 6 12 9 12 12 12 14 12 15 12 5 2 25 3 25 4 25 5 25 15 25 5 1 38 6 38 7 38 8 38 13 38 6 1 29 2 29 3 29 10 29 12 29 14 29 10 1 39 2 39 4 39 5 39 6 39 7 39 8 39 10 39 13 39 15 39 4 3 19 7 19 8 19 14 19 6 1 22 3 22 7 22 8 22 9 22 12 22 6 2 23 3 23 4 23 5 23 8 23 12 23 8 3 20 4 20 7 20 8 20 9 20 10 20 11 20 13 20 5 3 40 9 40 12 40 13 40 14 40 7 4 19 7 19 11 19 12 19 13 19 14 19 15 19 8 2 26 5 26 6 26 7 26 8 26 9 26 10 26 13 26 
15 6 4 25 5 25 7 25 9 25 10 25 11 25 6 3 17 5 17 9 17 12 17 14 17 15 17 7 2 24 3 24 6 24 8 24 12 24 14 24 15 24 4 1 40 2 40 6 40 14 40 8 2 32 3 32 4 32 5 32 6 32 11 32 12 32 14 32 6 2 16 7 16 11 16 12 16 14 16 15 16 6 1 39 2 39 5 39 6 39 12 39 15 39 4 7 19 10 19 13 19 14 19 5 1 24 3 24 4 24 5 24 8 24 6 2 39 3 39 4 39 7 39 9 39 13 39 7 1 17 2 17 5 17 6 17 7 17 9 17 11 17 9 3 35 5 35 6 35 7 35 8 35 10 35 13 35 14 35 15 35 7 1 38 5 38 8 38 10 38 12 38 13 38 15 38 7 3 20 4 20 5 20 7 20 8 20 10 20 13 20 4 10 31 13 31 14 31 15 31 
15 8 5 22 6 22 10 22 11 22 12 22 13 22 14 22 15 22 6 1 36 4 36 5 36 13 36 14 36 15 36 5 2 34 3 34 5 34 11 34 14 34 6 4 17 5 17 6 17 8 17 13 17 14 17 7 1 30 3 30 5 30 6 30 7 30 8 30 12 30 9 1 12 3 12 4 12 7 12 9 12 10 12 12 12 14 12 15 12 7 2 13 3 13 4 13 5 13 7 13 14 13 15 13 7 4 25 7 25 8 25 9 25 10 25 13 25 14 25 9 1 12 2 12 3 12 5 12 7 12 9 12 10 12 12 12 14 12 8 1 18 3 18 4 18 7 18 8 18 10 18 12 18 13 18 8 2 31 3 31 4 31 8 31 10 31 11 31 12 31 14 31 6 1 39 4 39 11 39 12 39 13 39 15 39 8 1 40 4 40 6 40 7 40 8 40 11 40 12 40 13 40 8 2 26 3 26 4 26 6 26 8 26 9 26 10 26 15 26 3 1 37 2 37 12 37 
15 5 1 32 2 32 6 32 12 32 13 32 7 2 15 5 15 7 15 8 15 9 15 10 15 15 15 10 1 35 2 35 4 35 6 35 7 35 8 35 11 35 12 35 13 35 15 35 6 1 13 2 13 4 13 5 13 8 13 10 13 7 1 32 4 32 5 32 6 32 9 32 11 32 12 32 9 1 23 3 23 5 23 8 23 9 23 11 23 12 23 13 23 14 23 3 4 22 7 22 14 22 4 4 21 5 21 11 21 12 21 6 1 38 2 38 3 38 7 38 9 38 15 38 4 1 38 3 38 9 38 13 38 5 4 40 8 40 9 40 10 40 11 40 10 1 31 2 31 3 31 4 31 5 31 8 31 10 31 11 31 13 31 14 31 7 2 11 3 11 4 11 6 11 10 11 13 11 14 11 3 6 37 9 37 14 37 6 1 16 3 16 4 16 10 16 11 16 14 16 
15 13 1 23 2 23 3 23 4 23 5 23 6 23 7 23 8 23 9 23 11 23 12 23 13 23 14 23 9 1 38 2 38 7 38 8 38 10 38 11 38 12 38 13 38 14 38 5 4 11 6 11 8 11 9 11 11 11 5 3 27 9 27 10 27 13 27 15 27 8 1 11 3 11 4 11 6 11 7 11 8 11 10 11 11 11 8 1 25 5 25 6 25 7 25 9 25 12 25 14 25 15 25 6 6 14 8 14 10 14 11 14 12 14 13 14 7 1 12 2 12 5 12 7 12 8 12 10 12 15 12 4 3 27 4 27 8 27 11 27 6 4 26 7 26 8 26 11 26 12 26 15 26 5 4 29 8 29 11 29 12 29 14 29 5 3 28 4 28 6 28 9 28 13 28 6 7 21 9 21 11 21 13 21 14 21 15 21 6 1 20 3 20 4 20 11 20 14 20 15 20 6 2 30 7 30 8 30 11 30 12 30 14 30 
15 5 2 39 4 39 7 39 8 39 12 39 8 2 38 7 38 8 38 9 38 11 38 12 38 13 38 15 38 3 1 15 6 15 8 15 5 1 27 3 27 4 27 5 27 13 27 6 1 22 2 22 7 22 8 22 10 22 11 22 9 2 27 3 27 4 27 8 27 9 27 10 27 12 27 13 27 15 27 7 1 32 3 32 6 32 7 32 10 32 13 32 15 32 7 2 40 5 40 6 40 7 40 11 40 12 40 15 40 6 1 12 2 12 4 12 9 12 10 12 12 12 6 1 20 3 20 4 20 7 20 10 20 14 20 4 5 21 6 21 7 21 15 21 7 3 22 4 22 8 22 10 22 11 22 12 22 14 22 9 3 17 6 17 7 17 9 17 11 17 12 17 13 17 14 17 15 17 6 2 38 5 38 7 38 8 38 12 38 15 38 9 1 27 2 27 5 27 6 27 8 27 9 27 11 27 12 27 13 27 
15 8 1 11 2 11 3 11 4 11 11 11 12 11 13 11 15 11 7 2 24 4 24 6 24 7 24 10 24 14 24 15 24 5 5 38 6 38 9 38 11 38 13 38 5 4 15 9 15 10 15 11 15 14 15 6 1 19 2 19 5 19 10 19 14 19 15 19 7 1 13 5 13 6 13 9 13 11 13 13 13 15 13 2 3 30 6 30 7 1 26 2 26 4 26 8 26 11 26 12 26 14 26 7 2 29 3 29 4 29 8 29 9 29 12 29 13 29 8 2 33 3 33 5 33 7 33 12 33 13 33 14 33 15 33 7 1 21 2 21 4 21 5 21 8 21 10 21 13 21 6 2 15 3 15 5 15 9 15 14 15 15 15 8 1 21 2 21 3 21 4 21 7 21 10 21 11 21 13 21 6 1 28 4 28 5 28 8 28 10 28 13 28 4 3 33 8 33 10 33 13 33 
15 6 2 20 5 20 6 20 8 20 9 20 15 20 9 1 17 2 17 3 17 7 17 10 17 11 17 12 17 14 17 15 17 8 1 26 3 26 4 26 5 26 6 26 8 26 12 26 14 26 6 1 34 4 34 5 34 9 34 10 34 12 34 10 1 23 2 23 3 23 6 23 8 23 9 23 10 23 11 23 12 23 13 23 6 1 16 2 16 8 16 12 16 13 16 15 16 9 1 18 2 18 3 18 4 18 5 18 6 18 9 18 11 18 13 18 9 2 35 4 35 5 35 7 35 9 35 12 35 13 35 14 35 15 35 5 1 24 4 24 5 24 7 24 13 24 5 5 16 10 16 11 16 13 16 14 16 4 8 26 10 26 12 26 15 26 5 4 12 7 12 8 12 9 12 12 12 6 2 13 4 13 7 13 8 13 11 13 15 13 8 1 27 4 27 5 27 6 27 12 27 13 27 14 27 15 27 5 2 19 6 19 7 19 9 19 10 19 
15 8 1 18 2 18 3 18 5 18 7 18 9 18 10 18 13 18 7 2 37 4 37 7 37 8 37 9 37 11 37 15 37 6 3 27 5 27 6 27 13 27 14 27 15 27 7 1 40 2 40 4 40 5 40 10 40 12 40 14 40 10 1 40 3 40 4 40 5 40 6 40 7 40 10 40 11 40 13 40 15 40 5 2 17 3 17 5 17 7 17 12 17 7 4 22 5 22 7 22 9 22 11 22 14 22 15 22 6 1 17 2 17 4 17 7 17 12 17 13 17 4 2 30 6 30 10 30 11 30 6 1 38 3 38 4 38 10 38 13 38 15 38 9 1 21 5 21 6 21 7 21 10 21 11 21 13 21 14 21 15 21 9 1 32 2 32 3 32 4 32 5 32 7 32 8 32 10 32 13 32 2 12 24 14 24 5 2 24 4 24 9 24 13 24 14 24 6 1 30 2 30 3 30 7 30 10 30 11 30 
15 8 1 19 5 19 6 19 8 19 9 19 12 19 13 19 14 19 7 1 22 3 22 4 22 5 22 6 22 10 22 11 22 8 1 36 2 36 4 36 7 36 8 36 9 36 14 36 15 36 8 1 18 2 18 5 18 6 18 7 18 11 18 13 18 14 18 6 4 22 6 22 9 22 10 22 11 22 13 22 6 2 17 4 17 9 17 11 17 12 17 14 17 5 2 35 3 35 5 35 8 35 15 35 4 6 34 11 34 12 34 13 34 8 2 23 6 23 8 23 10 23 12 23 13 23 14 23 15 23 6 7 19 8 19 9 19 10 19 12 19 14 19 10 1 29 3 29 4 29 5 29 8 29 9 29 10 29 11 29 12 29 13 29 6 1 22 2 22 5 22 9 22 10 22 12 22 5 3 17 4 17 7 17 13 17 15 17 6 1 33 5 33 9 33 10 33 11 33 12 33 8 3 39 4 39 6 39 10 39 11 39 12 39 13 39 15 39 
15 7 2 32 4 32 6 32 7 32 9 32 11 32 12 32 6 1 22 3 22 4 22 12 22 14 22 15 22 11 1 24 2 24 3 24 4 24 6 24 7 24 8 24 9 24 13 24 14 24 15 24 4 6 13 9 13 11 13 12 13 7 1 13 4 13 5 13 10 13 11 13 12 13 14 13 4 2 11 11 11 12 11 13 11 6 1 11 2 11 8 11 10 11 11 11 12 11 10 1 25 4 25 6 25 8 25 10 25 11 25 12 25 13 25 14 25 15 25 5 1 13 3 13 8 13 9 13 14 13 8 1 15 3 15 6 15 7 15 8 15 9 15 13 15 14 15 7 1 33 2 33 3 33 9 33 11 33 12 33 13 33 11 2 17 3 17 4 17 6 17 7 17 8 17 11 17 12 17 13 17 14 17 15 17 6 4 16 5 16 9 16 13 16 14 16 15 16 8 2 38 5 38 7 38 8 38 10 38 12 38 13 38 15 38 8 1 24 6 24 7 24 8 24 9 24 12 24 13 24 15 24 
15 2 3 16 15 16 8 1 16 4 16 6 16 8 16 12 16 13 16 14 16 15 16 6 2 37 8 37 9 37 11 37 13 37 14 37 5 2 25 7 25 8 25 9 25 11 25 7 1 26 2 26 3 26 4 26 5 26 10 26 15 26 5 1 11 4 11 6 11 8 11 12 11 7 2 34 3 34 7 34 8 34 10 34 12 34 13 34 7 2 14 4 14 5 14 9 14 10 14 11 14 14 14 6 1 20 3 20 9 20 10 20 11 20 13 20 10 1 36 2 36 3 36 4 36 5 36 7 36 9 36 10 36 11 36 13 36 5 1 12 5 12 13 12 14 12 15 12 6 2 29 6 29 11 29 12 29 13 29 15 29 6 1 25 4 25 8 25 10 25 11 25 13 25 7 3 32 4 32 5 32 7 32 8 32 10 32 14 32 8 2 12 4 12 7 12 8 12 10 12 12 12 13 12 14 12 
15 5 5 20 7 20 9 20 10 20 13 20 10 1 24 2 24 3 24 7 24 8 24 9 24 10 24 11 24 12 24 13 24 4 1 27 8 27 9 27 12 27 7 1 38 2 38 5 38 8 38 10 38 12 38 13 38 9 2 34 3 34 4 34 5 34 6 34 8 34 9 34 11 34 15 34 8 2 39 3 39 4 39 5 39 7 39 10 39 13 39 14 39 6 2 33 5 33 6 33 8 33 10 33 13 33 8 1 37 2 37 3 37 5 37 6 37 7 37 9 37 14 37 7 1 31 3 31 4 31 9 31 10 31 12 31 14 31 5 1 15 5 15 8 15 11 15 14 15 9 2 34 4 34 6 34 8 34 9 34 10 34 12 34 13 34 15 34 6 1 33 2 33 4 33 6 33 13 33 14 33 8 2 26 3 26 4 26 5 26 7 26 8 26 9 26 11 26 9 1 36 2 36 4 36 5 36 8 36 9 36 10 36 13 36 15 36 6 1 14 4 14 7 14 9 14 10 14 15 14 
15 10 3 31 4 31 5 31 6 31 9 31 10 31 12 31 13 31 14 31 15 31 9 1 17 2 17 4 17 7 17 9 17 10 17 11 17 14 17 15 17 7 1 13 4 13 5 13 7 13 8 13 10 13 11 13 7 2 21 3 21 5 21 8 21 9 21 10 21 13 21 3 4 17 8 17 11 17 4 8 19 10 19 12 19 14 19 6 1 14 2 14 10 14 13 14 14 14 15 14 7 3 40 4 40 6 40 9 40 12 40 13 40 14 40 7 1 32 4 32 6 32 8 32 10 32 11 32 12 32 4 2 25 3 25 7 25 12 25 8 1 34 2 34 3 34 4 34 5 34 8 34 10 34 12 34 8 1 23 2 23 3 23 6 23 8 23 10 23 13 23 15 23 7 4 13 5 13 7 13 11 13 12 13 13 13 14 13 8 3 40 4 40 5 40 6 40 10 40 13 40 14 40 15 40 8 2 26 3 26 5 26 7 26 8 26 12 26 13 26 15 26 
15 6 1 38 2 38 5 38 9 38 11 38 14 38 5 4 17 6 17 7 17 9 17 13 17 9 1 14 4 14 5 14 6 14 8 14 9 14 11 14 13 14 15 14 8 1 17 3 17 5 17 8 17 10 17 11 17 12 17 14 17 7 2 12 4 12 5 12 6 12 8 12 11 12 12 12 7 2 35 4 35 7 35 11 35 12 35 13 35 15 35 3 6 35 7 35 12 35 8 1 19 3 19 4 19 7 19 10 19 12 19 13 19 15 19 9 2 36 4 36 5 36 8 36 9 36 10 36 11 36 13 36 15 36 9 1 19 3 19 4 19 5 19 8 19 9 19 10 19 13 19 14 19 6 3 29 4 29 6 29 8 29 10 29 13 29 9 2 31 3 31 8 31 9 31 10 31 12 31 13 31 14 31 15 31 7 3 26 4 26 5 26 6 26 8 26 11 26 13 26 8 2 35 4 35 5 35 8 35 10 35 12 35 13 35 15 35 6 2 37 3 37 6 37 9 37 13 37 15 37 
15 2 9 20 15 20 8 2 16 4 16 5 16 6 16 7 16 8 16 13 16 14 16 6 1 33 2 33 3 33 5 33 6 33 14 33 4 2 14 11 14 13 14 15 14 8 1 27 4 27 5 27 6 27 7 27 10 27 13 27 15 27 2 8 31 12 31 7 4 16 5 16 7 16 9 16 10 16 14 16 15 16 5 1 31 2 31 7 31 11 31 12 31 3 4 28 7 28 13 28 6 1 37 2 37 9 37 10 37 11 37 13 37 6 3 37 5 37 8 37 10 37 11 37 14 37 6 3 29 5 29 9 29 12 29 14 29 15 29 8 1 38 2 38 6 38 9 38 10 38 12 38 13 38 15 38 9 2 30 5 30 6 30 7 30 8 30 10 30 11 30 14 30 15 30 6 1 36 4 36 5 36 7 36 12 36 14 36 
15 8 1 18 2 18 3 18 7 18 8 18 9 18 12 18 13 18 7 1 37 4 37 5 37 8 37 9 37 10 37 15 37 4 1 16 7 16 14 16 15 16 5 6 15 7 15 9 15 11 15 15 15 4 3 14 8 14 9 14 10 14 11 1 11 2 11 3 11 4 11 5 11 7 11 9 11 11 11 12 11 13 11 15 11 5 3 32 9 32 11 32 13 32 14 32 6 1 12 3 12 6 12 8 12 11 12 13 12 7 2 11 3 11 5 11 8 11 10 11 12 11 14 11 5 3 29 5 29 6 29 7 29 11 29 9 1 19 2 19 5 19 7 19 8 19 9 19 10 19 11 19 15 19 9 1 12 2 12 3 12 5 12 6 12 8 12 9 12 11 12 14 12 7 1 18 2 18 3 18 4 18 5 18 10 18 11 18 4 2 26 3 26 8 26 12 26 7 1 39 3 39 6 39 12 39 13 39 14 39 15 39 
15 6 3 11 5 11 6 11 7 11 12 11 14 11 7 1 11 3 11 4 11 5 11 8 11 11 11 13 11 6 1 22 2 22 5 22 11 22 13 22 15 22 8 2 35 3 35 4 35 6 35 10 35 11 35 13 35 14 35 3 4 20 14 20 15 20 7 1 31 2 31 4 31 8 31 10 31 11 31 15 31 6 1 19 2 19 4 19 5 19 7 19 12 19 6 1 39 3 39 4 39 8 39 10 39 15 39 6 1 28 4 28 5 28 6 28 7 28 12 28 5 2 33 7 33 10 33 13 33 14 33 6 2 34 6 34 10 34 11 34 14 34 15 34 6 2 38 3 38 8 38 12 38 13 38 15 38 5 1 20 4 20 6 20 8 20 13 20 5 6 17 12 17 13 17 14 17 15 17 7 1 28 7 28 8 28 9 28 10 28 14 28 15 28 
15 5 2 12 3 12 7 12 8 12 14 12 7 1 25 3 25 6 25 8 25 10 25 11 25 13 25 9 3 23 5 23 6 23 7 23 8 23 9 23 11 23 12 23 13 23 10 2 21 3 21 4 21 5 21 6 21 9 21 10 21 11 21 13 21 15 21 8 1 27 5 27 7 27 8 27 9 27 10 27 12 27 15 27 6 1 30 5 30 10 30 11 30 13 30 15 30 11 1 23 3 23 4 23 5 23 7 23 8 23 9 23 11 23 12 23 14 23 15 23 5 1 39 2 39 3 39 10 39 12 39 6 3 26 4 26 11 26 12 26 14 26 15 26 8 1 34 4 34 6 34 7 34 8 34 11 34 12 34 14 34 4 1 17 3 17 8 17 12 17 8 1 24 2 24 4 24 5 24 7 24 8 24 10 24 12 24 10 1 12 2 12 3 12 4 12 5 12 7 12 8 12 9 12 13 12 15 12 6 1 19 2 19 5 19 6 19 9 19 12 19 5 1 36 5 36 9 36 11 36 12 36 
6 15 25 69 22 120 162 16 215 255 36 304 354 28 405 441 48 489 545 
30 5 5 15 6 26 34 1 44 56 1 63 77 9 82 98 3 104 116 1 123 137 1 145 155 1 164 176 8 185 195 3 202 218 11 223 237 1 246 254 6 262 278 8 285 295 7 305 315 10 323 337 1 344 356 3 365 375 6 386 394 7 405 415 5 424 436 5 445 455 4 466 474 8 483 497 5 503 517 3 525 535 1 546 554 8 563 577 7 583 597 
20 8 5 21 6 35 43 9 57 73 4 87 95 4 110 124 6 139 147 16 160 178 11 186 204 10 215 227 12 238 256 15 265 281 2 293 305 15 316 334 4 347 355 2 370 384 5 398 408 6 424 434 5 446 464 3 473 489 1 498 516 
14 4 7 32 21 45 72 3 83 112 12 129 144 4 170 181 19 204 225 13 246 261 7 279 306 12 321 342 2 360 381 3 396 423 10 436 461 8 479 496 2 520 533 
23 5 5 16 1 26 37 7 48 57 12 67 80 8 89 100 4 108 123 13 129 144 1 149 166 10 172 185 6 192 207 4 214 227 12 234 249 4 258 267 4 279 288 5 301 308 2 322 329 4 340 353 9 361 374 4 382 395 4 402 417 12 423 438 2 445 458 5 464 481 
22 2 7 14 8 26 37 4 49 56 10 67 80 1 88 101 1 111 120 11 130 143 6 150 165 4 174 183 12 192 207 8 213 228 1 234 249 2 255 270 7 277 290 10 296 313 2 322 329 12 339 354 11 360 375 10 383 394 3 403 416 2 426 435 1 443 460 
19 16 3 22 7 28 47 9 55 70 9 78 97 2 107 118 10 132 143 8 158 167 5 180 195 3 207 218 4 233 242 1 256 269 6 280 295 14 304 321 12 331 344 5 359 366 6 382 393 6 407 418 5 428 447 13 454 471 
25 3 7 15 7 28 38 3 49 61 5 69 85 10 92 106 12 114 128 1 139 147 3 156 174 5 181 193 7 205 213 11 223 239 7 246 260 11 269 281 3 292 302 8 313 325 11 334 348 7 356 370 6 380 390 5 399 415 3 424 434 13 444 458 14 465 481 6 491 499 4 512 522 9 531 547 
20 3 3 21 3 28 44 9 53 67 6 80 88 8 99 117 2 126 138 5 149 163 5 172 188 9 196 212 3 221 235 11 243 261 3 268 284 1 295 305 9 317 331 5 343 353 11 364 380 5 388 404 5 416 424 16 435 453 4 464 472 
29 7 3 14 6 22 29 4 38 47 5 53 66 6 72 81 3 90 97 3 108 113 4 123 132 8 140 149 4 157 166 6 173 184 1 190 201 2 208 217 7 223 236 6 240 253 4 259 268 4 274 287 5 294 301 6 308 321 5 328 335 5 342 355 5 361 370 1 378 387 9 393 406 1 412 421 2 431 436 3 446 455 3 465 470 8 480 489 
14 9 11 23 10 45 57 2 75 95 3 113 125 21 141 165 7 178 196 21 209 233 2 249 261 3 282 296 8 318 328 3 350 364 19 380 402 4 417 433 12 451 467 
23 10 5 20 2 32 43 12 54 71 1 79 96 3 109 116 1 133 142 2 154 171 17 178 197 4 208 217 4 232 243 4 256 269 6 280 295 11 303 322 8 332 343 2 353 372 7 383 392 2 408 417 11 431 444 4 456 469 7 480 495 17 503 522 5 533 542 4 557 568 
36 3 3 13 3 18 30 3 37 43 2 53 59 5 68 76 5 84 92 2 101 107 7 115 125 3 133 139 2 148 156 4 165 171 4 179 189 3 194 206 1 212 220 5 228 236 11 242 254 4 261 267 1 274 286 2 291 301 4 308 316 4 323 333 6 340 348 1 356 364 4 371 381 7 388 396 3 405 411 1 421 427 3 434 446 3 453 459 4 469 475 1 483 493 3 499 509 4 517 523 5 532 540 5 548 556 1 565 571 
4 57 22 95 35 145 206 10 259 326 12 370 449 
22 2 7 15 6 26 40 4 50 60 1 72 82 3 95 103 8 114 128 4 135 151 9 157 173 7 181 193 6 201 217 5 224 238 3 248 258 7 268 282 3 294 300 7 312 326 15 333 349 5 356 370 15 377 393 3 403 411 2 426 432 9 446 456 5 468 478 
