10 10 2.0
10 1 1 72 1 2 54 2 3 33 2 33 1 4 86 1 5 75 2 6 16 8 16 2 7 96 8 96 3 8 7 10 7 7 7 3 9 99 4 99 10 99 2 10 76 1 76 
10 3 1 16 3 16 10 16 2 4 88 5 88 2 5 48 2 48 2 9 52 6 52 3 10 60 4 60 1 60 1 7 29 2 8 18 9 18 1 6 89 1 3 80 3 2 76 9 76 1 76 
10 2 1 47 9 47 3 8 11 4 11 10 11 1 4 14 3 3 56 4 56 10 56 1 7 16 2 5 83 6 83 1 2 10 1 6 61 3 9 24 3 24 2 24 1 10 58 
10 2 1 49 10 49 3 2 31 10 31 4 31 3 4 17 10 17 2 17 1 9 50 3 6 63 2 63 3 63 2 3 35 5 35 3 5 65 2 65 4 65 3 8 23 5 23 3 23 1 7 50 1 10 29 
10 2 1 55 9 55 2 7 6 3 6 3 2 28 1 28 9 28 3 4 96 3 96 1 96 1 6 86 1 3 99 2 10 14 2 14 2 8 70 5 70 3 9 64 8 64 6 64 2 5 24 2 24 
10 3 5 46 9 46 6 46 3 1 23 5 23 8 23 2 7 70 8 70 1 9 19 1 3 54 2 4 22 5 22 1 10 85 2 8 87 6 87 3 6 79 7 79 10 79 1 2 93 
10 2 5 76 3 76 3 4 60 8 60 6 60 2 1 76 2 76 2 10 98 7 98 1 3 76 2 2 50 9 50 3 9 86 2 86 3 86 1 8 14 1 7 27 1 6 57 
10 3 5 93 3 93 8 93 1 7 27 2 10 57 1 57 1 4 87 2 9 86 7 86 3 3 54 1 54 10 54 2 8 24 2 24 2 6 49 8 49 1 1 20 1 2 47 
10 3 3 28 2 28 5 28 3 7 11 10 11 8 11 3 9 78 2 78 7 78 3 8 85 9 85 10 85 1 5 63 2 10 81 1 81 3 4 10 1 10 9 10 2 2 9 9 9 3 6 46 3 46 2 46 1 1 32 
10 1 3 22 3 10 76 1 76 8 76 3 6 89 1 89 5 89 1 9 13 3 7 88 1 88 10 88 1 4 10 2 8 75 4 75 3 5 98 3 98 6 98 1 2 78 1 1 17 
5 18 42 72 40 147 195 38 253 317 4 357 441 3 478 548 
5 42 26 95 15 151 212 11 277 328 34 399 448 3 504 585 
6 33 28 78 13 142 176 5 229 301 17 355 387 7 446 508 16 545 621 
4 35 32 83 44 144 201 34 252 323 41 379 426 
3 33 58 114 61 206 310 40 400 460 
2 120 40 270 131 382 548 
4 6 34 70 25 132 180 28 243 277 23 336 392 
4 51 25 80 5 133 182 10 248 277 46 343 392 
3 21 28 119 2 201 240 84 325 410 
2 65 109 186 74 396 489 
