15 15 7.5
15 2 10 65 11 65 6 2 28 4 28 5 28 8 28 11 28 15 28 5 5 74 6 74 10 74 12 74 14 74 7 3 33 4 33 5 33 7 33 13 33 14 33 15 33 7 3 51 4 51 5 51 6 51 9 51 11 51 15 51 8 2 75 3 75 4 75 6 75 7 75 9 75 10 75 15 75 7 1 73 4 73 6 73 7 73 11 73 14 73 15 73 7 2 32 7 32 9 32 10 32 11 32 13 32 14 32 9 1 13 2 13 3 13 4 13 6 13 7 13 8 13 10 13 12 13 4 1 81 4 81 11 81 13 81 8 1 35 2 35 3 35 5 35 8 35 9 35 13 35 14 35 8 2 59 5 59 8 59 9 59 10 59 12 59 13 59 14 59 4 1 38 2 38 4 38 14 38 4 1 55 5 55 12 55 14 55 8 1 27 2 27 3 27 6 27 7 27 9 27 10 27 14 27 
15 4 1 64 4 64 6 64 8 64 6 2 53 5 53 7 53 12 53 13 53 15 53 7 3 83 4 83 9 83 10 83 12 83 13 83 14 83 6 3 33 8 33 9 33 12 33 13 33 15 33 4 5 6 6 6 12 6 14 6 8 1 52 2 52 5 52 6 52 10 52 12 52 14 52 15 52 7 2 72 7 72 9 72 10 72 11 72 12 72 15 72 7 1 7 2 7 5 7 7 7 9 7 12 7 14 7 5 1 90 8 90 9 90 13 90 14 90 6 5 21 8 21 10 21 11 21 13 21 14 21 6 1 23 2 23 5 23 7 23 9 23 14 23 7 1 10 2 10 4 10 9 10 12 10 13 10 15 10 4 1 39 11 39 14 39 15 39 9 2 49 4 49 6 49 7 49 8 49 9 49 10 49 11 49 12 49 4 8 72 9 72 14 72 15 72 
15 6 2 73 6 73 7 73 10 73 11 73 15 73 5 4 82 5 82 7 82 8 82 9 82 8 2 23 3 23 4 23 5 23 8 23 10 23 13 23 15 23 9 2 62 4 62 5 62 6 62 7 62 9 62 11 62 12 62 13 62 7 1 88 2 88 3 88 6 88 7 88 13 88 15 88 7 3 21 5 21 6 21 8 21 9 21 10 21 15 21 6 2 65 4 65 6 65 9 65 10 65 14 65 10 1 70 3 70 4 70 5 70 6 70 7 70 8 70 12 70 14 70 15 70 7 5 53 6 53 8 53 9 53 11 53 14 53 15 53 10 1 81 2 81 3 81 4 81 6 81 10 81 11 81 12 81 13 81 14 81 7 2 93 3 93 4 93 7 93 12 93 14 93 15 93 5 6 77 7 77 12 77 13 77 14 77 7 1 61 2 61 8 61 9 61 10 61 14 61 15 61 9 2 28 5 28 8 28 9 28 10 28 11 28 12 28 13 28 14 28 5 2 78 3 78 5 78 7 78 13 78 
15 7 1 12 2 12 3 12 4 12 6 12 10 12 15 12 6 3 51 5 51 6 51 7 51 14 51 15 51 3 8 33 9 33 13 33 5 1 15 2 15 3 15 5 15 14 15 6 3 72 5 72 6 72 8 72 14 72 15 72 4 5 98 8 98 10 98 11 98 4 3 94 10 94 11 94 14 94 6 3 12 6 12 7 12 10 12 12 12 15 12 10 1 42 2 42 3 42 5 42 6 42 7 42 8 42 10 42 11 42 12 42 7 3 24 5 24 7 24 9 24 10 24 11 24 12 24 9 2 15 4 15 6 15 7 15 8 15 10 15 11 15 13 15 14 15 7 1 28 2 28 3 28 8 28 9 28 11 28 15 28 9 3 6 4 6 5 6 6 6 7 6 8 6 9 6 11 6 15 6 7 3 99 4 99 6 99 8 99 9 99 10 99 13 99 6 1 41 5 41 8 41 9 41 11 41 15 41 
15 8 3 97 4 97 5 97 7 97 8 97 9 97 12 97 13 97 11 1 7 3 7 5 7 6 7 8 7 9 7 10 7 11 7 12 7 14 7 15 7 8 1 96 4 96 5 96 6 96 7 96 9 96 10 96 11 96 8 1 15 2 15 3 15 5 15 11 15 12 15 13 15 15 15 10 1 73 3 73 4 73 5 73 6 73 7 73 8 73 9 73 14 73 15 73 7 1 43 7 43 8 43 10 43 11 43 12 43 14 43 6 1 32 4 32 8 32 9 32 11 32 13 32 8 5 22 6 22 7 22 9 22 10 22 13 22 14 22 15 22 7 1 42 2 42 5 42 12 42 13 42 14 42 15 42 7 1 94 2 94 3 94 7 94 11 94 13 94 14 94 5 3 23 8 23 10 23 12 23 14 23 6 5 86 8 86 10 86 11 86 13 86 15 86 9 2 78 3 78 4 78 7 78 9 78 11 78 13 78 14 78 15 78 7 4 24 6 24 7 24 8 24 10 24 11 24 13 24 7 2 31 4 31 5 31 11 31 12 31 14 31 15 31 
15 8 1 72 2 72 3 72 5 72 6 72 7 72 14 72 15 72 3 1 88 6 88 15 88 5 3 93 6 93 8 93 9 93 15 93 5 3 13 4 13 7 13 12 13 14 13 7 2 44 5 44 7 44 11 44 13 44 14 44 15 44 3 8 66 9 66 15 66 4 4 63 7 63 11 63 13 63 8 1 14 2 14 4 14 5 14 8 14 10 14 12 14 13 14 8 2 67 4 67 6 67 7 67 9 67 10 67 13 67 15 67 10 2 17 4 17 5 17 7 17 8 17 9 17 11 17 13 17 14 17 15 17 6 1 85 3 85 5 85 8 85 10 85 12 85 2 1 35 15 35 6 3 68 4 68 7 68 9 68 12 68 13 68 7 2 5 4 5 6 5 10 5 11 5 12 5 13 5 5 1 49 9 49 10 49 13 49 15 49 
15 8 1 15 2 15 3 15 5 15 10 15 11 15 12 15 14 15 4 3 82 8 82 10 82 11 82 8 3 21 4 21 6 21 7 21 9 21 11 21 12 21 14 21 8 2 53 4 53 5 53 6 53 7 53 9 53 10 53 15 53 8 3 72 4 72 5 72 7 72 8 72 13 72 14 72 15 72 6 3 49 5 49 8 49 10 49 13 49 14 49 4 3 99 7 99 8 99 14 99 6 5 26 7 26 9 26 11 26 13 26 14 26 10 2 56 3 56 4 56 5 56 9 56 10 56 11 56 13 56 14 56 15 56 9 1 45 2 45 3 45 4 45 6 45 8 45 9 45 10 45 12 45 5 2 68 4 68 9 68 10 68 13 68 10 2 51 3 51 5 51 6 51 7 51 8 51 9 51 11 51 13 51 14 51 6 1 8 2 8 4 8 7 8 12 8 13 8 3 1 27 3 27 6 27 6 3 96 5 96 7 96 12 96 13 96 15 96 
15 7 1 54 2 54 4 54 9 54 13 54 14 54 15 54 6 2 24 6 24 8 24 9 24 11 24 14 24 6 1 14 5 14 7 14 8 14 12 14 14 14 3 3 38 8 38 9 38 9 1 36 3 36 4 36 6 36 7 36 8 36 12 36 13 36 14 36 10 1 52 3 52 4 52 5 52 7 52 8 52 9 52 10 52 12 52 13 52 6 4 55 8 55 9 55 10 55 14 55 15 55 9 1 37 2 37 3 37 4 37 6 37 10 37 11 37 13 37 15 37 6 1 48 3 48 8 48 12 48 14 48 15 48 4 1 93 10 93 14 93 15 93 8 1 60 2 60 5 60 7 60 10 60 13 60 14 60 15 60 6 1 70 2 70 5 70 10 70 11 70 15 70 8 1 23 2 23 3 23 7 23 10 23 12 23 13 23 15 23 6 2 23 4 23 5 23 7 23 11 23 15 23 6 4 83 8 83 9 83 10 83 12 83 14 83 
15 7 1 12 3 12 4 12 8 12 9 12 10 12 11 12 6 5 69 9 69 11 69 12 69 14 69 15 69 8 2 26 4 26 5 26 7 26 9 26 10 26 14 26 15 26 6 1 23 3 23 5 23 6 23 9 23 10 23 8 1 28 4 28 5 28 7 28 9 28 11 28 13 28 15 28 6 2 82 3 82 4 82 6 82 9 82 12 82 5 2 33 4 33 5 33 6 33 10 33 5 5 45 7 45 8 45 11 45 12 45 4 6 64 9 64 14 64 15 64 7 1 15 4 15 5 15 7 15 8 15 11 15 14 15 3 9 9 11 9 12 9 3 3 73 8 73 13 73 6 4 59 5 59 8 59 9 59 11 59 13 59 9 1 37 3 37 6 37 8 37 9 37 10 37 12 37 14 37 15 37 6 1 62 4 62 6 62 7 62 10 62 15 62 
15 8 1 87 2 87 3 87 7 87 8 87 11 87 14 87 15 87 8 3 12 5 12 6 12 7 12 8 12 11 12 13 12 14 12 4 2 80 8 80 12 80 15 80 7 3 50 5 50 6 50 7 50 9 50 11 50 15 50 6 3 48 7 48 11 48 13 48 14 48 15 48 5 2 90 6 90 7 90 12 90 13 90 8 1 72 2 72 5 72 6 72 7 72 8 72 11 72 12 72 5 2 24 8 24 10 24 13 24 14 24 7 1 14 4 14 7 14 9 14 10 14 14 14 15 14 4 1 71 2 71 9 71 14 71 6 1 44 7 44 12 44 13 44 14 44 15 44 6 4 46 6 46 8 46 9 46 10 46 11 46 5 1 15 3 15 6 15 9 15 10 15 7 1 61 2 61 7 61 8 61 9 61 10 61 15 61 9 1 92 2 92 3 92 4 92 5 92 6 92 9 92 11 92 14 92 
15 5 1 54 3 54 5 54 6 54 10 54 6 1 22 5 22 8 22 10 22 11 22 12 22 9 1 61 2 61 4 61 6 61 7 61 11 61 13 61 14 61 15 61 5 1 46 3 46 5 46 8 46 13 46 6 4 73 5 73 8 73 12 73 13 73 15 73 5 3 16 4 16 6 16 9 16 15 16 6 3 6 4 6 5 6 7 6 13 6 14 6 7 2 94 4 94 5 94 8 94 10 94 12 94 15 94 3 5 93 13 93 15 93 5 1 67 3 67 10 67 14 67 15 67 6 3 54 4 54 7 54 9 54 12 54 15 54 6 3 75 6 75 8 75 10 75 12 75 13 75 7 1 32 2 32 3 32 6 32 7 32 12 32 15 32 7 1 40 2 40 4 40 6 40 10 40 11 40 14 40 8 1 97 2 97 3 97 5 97 8 97 9 97 14 97 15 97 
15 3 9 92 11 92 12 92 9 3 36 4 36 6 36 8 36 9 36 11 36 12 36 13 36 15 36 7 3 22 5 22 6 22 7 22 8 22 13 22 15 22 10 2 9 3 9 7 9 8 9 9 9 10 9 12 9 13 9 14 9 15 9 8 1 47 2 47 3 47 4 47 8 47 9 47 12 47 13 47 4 2 77 3 77 4 77 13 77 8 1 79 2 79 7 79 8 79 9 79 10 79 13 79 14 79 6 1 36 5 36 12 36 13 36 14 36 15 36 9 1 30 2 30 4 30 6 30 7 30 10 30 11 30 12 30 13 30 7 1 98 2 98 4 98 7 98 9 98 11 98 13 98 8 4 79 6 79 7 79 8 79 9 79 11 79 12 79 13 79 5 8 7 9 7 10 7 11 7 12 7 6 1 55 2 55 4 55 5 55 6 55 15 55 7 3 6 4 6 5 6 10 6 11 6 14 6 15 6 4 1 30 3 30 4 30 8 30 
15 7 1 49 5 49 6 49 8 49 12 49 14 49 15 49 5 1 83 5 83 8 83 9 83 14 83 5 1 73 2 73 4 73 12 73 14 73 8 1 82 2 82 4 82 6 82 7 82 8 82 11 82 12 82 6 1 82 2 82 3 82 5 82 12 82 13 82 6 5 92 9 92 10 92 11 92 14 92 15 92 5 6 73 8 73 12 73 13 73 14 73 8 2 31 5 31 6 31 7 31 11 31 12 31 14 31 15 31 5 2 35 4 35 10 35 11 35 15 35 4 4 54 5 54 10 54 15 54 8 3 7 5 7 6 7 7 7 8 7 9 7 11 7 15 7 8 2 37 3 37 7 37 8 37 9 37 12 37 14 37 15 37 9 1 72 2 72 5 72 6 72 7 72 8 72 9 72 10 72 11 72 6 3 52 5 52 7 52 9 52 12 52 13 52 7 1 76 3 76 4 76 6 76 11 76 13 76 14 76 
15 4 10 98 11 98 12 98 13 98 6 1 34 4 34 5 34 9 34 13 34 14 34 5 6 52 9 52 10 52 14 52 15 52 8 1 26 3 26 4 26 5 26 8 26 11 26 12 26 14 26 7 2 28 4 28 6 28 7 28 8 28 13 28 14 28 6 3 39 4 39 6 39 9 39 11 39 15 39 7 3 80 7 80 8 80 9 80 10 80 14 80 15 80 5 3 29 4 29 6 29 7 29 8 29 7 3 70 6 70 10 70 11 70 12 70 14 70 15 70 5 1 43 4 43 7 43 8 43 12 43 6 1 48 6 48 7 48 9 48 11 48 14 48 10 1 58 3 58 4 58 6 58 7 58 8 58 10 58 13 58 14 58 15 58 8 1 45 3 45 5 45 6 45 10 45 11 45 12 45 15 45 5 2 94 4 94 13 94 14 94 15 94 7 2 96 3 96 7 96 9 96 11 96 12 96 15 96 
15 8 2 70 6 70 7 70 9 70 11 70 13 70 14 70 15 70 4 1 17 9 17 11 17 13 17 9 1 90 5 90 7 90 8 90 9 90 10 90 11 90 12 90 13 90 7 1 67 2 67 8 67 10 67 11 67 13 67 14 67 6 4 14 5 14 9 14 10 14 12 14 15 14 6 3 23 4 23 8 23 9 23 11 23 12 23 5 4 21 5 21 13 21 14 21 15 21 7 1 18 3 18 5 18 8 18 12 18 13 18 15 18 9 1 43 5 43 7 43 8 43 11 43 12 43 13 43 14 43 15 43 6 4 84 6 84 8 84 9 84 11 84 12 84 6 1 26 6 26 9 26 10 26 12 26 13 26 4 3 36 9 36 10 36 12 36 9 1 93 3 93 4 93 6 93 8 93 10 93 11 93 12 93 15 93 6 3 84 6 84 9 84 12 84 13 84 15 84 7 1 42 3 42 4 42 9 42 10 42 11 42 14 42 
24 6 7 26 9 39 60 18 70 95 5 104 127 10 140 157 9 173 190 12 208 221 8 238 257 18 269 292 2 306 321 18 335 358 11 370 389 18 401 424 8 439 452 9 468 489 9 503 520 6 534 555 13 566 589 4 603 618 10 637 650 12 670 683 11 698 721 1 737 748 24 763 788 
21 11 9 24 4 37 62 6 78 87 3 109 122 5 142 155 17 172 191 9 203 226 15 238 257 5 275 286 10 301 326 17 337 356 1 374 385 11 401 424 13 433 458 21 466 491 16 501 522 2 538 551 20 567 588 23 598 623 7 636 651 6 669 684 
14 13 14 43 5 74 97 26 122 163 15 191 208 1 237 276 4 305 322 6 362 379 6 418 437 1 475 494 16 529 554 4 588 609 3 639 672 16 692 733 6 751 788 
19 21 8 31 21 45 72 4 87 108 2 130 143 16 163 188 1 201 228 11 247 260 7 277 308 3 321 342 14 358 383 3 404 415 11 438 459 11 474 501 1 520 533 7 557 574 13 597 612 1 636 651 14 675 690 22 708 735 
20 9 9 27 8 48 60 16 78 102 9 116 136 15 148 176 8 193 203 19 222 246 7 259 281 7 297 315 9 336 348 4 372 384 2 407 421 6 436 464 4 479 493 3 517 527 3 551 565 2 587 601 14 620 640 18 656 676 2 696 708 
19 18 8 29 14 47 64 10 86 99 1 118 141 17 155 178 6 194 213 12 231 250 9 271 284 4 307 322 13 342 361 13 377 400 8 415 436 7 455 470 4 494 505 24 523 550 18 564 583 10 603 618 9 635 660 1 677 692 
4 27 29 141 10 230 280 69 384 466 97 541 649 
17 12 14 35 26 55 92 22 110 135 1 164 179 14 203 238 9 259 280 6 308 329 10 358 377 4 401 432 8 458 473 13 505 524 4 551 576 22 600 625 26 643 680 13 701 720 23 747 772 12 794 823 
8 56 13 92 26 135 180 9 233 292 20 348 387 12 438 507 29 559 596 51 646 719 36 751 824 
7 17 33 74 18 120 201 13 253 282 45 335 414 42 452 511 23 561 616 28 679 712 
11 6 15 54 9 93 114 13 160 185 30 224 259 7 301 320 13 365 394 15 433 464 12 492 543 15 571 602 32 636 675 20 708 741 
15 8 15 33 31 54 90 15 110 130 7 155 181 14 203 229 8 248 280 24 298 326 28 342 378 31 390 426 10 439 473 7 492 516 5 541 563 5 584 616 10 641 655 11 686 706 
14 19 15 42 15 73 98 26 122 163 3 191 208 4 247 266 16 305 322 22 352 389 11 418 437 31 467 502 10 525 558 22 582 615 9 647 664 14 698 727 30 748 791 
12 14 16 54 8 91 119 33 151 199 10 233 257 15 295 335 37 360 410 12 438 472 38 503 547 20 584 606 47 638 692 1 716 754 36 784 826 
6 73 29 123 29 187 269 32 335 425 47 489 575 34 649 719 44 792 880 
