8 9 1.15
9 1 1 887 1 2 447 1 3 234 1 4 159 2 5 201 4 201 1 6 555 1 7 463 1 8 456 1 9 753 
9 1 1 799 1 2 779 1 3 567 2 4 267 9 267 1 5 478 1 6 444 1 7 123 2 8 789 9 789 1 9 21 
9 1 1 999 1 2 999 1 3 852 2 4 483 1 483 1 5 520 1 6 120 1 7 456 1 8 630 1 9 427 
9 1 1 666 2 2 666 7 666 1 3 140 1 4 753 2 5 145 6 145 1 6 142 1 7 789 1 8 258 1 9 520 
9 1 1 663 1 2 25 1 3 222 1 4 420 1 5 699 1 6 578 2 7 876 8 876 1 8 741 1 9 142 
9 2 1 333 9 333 1 2 558 1 3 558 2 4 159 7 159 2 5 875 2 875 2 6 965 7 965 1 7 543 1 8 36 1 9 534 
9 1 1 222 1 2 886 1 3 965 1 4 25 1 5 633 1 6 412 1 7 210 1 8 985 1 9 157 
9 1 1 114 1 2 541 1 3 412 1 4 863 1 5 222 1 6 25 1 7 123 2 8 214 9 214 1 9 896 
3 590 381 1205 183 2017 2741 739 3500 4430 
2 152 315 2188 240 2834 4675 
2 162 259 1716 287 2382 3543 
3 246 189 736 171 1263 1512 257 2172 2453 
2 194 547 1035 142 2108 2638 
2 261 345 1071 83 1941 2307 
2 38 621 1399 717 2358 3702 
2 273 645 1378 1286 2313 3756 
2 66 738 1388 339 2843 3535 
