12 5 1.0
5 1 1 456 1 2 537 1 3 123 1 4 214 1 5 234 
5 1 1 789 1 2 854 1 3 225 1 4 528 1 5 123 
5 1 1 876 1 2 632 1 3 588 1 4 896 1 5 456 
5 1 1 543 1 2 145 1 3 669 1 4 325 1 5 789 
5 1 1 210 1 2 785 1 3 966 1 4 147 1 5 876 
5 1 1 123 1 2 214 1 3 332 1 4 856 1 5 543 
5 1 1 456 1 2 752 1 3 144 1 4 321 1 5 210 
5 1 1 789 1 2 143 1 3 755 1 4 427 1 5 123 
5 1 1 876 1 2 698 1 3 322 1 4 546 1 5 456 
5 1 1 543 1 2 532 1 3 100 1 4 321 1 5 789 
5 1 1 210 1 2 145 1 3 114 1 4 401 1 5 876 
5 1 1 124 1 2 247 1 3 753 1 4 214 1 5 543 
3 557 319 1680 793 2480 3517 859 4323 5672 
3 678 348 1547 579 2275 3410 663 4070 5405 
3 270 580 1117 295 2159 2932 908 3733 4752 
3 289 303 1429 289 1969 3227 50 3869 4791 
2 1354 413 2596 569 3613 5414 
