10 10 1.15
10 1 5 18 1 8 21 1 10 41 1 3 45 2 4 38 8 38 1 9 50 1 6 84 1 7 29 1 2 23 1 1 82 
10 1 9 57 1 6 16 2 2 52 6 52 1 8 74 1 3 38 1 4 54 2 7 62 6 62 1 10 37 1 5 54 1 1 52 
10 1 3 30 2 5 79 10 79 1 4 68 1 2 61 1 9 11 1 7 89 1 8 89 1 1 81 2 10 81 4 81 1 6 57 
10 1 1 91 2 9 8 3 8 1 4 33 1 8 55 1 6 20 1 3 20 1 5 32 1 7 84 1 2 66 1 10 24 
10 1 10 40 1 1 7 2 5 19 1 19 1 9 7 1 7 83 2 3 64 8 64 1 6 56 1 4 54 2 8 8 9 8 1 2 39 
10 2 4 91 8 91 1 3 64 1 6 40 1 1 63 1 8 98 1 5 74 1 9 61 1 2 6 1 7 42 1 10 15 
10 1 2 80 1 8 39 1 9 24 1 4 75 1 5 75 1 6 6 1 7 44 1 1 26 1 3 87 1 10 22 
10 1 2 15 2 8 43 3 43 1 3 20 1 1 12 1 9 26 1 7 61 1 4 79 1 10 22 1 6 8 1 5 80 
10 1 3 62 2 4 96 5 96 1 5 22 1 10 5 1 1 63 1 7 33 1 8 10 1 9 18 1 2 36 1 6 40 
10 1 2 96 1 1 89 2 6 64 5 64 1 4 95 1 10 23 1 8 18 1 9 15 1 3 64 1 7 38 1 5 8 
2 69 105 183 61 394 470 
3 22 36 114 17 188 262 75 334 416 
2 52 68 176 3 294 438 
3 86 43 161 81 243 369 49 448 572 
2 125 37 209 29 338 400 
2 75 36 172 74 270 354 
3 11 57 121 92 218 316 36 403 487 
4 29 25 107 30 164 232 42 305 355 79 416 508 
3 37 21 72 3 126 153 28 197 268 
2 15 48 107 41 207 258 
