15 15 1.15
15 1 2 26 1 13 67 1 1 72 1 7 74 2 15 13 13 13 1 9 43 1 5 30 1 4 19 1 11 23 1 12 85 1 6 98 1 14 43 2 3 38 6 38 1 8 8 1 10 75 
15 1 15 42 2 1 39 6 39 1 5 55 1 13 46 1 2 19 1 9 93 2 10 80 13 80 1 6 26 1 11 7 1 7 50 1 12 57 1 4 73 2 3 9 5 9 1 8 61 1 14 72 
15 2 4 96 7 96 1 5 99 1 13 34 1 7 60 1 8 43 1 15 7 1 14 12 1 9 11 1 12 70 1 11 43 1 1 91 2 2 68 8 68 1 10 11 1 6 68 2 3 72 5 72 
15 1 15 63 1 12 45 1 5 49 2 2 74 9 74 1 9 27 2 1 30 13 30 1 10 72 1 8 9 1 13 99 1 14 60 1 6 69 1 7 69 1 3 84 1 4 40 1 11 59 
15 1 3 91 1 1 75 1 10 98 1 4 17 1 11 72 1 14 31 1 12 9 1 15 98 1 8 50 1 6 37 1 5 8 2 9 65 3 65 1 2 90 1 13 91 1 7 71 
15 1 12 35 1 7 80 1 5 39 1 4 62 1 15 74 1 6 72 2 11 35 10 35 1 10 25 1 2 49 1 9 52 1 8 63 1 3 90 1 14 21 1 13 47 1 1 38 
15 1 15 19 1 8 57 2 11 24 10 24 1 14 91 1 4 50 1 1 5 1 12 49 1 13 18 1 10 58 1 6 24 1 9 52 1 2 88 1 3 68 1 7 20 2 5 53 8 53 
15 1 8 77 1 15 72 1 6 35 1 12 90 1 5 68 2 7 18 9 18 1 4 9 1 1 33 1 9 60 1 11 18 1 13 10 1 14 60 1 2 38 1 3 99 1 10 15 
15 1 14 6 1 9 86 3 3 40 9 40 4 40 1 10 79 2 13 92 7 92 1 12 23 1 6 89 2 11 95 15 95 1 7 91 1 8 72 2 1 80 7 80 1 2 60 1 4 56 1 5 51 1 15 23 
15 1 2 46 1 7 28 2 6 34 1 34 1 12 77 1 5 47 1 1 10 2 15 49 13 49 1 9 77 1 11 48 1 8 24 1 13 8 1 3 72 1 14 55 1 10 29 2 4 40 9 40 
15 1 11 22 1 5 89 1 13 79 1 1 7 1 10 15 1 2 6 1 12 30 1 7 38 1 6 11 1 9 52 2 4 20 14 20 1 8 5 1 15 9 1 3 20 1 14 28 
15 1 6 73 1 15 56 1 3 37 1 4 22 1 14 25 1 7 58 1 2 8 1 8 93 1 5 88 1 9 17 1 13 9 1 12 69 3 11 71 3 71 5 71 1 10 85 1 1 55 
15 1 10 85 2 15 58 11 58 1 4 46 1 9 64 1 3 49 1 7 37 1 2 33 1 5 30 1 6 26 1 1 20 1 14 74 1 11 77 1 13 99 1 12 56 1 8 21 
15 1 11 17 1 4 24 1 5 89 1 6 15 1 12 60 1 2 42 1 9 98 1 3 64 1 14 92 1 1 63 1 8 52 1 13 54 1 7 75 1 15 23 1 10 38 
15 1 4 8 2 6 17 13 17 1 12 56 1 8 93 2 15 26 3 26 2 10 62 13 62 1 7 7 2 11 88 9 88 2 1 97 7 97 1 2 7 1 3 43 1 9 29 1 14 35 1 13 87 1 5 57 
3 28 34 169 78 260 349 88 445 570 
4 36 45 101 15 193 245 27 329 401 85 466 556 
5 18 55 117 36 228 288 72 384 476 2 579 625 95 711 837 
3 28 45 128 47 235 284 116 369 496 
2 140 140 305 81 607 728 
5 77 24 118 65 164 262 15 336 374 8 474 520 59 607 671 
4 14 73 165 7 300 414 30 526 664 41 769 897 
3 83 89 174 121 300 489 49 613 702 
2 19 89 370 119 569 808 
4 29 49 148 38 241 350 78 431 554 107 632 747 
4 77 21 119 31 175 245 21 329 371 10 446 534 
2 153 125 281 65 474 744 
3 62 89 218 77 350 571 81 665 870 
2 106 120 238 56 443 631 
3 57 29 174 83 257 352 105 433 582 
