10 10 5.0
10 4 3 18 5 18 6 18 7 18 6 1 21 5 21 6 21 8 21 9 21 10 21 7 3 41 4 41 5 41 6 41 7 41 8 41 10 41 9 2 45 3 45 4 45 5 45 6 45 7 45 8 45 9 45 10 45 5 1 38 2 38 4 38 5 38 6 38 6 2 50 5 50 6 50 7 50 9 50 10 50 4 3 84 4 84 6 84 8 84 7 1 29 3 29 5 29 6 29 7 29 9 29 10 29 5 1 23 2 23 3 23 9 23 10 23 4 1 82 2 82 3 82 5 82 
10 5 2 57 5 57 7 57 8 57 9 57 4 6 16 7 16 8 16 10 16 4 2 52 4 52 5 52 8 52 8 1 74 2 74 4 74 5 74 6 74 7 74 8 74 9 74 3 3 38 5 38 6 38 4 3 54 4 54 7 54 9 54 5 1 62 2 62 4 62 7 62 9 62 7 1 37 2 37 3 37 4 37 7 37 9 37 10 37 3 2 54 5 54 6 54 6 1 52 2 52 3 52 4 52 7 52 10 52 
10 5 1 30 2 30 3 30 7 30 10 30 5 1 79 2 79 5 79 7 79 8 79 4 1 68 4 68 5 68 8 68 2 2 61 3 61 4 1 11 3 11 9 11 10 11 6 2 89 3 89 4 89 6 89 7 89 8 89 4 2 89 4 89 5 89 8 89 3 1 81 6 81 10 81 3 5 81 8 81 10 81 6 1 57 3 57 4 57 6 57 9 57 10 57 
10 5 1 91 2 91 3 91 7 91 9 91 5 4 8 5 8 6 8 7 8 9 8 5 3 33 4 33 5 33 7 33 8 33 2 8 55 9 55 4 5 20 6 20 8 20 10 20 5 1 20 2 20 3 20 5 20 10 20 4 1 32 3 32 5 32 8 32 5 1 84 4 84 7 84 9 84 10 84 5 2 66 4 66 5 66 8 66 10 66 5 1 24 4 24 6 24 7 24 10 24 
10 4 4 40 5 40 7 40 10 40 2 1 7 3 7 2 5 19 7 19 5 1 7 2 7 6 7 9 7 10 7 4 1 83 3 83 6 83 7 83 4 3 64 5 64 6 64 7 64 6 2 56 3 56 5 56 6 56 7 56 9 56 4 1 54 4 54 5 54 10 54 5 1 8 4 8 5 8 6 8 8 8 7 1 39 2 39 4 39 5 39 7 39 8 39 9 39 
10 4 1 91 3 91 4 91 6 91 7 2 64 3 64 4 64 6 64 7 64 8 64 10 64 4 5 40 6 40 7 40 9 40 3 1 63 4 63 9 63 3 3 98 7 98 8 98 5 4 74 5 74 6 74 7 74 8 74 3 1 61 2 61 9 61 6 1 6 2 6 3 6 4 6 6 6 8 6 6 3 42 6 42 7 42 8 42 9 42 10 42 5 3 15 4 15 7 15 8 15 10 15 
10 8 1 80 2 80 3 80 4 80 5 80 6 80 8 80 9 80 5 3 39 6 39 7 39 8 39 9 39 7 1 24 3 24 5 24 6 24 7 24 8 24 9 24 5 4 75 5 75 6 75 8 75 9 75 5 1 75 2 75 5 75 8 75 10 75 4 1 6 2 6 6 6 8 6 6 1 44 4 44 5 44 6 44 7 44 8 44 3 1 26 2 26 6 26 4 3 87 5 87 6 87 7 87 4 3 22 4 22 8 22 10 22 
10 3 2 15 9 15 10 15 4 1 43 3 43 7 43 8 43 3 2 20 3 20 10 20 6 1 12 3 12 4 12 5 12 6 12 8 12 3 6 26 8 26 9 26 4 2 61 3 61 7 61 8 61 5 3 79 4 79 7 79 9 79 10 79 5 3 22 6 22 8 22 9 22 10 22 4 2 8 3 8 6 8 10 8 2 5 80 8 80 
10 6 1 62 2 62 3 62 6 62 8 62 10 62 7 2 96 3 96 4 96 5 96 6 96 7 96 9 96 3 5 22 6 22 10 22 4 4 5 6 5 8 5 10 5 5 1 63 3 63 5 63 7 63 10 63 5 1 33 3 33 5 33 7 33 8 33 8 1 10 2 10 4 10 5 10 6 10 7 10 8 10 10 10 4 4 18 6 18 9 18 10 18 8 1 36 2 36 4 36 5 36 6 36 7 36 8 36 9 36 6 1 40 3 40 6 40 8 40 9 40 10 40 
10 6 2 96 4 96 5 96 8 96 9 96 10 96 4 1 89 3 89 8 89 10 89 7 1 64 2 64 3 64 4 64 5 64 6 64 9 64 6 1 95 2 95 4 95 5 95 6 95 10 95 5 1 23 5 23 7 23 9 23 10 23 5 2 18 3 18 8 18 9 18 10 18 4 2 15 7 15 8 15 9 15 6 2 64 3 64 5 64 7 64 9 64 10 64 3 6 38 7 38 9 38 5 1 8 2 8 3 8 5 8 9 8 
6 38 16 63 11 99 138 13 178 217 22 263 290 10 338 373 9 423 446 
9 16 13 38 8 64 89 10 119 136 4 170 187 23 213 246 9 272 289 1 324 339 12 371 394 14 422 445 
12 13 13 32 18 51 84 16 96 129 10 143 172 1 191 214 3 239 256 13 278 307 4 323 352 11 370 395 16 418 437 9 456 489 12 509 526 
6 30 13 60 12 86 133 2 172 193 34 230 281 30 311 346 15 380 423 
13 7 12 31 11 57 72 8 98 117 14 137 164 18 178 209 19 220 253 11 273 286 4 315 330 12 352 379 13 399 418 8 438 465 12 478 511 15 526 549 
13 1 5 31 15 42 66 3 83 97 8 115 137 2 157 167 6 190 206 9 228 240 11 257 283 18 293 319 2 336 348 1 372 384 11 407 421 11 442 458 
5 20 34 62 21 128 160 44 206 274 25 312 360 1 409 455 
11 27 8 40 15 62 82 4 113 127 14 151 185 12 204 228 13 247 281 14 294 330 15 346 374 7 401 415 21 443 469 13 491 517 
5 28 10 68 7 100 134 2 169 221 24 251 295 5 340 362 
11 5 10 25 5 47 58 11 80 95 7 116 129 7 152 163 9 187 198 6 223 232 15 249 276 3 288 307 18 323 342 10 361 374 
