20 15 7.5
15 10 1 24 2 24 3 24 4 24 5 24 9 24 12 24 13 24 14 24 15 24 8 1 12 4 12 5 12 6 12 9 12 10 12 14 12 15 12 5 1 17 2 17 10 17 12 17 13 17 6 1 27 2 27 5 27 7 27 10 27 13 27 6 1 21 3 21 4 21 6 21 7 21 14 21 6 4 25 6 25 7 25 9 25 11 25 14 25 8 2 27 4 27 5 27 7 27 9 27 10 27 11 27 14 27 5 3 26 8 26 11 26 14 26 15 26 6 2 30 3 30 5 30 9 30 11 30 13 30 6 3 31 4 31 5 31 6 31 9 31 13 31 6 5 18 6 18 8 18 10 18 12 18 15 18 5 6 16 7 16 11 16 13 16 15 16 10 2 39 5 39 7 39 8 39 9 39 10 39 12 39 13 39 14 39 15 39 4 8 19 9 19 11 19 12 19 7 1 26 3 26 6 26 7 26 12 26 13 26 14 26 
15 3 5 30 7 30 8 30 7 2 15 3 15 4 15 5 15 8 15 10 15 15 15 5 1 20 2 20 5 20 6 20 13 20 6 4 19 6 19 7 19 10 19 11 19 12 19 5 2 24 3 24 6 24 11 24 13 24 5 6 15 8 15 10 15 11 15 14 15 6 2 28 6 28 9 28 11 28 13 28 15 28 6 1 36 3 36 11 36 12 36 14 36 15 36 7 1 26 5 26 6 26 8 26 12 26 13 26 15 26 5 2 15 7 15 8 15 9 15 10 15 4 1 11 4 11 5 11 11 11 4 2 23 7 23 8 23 9 23 7 1 20 5 20 8 20 9 20 12 20 13 20 15 20 7 3 26 5 26 10 26 11 26 12 26 13 26 15 26 6 2 28 3 28 5 28 7 28 9 28 10 28 
15 7 5 35 6 35 7 35 11 35 12 35 13 35 15 35 10 1 22 3 22 4 22 7 22 8 22 9 22 10 22 11 22 12 22 14 22 3 7 23 14 23 15 23 4 1 32 8 32 12 32 15 32 4 3 20 10 20 12 20 15 20 7 1 12 4 12 5 12 7 12 8 12 9 12 10 12 6 5 19 11 19 12 19 13 19 14 19 15 19 10 1 23 2 23 5 23 6 23 7 23 10 23 11 23 13 23 14 23 15 23 10 1 17 2 17 3 17 5 17 6 17 7 17 9 17 10 17 13 17 14 17 7 1 14 2 14 3 14 4 14 6 14 7 14 8 14 5 3 16 6 16 7 16 11 16 13 16 8 3 29 4 29 6 29 7 29 8 29 11 29 12 29 15 29 5 5 16 6 16 9 16 11 16 14 16 4 1 22 2 22 5 22 12 22 5 2 22 3 22 13 22 14 22 15 22 
15 6 4 20 5 20 6 20 8 20 9 20 10 20 5 4 29 7 29 9 29 12 29 14 29 6 2 19 3 19 7 19 10 19 13 19 14 19 6 2 14 3 14 4 14 5 14 7 14 8 14 6 2 33 5 33 7 33 12 33 13 33 14 33 7 1 30 5 30 7 30 9 30 11 30 14 30 15 30 9 1 32 4 32 5 32 6 32 7 32 12 32 13 32 14 32 15 32 8 3 21 5 21 6 21 9 21 11 21 12 21 14 21 15 21 6 1 29 5 29 6 29 11 29 12 29 13 29 6 3 24 5 24 7 24 9 24 11 24 14 24 10 1 25 2 25 4 25 5 25 7 25 9 25 11 25 13 25 14 25 15 25 4 1 29 3 29 8 29 12 29 10 2 13 3 13 4 13 5 13 8 13 9 13 10 13 11 13 14 13 15 13 4 4 20 9 20 10 20 14 20 7 1 18 2 18 7 18 9 18 12 18 13 18 14 18 
15 3 7 23 10 23 12 23 5 3 20 5 20 6 20 13 20 14 20 6 1 28 2 28 3 28 5 28 8 28 12 28 4 5 32 7 32 12 32 15 32 10 1 16 2 16 4 16 5 16 7 16 8 16 11 16 12 16 14 16 15 16 5 2 18 6 18 7 18 8 18 9 18 7 1 24 6 24 7 24 9 24 13 24 14 24 15 24 7 1 23 5 23 7 23 8 23 10 23 13 23 15 23 6 1 24 4 24 7 24 8 24 12 24 13 24 6 2 34 7 34 8 34 10 34 11 34 14 34 3 1 24 3 24 4 24 3 1 24 2 24 5 24 7 1 28 2 28 6 28 7 28 9 28 13 28 15 28 8 3 15 5 15 7 15 9 15 11 15 12 15 13 15 15 15 5 1 18 5 18 6 18 12 18 14 18 
15 4 2 24 7 24 9 24 14 24 3 1 19 10 19 12 19 6 2 21 5 21 6 21 8 21 9 21 15 21 9 1 33 2 33 6 33 8 33 10 33 12 33 13 33 14 33 15 33 4 3 34 4 34 8 34 11 34 4 1 35 7 35 10 35 14 35 8 4 40 5 40 6 40 8 40 9 40 11 40 12 40 14 40 9 2 36 3 36 5 36 6 36 7 36 11 36 12 36 14 36 15 36 8 1 23 2 23 3 23 4 23 5 23 6 23 8 23 13 23 8 1 26 2 26 3 26 5 26 8 26 11 26 13 26 15 26 11 1 15 2 15 3 15 4 15 5 15 8 15 9 15 11 15 12 15 13 15 14 15 5 1 28 3 28 4 28 5 28 10 28 8 2 38 4 38 9 38 10 38 11 38 12 38 13 38 14 38 9 1 13 7 13 9 13 10 13 11 13 12 13 13 13 14 13 15 13 6 1 25 4 25 5 25 7 25 8 25 9 25 
15 6 2 27 4 27 8 27 9 27 10 27 14 27 6 2 30 4 30 6 30 8 30 9 30 10 30 6 1 21 2 21 7 21 9 21 11 21 15 21 8 3 19 4 19 5 19 6 19 7 19 9 19 12 19 14 19 5 1 12 3 12 8 12 11 12 13 12 9 2 27 3 27 4 27 5 27 6 27 7 27 9 27 12 27 14 27 7 2 39 3 39 5 39 6 39 7 39 8 39 14 39 9 1 13 2 13 5 13 9 13 10 13 11 13 13 13 14 13 15 13 5 5 12 7 12 8 12 9 12 15 12 8 1 36 3 36 4 36 6 36 8 36 9 36 10 36 13 36 7 4 21 7 21 9 21 10 21 11 21 12 21 13 21 6 1 17 7 17 9 17 12 17 13 17 14 17 7 1 29 2 29 3 29 6 29 10 29 13 29 14 29 7 1 17 4 17 5 17 7 17 10 17 11 17 14 17 5 2 33 4 33 5 33 7 33 8 33 
15 8 2 27 3 27 4 27 6 27 9 27 11 27 12 27 14 27 8 1 19 3 19 5 19 6 19 7 19 8 19 12 19 15 19 5 1 29 7 29 9 29 10 29 15 29 5 1 20 9 20 10 20 13 20 14 20 6 3 21 4 21 5 21 6 21 13 21 15 21 11 1 40 2 40 3 40 4 40 7 40 8 40 10 40 11 40 12 40 13 40 14 40 8 1 14 2 14 3 14 4 14 9 14 11 14 13 14 14 14 5 7 39 10 39 11 39 13 39 15 39 9 1 39 4 39 5 39 8 39 9 39 10 39 13 39 14 39 15 39 4 3 27 10 27 11 27 15 27 8 2 36 3 36 5 36 7 36 8 36 12 36 13 36 15 36 7 1 12 4 12 5 12 8 12 11 12 13 12 15 12 5 5 37 6 37 7 37 10 37 12 37 6 2 22 5 22 6 22 7 22 8 22 11 22 5 1 13 4 13 6 13 11 13 13 13 
15 8 1 32 4 32 5 32 6 32 10 32 12 32 14 32 15 32 2 5 29 12 29 6 2 24 8 24 9 24 11 24 13 24 14 24 11 1 27 4 27 5 27 7 27 8 27 9 27 10 27 12 27 13 27 14 27 15 27 9 1 40 5 40 6 40 8 40 9 40 10 40 11 40 14 40 15 40 5 4 21 5 21 10 21 14 21 15 21 4 2 26 9 26 10 26 12 26 6 1 27 2 27 3 27 4 27 11 27 13 27 6 2 27 4 27 5 27 8 27 10 27 15 27 8 2 16 3 16 4 16 5 16 7 16 8 16 10 16 14 16 3 3 21 9 21 11 21 6 5 13 6 13 9 13 11 13 12 13 15 13 8 1 28 3 28 4 28 5 28 6 28 8 28 11 28 14 28 4 10 28 11 28 12 28 13 28 10 1 32 2 32 4 32 5 32 8 32 10 32 11 32 12 32 14 32 15 32 
15 7 3 35 8 35 9 35 10 35 13 35 14 35 15 35 6 2 11 3 11 4 11 7 11 9 11 10 11 10 4 39 5 39 6 39 7 39 8 39 9 39 10 39 12 39 14 39 15 39 6 1 18 2 18 7 18 11 18 13 18 15 18 9 1 23 6 23 8 23 9 23 10 23 11 23 12 23 13 23 14 23 3 1 34 5 34 13 34 6 1 24 2 24 4 24 9 24 10 24 14 24 5 7 11 10 11 11 11 13 11 14 11 8 1 30 5 30 7 30 8 30 9 30 12 30 13 30 14 30 7 1 31 2 31 3 31 4 31 8 31 9 31 12 31 7 2 15 3 15 5 15 8 15 10 15 14 15 15 15 9 1 15 3 15 4 15 6 15 7 15 9 15 10 15 11 15 14 15 9 2 28 3 28 5 28 6 28 7 28 9 28 10 28 11 28 15 28 6 1 26 5 26 6 26 8 26 10 26 14 26 5 6 33 7 33 8 33 10 33 12 33 
15 5 5 28 6 28 8 28 11 28 12 28 5 1 37 4 37 6 37 9 37 11 37 3 3 29 11 29 13 29 6 1 31 2 31 5 31 7 31 10 31 13 31 10 2 25 3 25 4 25 5 25 6 25 7 25 8 25 9 25 14 25 15 25 6 3 13 7 13 9 13 10 13 11 13 12 13 6 3 14 6 14 7 14 9 14 13 14 15 14 6 1 20 5 20 7 20 10 20 13 20 15 20 7 4 27 5 27 10 27 11 27 12 27 14 27 15 27 8 4 25 6 25 9 25 10 25 12 25 13 25 14 25 15 25 4 2 31 5 31 14 31 15 31 8 2 14 6 14 7 14 10 14 11 14 12 14 13 14 15 14 6 3 25 4 25 7 25 8 25 9 25 15 25 5 3 39 6 39 9 39 14 39 15 39 6 1 36 6 36 8 36 10 36 12 36 15 36 
15 7 1 22 2 22 4 22 6 22 7 22 8 22 11 22 4 1 25 7 25 12 25 13 25 10 1 28 2 28 4 28 5 28 6 28 7 28 10 28 11 28 12 28 14 28 8 2 35 5 35 6 35 7 35 10 35 13 35 14 35 15 35 9 2 31 3 31 5 31 7 31 8 31 9 31 11 31 13 31 14 31 8 1 21 3 21 6 21 7 21 9 21 11 21 13 21 14 21 6 3 20 4 20 7 20 10 20 12 20 13 20 7 6 19 7 19 8 19 9 19 10 19 12 19 15 19 8 1 29 2 29 3 29 4 29 11 29 12 29 14 29 15 29 9 3 32 4 32 6 32 7 32 8 32 9 32 10 32 11 32 12 32 6 2 18 3 18 4 18 7 18 11 18 13 18 8 2 18 4 18 5 18 7 18 10 18 11 18 12 18 15 18 5 4 11 6 11 8 11 10 11 12 11 7 3 17 6 17 8 17 9 17 12 17 13 17 14 17 8 1 15 3 15 6 15 7 15 8 15 11 15 12 15 14 15 
15 3 1 39 8 39 13 39 6 1 32 2 32 6 32 8 32 9 32 11 32 5 3 36 5 36 10 36 14 36 15 36 4 2 14 3 14 9 14 13 14 7 1 28 2 28 4 28 6 28 7 28 8 28 10 28 4 6 37 7 37 8 37 14 37 5 1 38 4 38 9 38 10 38 11 38 4 1 20 3 20 7 20 15 20 10 1 19 2 19 4 19 6 19 8 19 9 19 10 19 11 19 13 19 14 19 6 6 12 8 12 9 12 10 12 12 12 14 12 5 1 22 7 22 12 22 13 22 15 22 5 1 36 2 36 7 36 8 36 10 36 7 3 15 5 15 7 15 9 15 12 15 13 15 15 15 5 3 32 7 32 9 32 10 32 14 32 3 10 16 11 16 12 16 
15 8 1 28 4 28 5 28 6 28 9 28 11 28 12 28 15 28 6 2 29 3 29 4 29 9 29 12 29 15 29 7 6 40 7 40 9 40 10 40 12 40 13 40 15 40 8 2 23 4 23 5 23 6 23 10 23 11 23 13 23 14 23 7 2 34 3 34 4 34 5 34 6 34 9 34 11 34 5 3 33 6 33 8 33 14 33 15 33 5 3 27 5 27 7 27 10 27 13 27 9 1 17 3 17 5 17 8 17 9 17 10 17 11 17 13 17 15 17 8 1 20 2 20 5 20 6 20 9 20 10 20 13 20 14 20 10 3 28 4 28 5 28 6 28 7 28 8 28 9 28 10 28 13 28 14 28 9 1 21 3 21 4 21 5 21 9 21 11 21 12 21 14 21 15 21 8 1 21 3 21 9 21 10 21 11 21 12 21 14 21 15 21 8 1 20 6 20 7 20 10 20 11 20 13 20 14 20 15 20 8 1 33 2 33 4 33 6 33 9 33 10 33 12 33 13 33 8 2 27 4 27 8 27 10 27 11 27 12 27 13 27 15 27 
15 10 1 21 2 21 5 21 6 21 7 21 8 21 9 21 10 21 11 21 12 21 7 2 34 4 34 7 34 8 34 12 34 13 34 15 34 11 2 30 3 30 4 30 5 30 6 30 7 30 9 30 10 30 11 30 14 30 15 30 6 1 38 2 38 4 38 6 38 12 38 13 38 6 1 11 2 11 3 11 4 11 5 11 9 11 6 2 16 4 16 9 16 10 16 12 16 13 16 7 1 14 3 14 5 14 7 14 12 14 13 14 15 14 3 2 14 6 14 15 14 9 2 34 3 34 4 34 5 34 7 34 9 34 11 34 13 34 14 34 9 2 33 4 33 5 33 7 33 9 33 10 33 12 33 14 33 15 33 8 1 23 2 23 4 23 5 23 9 23 10 23 12 23 13 23 6 3 40 4 40 8 40 9 40 14 40 15 40 6 4 12 5 12 8 12 9 12 10 12 11 12 9 1 23 2 23 4 23 5 23 6 23 7 23 8 23 12 23 14 23 7 1 27 5 27 8 27 9 27 10 27 11 27 13 27 
15 7 1 13 5 13 7 13 9 13 10 13 13 13 15 13 7 2 40 3 40 5 40 8 40 11 40 12 40 15 40 4 6 36 8 36 9 36 12 36 4 4 17 5 17 8 17 15 17 6 1 13 2 13 7 13 9 13 10 13 14 13 4 6 33 11 33 12 33 13 33 9 4 25 6 25 8 25 9 25 10 25 12 25 13 25 14 25 15 25 7 1 24 3 24 6 24 11 24 12 24 14 24 15 24 5 2 23 3 23 9 23 11 23 15 23 3 1 36 3 36 4 36 7 3 29 5 29 8 29 10 29 11 29 13 29 15 29 4 2 18 10 18 13 18 15 18 6 1 13 4 13 5 13 6 13 8 13 12 13 6 5 33 7 33 9 33 10 33 11 33 12 33 5 3 13 7 13 11 13 12 13 13 13 
15 4 4 25 5 25 9 25 15 25 3 4 15 6 15 14 15 5 3 28 5 28 6 28 13 28 15 28 7 4 40 5 40 6 40 7 40 8 40 9 40 13 40 7 1 39 5 39 6 39 7 39 8 39 12 39 14 39 6 2 31 4 31 5 31 10 31 11 31 15 31 6 6 35 7 35 9 35 11 35 12 35 15 35 8 1 31 2 31 3 31 7 31 9 31 10 31 12 31 15 31 9 1 36 3 36 4 36 6 36 7 36 9 36 11 36 12 36 14 36 11 1 12 3 12 4 12 5 12 6 12 9 12 10 12 11 12 12 12 14 12 15 12 7 6 33 7 33 8 33 10 33 11 33 12 33 15 33 8 5 19 6 19 7 19 8 19 9 19 10 19 11 19 15 19 4 4 16 5 16 10 16 14 16 7 1 27 4 27 10 27 11 27 12 27 13 27 14 27 4 1 21 8 21 11 21 12 21 
15 7 1 22 2 22 7 22 8 22 10 22 12 22 13 22 7 3 14 4 14 6 14 7 14 8 14 11 14 13 14 5 1 12 3 12 9 12 10 12 11 12 6 2 20 3 20 4 20 6 20 7 20 15 20 5 2 12 5 12 6 12 11 12 14 12 6 1 18 2 18 3 18 11 18 12 18 15 18 6 3 17 7 17 10 17 12 17 13 17 14 17 3 9 39 10 39 11 39 8 3 31 4 31 6 31 10 31 11 31 12 31 14 31 15 31 7 3 31 4 31 5 31 7 31 9 31 11 31 15 31 6 1 32 5 32 6 32 8 32 9 32 12 32 6 5 20 7 20 10 20 11 20 12 20 15 20 8 1 29 2 29 3 29 4 29 6 29 8 29 13 29 14 29 10 2 13 3 13 4 13 5 13 7 13 8 13 9 13 12 13 13 13 15 13 9 1 26 2 26 4 26 5 26 6 26 7 26 11 26 12 26 14 26 
15 9 3 18 5 18 6 18 8 18 11 18 12 18 13 18 14 18 15 18 9 3 30 5 30 6 30 7 30 11 30 12 30 13 30 14 30 15 30 6 1 38 3 38 6 38 8 38 10 38 15 38 9 2 22 4 22 5 22 7 22 10 22 11 22 13 22 14 22 15 22 6 3 15 6 15 11 15 13 15 14 15 15 15 5 4 20 7 20 8 20 12 20 15 20 6 5 16 6 16 7 16 8 16 10 16 14 16 8 4 17 5 17 6 17 7 17 8 17 11 17 12 17 15 17 3 2 12 5 12 6 12 8 1 13 3 13 5 13 9 13 12 13 13 13 14 13 15 13 8 2 40 4 40 5 40 8 40 9 40 10 40 11 40 13 40 7 1 17 2 17 4 17 6 17 7 17 10 17 13 17 10 1 30 2 30 3 30 8 30 9 30 10 30 12 30 13 30 14 30 15 30 8 1 38 3 38 5 38 6 38 7 38 9 38 10 38 14 38 8 1 13 4 13 6 13 10 13 12 13 13 13 14 13 15 13 
15 6 1 31 2 31 4 31 5 31 10 31 15 31 7 1 39 4 39 8 39 9 39 11 39 12 39 14 39 5 4 27 5 27 6 27 13 27 14 27 5 2 14 5 14 7 14 11 14 15 14 5 1 33 4 33 6 33 7 33 10 33 3 2 31 4 31 14 31 6 8 22 9 22 11 22 12 22 13 22 14 22 9 1 36 4 36 5 36 6 36 8 36 9 36 13 36 14 36 15 36 7 1 16 7 16 8 16 10 16 12 16 13 16 14 16 5 4 11 8 11 10 11 11 11 12 11 7 1 14 3 14 4 14 5 14 8 14 12 14 15 14 9 3 29 4 29 5 29 6 29 9 29 10 29 13 29 14 29 15 29 8 2 28 3 28 4 28 6 28 7 28 8 28 9 28 10 28 4 2 22 3 22 4 22 9 22 9 5 17 6 17 7 17 8 17 10 17 11 17 13 17 14 17 15 17 
25 8 5 16 2 26 37 2 48 57 1 69 78 2 89 100 9 109 122 4 132 141 2 149 166 5 174 183 7 192 207 2 217 224 6 237 246 7 256 269 10 276 291 10 296 313 1 322 329 5 343 350 3 361 374 4 381 396 2 403 416 8 425 436 3 444 459 6 469 476 3 490 497 11 507 522 
25 3 2 16 8 22 32 2 40 50 6 58 68 3 74 88 7 94 104 5 112 122 4 131 139 6 146 160 12 164 178 2 186 192 12 200 214 5 222 228 5 240 246 6 255 267 10 273 285 11 290 304 1 311 319 2 330 336 4 348 354 1 363 375 6 383 391 3 400 410 2 420 426 1 437 445 
5 2 31 60 17 116 157 12 198 257 7 288 349 26 384 435 
21 5 6 17 10 26 43 10 49 66 8 74 87 2 97 110 8 120 133 8 144 155 1 167 178 6 189 202 2 214 223 2 236 247 10 258 271 5 283 292 5 307 314 7 327 340 6 350 363 8 373 386 14 394 411 2 421 430 5 440 457 8 465 478 
4 5 28 109 6 154 257 66 296 389 2 433 526 
22 4 4 19 3 29 40 9 52 63 9 72 89 7 97 110 1 119 134 12 142 157 4 169 176 6 191 200 4 211 226 6 235 248 4 258 271 5 281 294 14 302 319 3 328 339 3 348 365 7 374 385 5 397 408 5 422 429 9 441 456 10 463 480 7 488 501 
33 5 4 12 9 18 30 3 37 43 5 51 61 7 67 77 3 84 92 6 99 109 3 117 123 4 133 139 1 147 157 7 163 173 3 181 187 3 196 204 9 210 222 2 229 235 6 244 252 4 258 270 2 276 284 1 292 300 7 307 317 3 324 332 4 339 349 4 356 364 8 371 381 4 386 398 4 404 412 3 419 429 6 434 446 4 450 462 3 469 475 2 485 491 7 499 509 4 516 524 
17 8 8 21 2 39 48 16 61 84 15 91 112 15 121 140 3 155 164 15 178 199 1 212 223 17 237 256 9 266 285 3 299 310 19 323 344 18 352 373 6 387 396 4 416 425 5 442 457 8 473 484 
9 8 14 42 6 76 92 27 124 156 14 180 212 21 240 264 32 290 326 17 354 374 16 407 433 8 467 485 
35 2 3 12 1 19 26 2 35 40 3 49 56 5 63 72 3 79 86 5 93 102 3 110 115 3 124 131 2 138 147 8 152 163 3 167 178 5 184 191 7 197 208 2 214 221 6 228 237 2 245 250 2 257 268 1 275 280 2 289 296 2 303 312 2 319 326 3 331 344 3 350 355 1 364 371 3 377 388 6 394 401 2 410 415 4 424 431 4 437 448 5 453 462 2 469 476 1 484 491 3 498 507 3 514 521 
22 6 4 18 6 26 40 16 46 64 2 71 83 11 92 106 4 117 125 2 138 148 3 162 168 2 183 191 12 202 216 4 227 235 5 244 262 4 271 279 2 293 301 4 314 324 2 338 344 3 360 366 3 382 388 2 403 411 6 421 437 3 445 457 11 465 481 
30 2 5 13 8 20 34 6 40 50 7 58 68 11 75 87 2 93 105 8 112 122 4 132 138 4 150 156 9 164 178 1 183 195 5 202 212 3 221 229 6 237 249 7 257 265 1 272 286 4 293 301 9 309 321 5 328 338 3 345 357 3 363 375 4 383 391 2 402 408 8 418 428 2 434 448 2 452 466 7 470 484 3 489 501 11 506 520 1 526 536 
10 27 7 40 18 58 83 10 104 131 7 154 175 11 194 229 3 252 265 3 298 313 3 345 360 5 392 407 3 432 461 
12 8 11 29 10 46 74 13 93 107 5 129 151 12 168 192 3 212 228 11 249 271 27 285 315 6 327 353 2 369 391 3 412 428 14 452 468 
4 50 34 88 6 151 215 10 268 342 80 385 469 
