8 8 2.0
8 1 1 456 1 2 654 2 3 852 7 852 2 4 145 2 145 1 5 632 2 6 425 8 425 2 7 214 4 214 3 8 654 2 654 1 654 
8 3 1 789 8 789 4 789 2 2 123 1 123 3 3 369 1 369 2 369 2 4 678 5 678 2 5 581 2 581 2 6 396 4 396 3 7 123 4 123 5 123 1 8 789 
8 2 1 654 3 654 1 2 123 3 3 632 1 632 7 632 3 4 965 8 965 3 965 2 5 475 8 475 1 6 325 2 7 456 6 456 1 8 654 
8 1 1 321 3 2 456 1 456 8 456 1 3 581 2 4 421 8 421 1 5 32 2 6 147 4 147 3 7 789 8 789 6 789 1 8 123 
8 3 1 456 6 456 2 456 2 2 789 5 789 3 3 472 4 472 8 472 3 4 365 3 365 7 365 1 5 536 1 6 852 2 7 654 1 654 2 8 123 5 123 
8 2 1 789 2 789 2 2 654 3 654 2 3 586 6 586 2 4 824 5 824 1 5 325 1 6 12 2 7 321 6 321 2 8 456 5 456 
8 3 1 654 4 654 6 654 2 2 321 8 321 3 3 320 8 320 1 320 2 4 758 6 758 2 5 863 7 863 1 6 452 1 7 456 1 8 789 
8 2 1 789 5 789 1 2 147 2 3 120 8 120 3 4 639 1 639 8 639 1 5 21 2 6 863 3 863 3 7 789 6 789 2 789 2 8 654 1 654 
2 486 521 1612 416 2920 3479 
3 186 187 991 388 1402 2132 97 2780 3110 
4 120 228 644 42 1174 1442 101 1892 2468 75 2901 3203 
2 1014 224 1340 5 2060 2632 
2 1145 515 1673 1103 2630 3934 
2 1496 351 1906 483 3058 3713 
3 359 281 731 114 1307 1729 20 2179 2881 
3 630 599 1251 600 2283 3267 856 4025 5225 
