15 10 1.15
10 1 8 84 1 6 58 1 9 77 1 3 44 2 5 97 8 97 1 7 89 1 4 5 1 2 58 1 10 96 1 1 9 
10 1 7 21 1 2 87 2 5 15 6 15 1 6 39 1 3 81 1 4 85 2 8 31 6 31 1 9 57 1 10 73 1 1 77 
10 1 1 40 2 6 71 10 71 1 9 34 1 10 82 1 4 70 1 7 22 1 5 10 1 8 80 2 3 48 4 48 1 2 49 
10 1 6 75 2 3 17 10 17 1 4 7 1 7 72 1 5 11 1 8 62 1 9 47 1 10 35 1 2 91 1 1 55 
10 1 10 20 2 5 12 3 12 1 7 71 1 8 67 2 1 64 5 64 1 3 94 1 9 15 1 6 50 2 4 75 9 75 1 2 90 
10 2 7 93 8 93 1 6 93 1 2 57 1 8 70 1 9 77 1 5 58 1 1 52 1 3 29 1 10 7 1 4 68 
10 1 8 56 1 1 95 1 9 48 1 5 26 1 3 82 1 2 63 1 10 36 1 4 27 1 7 87 1 6 6 
10 1 4 76 2 6 15 3 15 1 10 78 1 2 8 1 9 41 1 3 36 1 5 30 1 7 84 1 1 36 1 8 76 
10 1 1 75 2 8 13 5 13 1 3 81 1 9 29 1 5 54 1 7 82 1 6 88 1 2 78 1 10 40 1 4 13 
10 1 3 6 1 2 26 2 8 32 5 32 1 7 64 1 5 54 1 1 52 1 6 82 1 4 6 1 10 88 1 9 54 
10 1 9 62 1 3 67 1 6 32 1 1 62 2 8 69 5 69 1 4 61 1 2 35 1 5 72 1 10 5 1 7 93 
10 2 3 78 2 78 1 10 90 1 1 85 1 2 72 1 9 64 1 7 63 1 4 11 1 8 82 1 6 88 1 5 7 
10 1 5 28 2 10 11 9 11 1 8 50 1 7 88 2 1 44 7 44 1 6 31 1 3 27 2 2 66 1 66 1 9 49 1 4 35 
10 1 3 14 2 6 39 8 39 1 7 56 1 5 62 1 4 97 1 10 66 1 8 69 2 2 7 10 7 1 9 47 1 1 76 
10 1 2 18 1 9 93 2 8 58 3 58 1 7 47 1 4 69 1 10 57 1 3 41 1 6 53 1 5 79 1 1 64 
2 125 61 372 46 581 718 
4 83 52 150 97 229 377 101 449 561 62 668 746 
5 87 18 126 21 166 266 74 316 404 57 470 538 23 628 668 
4 72 44 129 1 199 320 21 383 482 78 543 668 
3 18 39 175 3 284 358 70 481 589 
4 47 57 139 52 236 352 34 435 545 32 627 745 
4 165 42 210 1 338 418 70 567 693 102 827 937 
3 72 99 205 95 347 565 55 677 843 
5 15 36 132 120 191 313 27 390 450 2 538 638 103 703 809 
2 39 145 268 116 515 724 
