15 10 1.0
10 1 9 14 1 5 75 1 4 12 1 3 38 1 1 76 1 6 97 1 10 12 1 2 29 1 8 44 1 7 66 
10 1 6 38 1 4 82 1 3 85 1 5 58 1 7 87 1 10 89 1 1 43 1 2 80 1 8 69 1 9 92 
10 1 10 5 1 2 84 1 1 43 1 7 48 1 5 8 1 8 7 1 4 41 1 6 61 1 9 66 1 3 14 
10 1 3 42 1 2 8 1 1 96 1 6 19 1 5 59 1 8 97 1 10 73 1 9 43 1 4 74 1 7 41 
10 1 7 55 1 3 70 1 4 75 1 9 42 1 5 37 1 8 23 1 2 48 1 6 5 1 10 38 1 1 7 
10 1 9 9 1 3 72 1 8 31 1 1 79 1 6 73 1 4 95 1 5 25 1 7 43 1 10 60 1 2 56 
10 1 1 97 1 3 64 1 4 78 1 6 21 1 5 94 1 10 31 1 9 53 1 7 16 1 8 86 1 2 7 
10 1 4 86 1 8 85 1 10 63 1 1 61 1 3 65 1 5 30 1 6 32 1 2 33 1 9 44 1 7 59 
10 1 3 44 1 4 16 1 5 11 1 7 45 1 2 30 1 10 84 1 9 93 1 1 60 1 6 61 1 8 90 
10 1 8 36 1 9 31 1 5 47 1 7 52 1 1 32 1 6 11 1 3 28 1 10 35 1 4 20 1 2 49 
10 1 9 20 1 7 49 1 8 74 1 5 10 1 6 17 1 4 34 1 1 85 1 3 77 1 10 68 1 2 84 
10 1 2 85 1 6 7 1 9 71 1 7 59 1 5 76 1 1 17 1 4 29 1 3 17 1 8 48 1 10 13 
10 1 3 15 1 7 87 1 8 11 1 2 39 1 5 39 1 9 43 1 1 19 1 4 32 1 10 16 1 6 64 
10 1 7 32 1 3 92 1 6 33 1 9 82 1 2 83 1 8 57 1 10 99 1 5 91 1 4 99 1 1 8 
10 1 5 88 1 8 7 1 9 27 1 2 38 1 4 91 1 3 69 1 7 21 1 10 62 1 6 39 1 1 48 
2 184 57 329 10 475 683 
4 32 68 121 65 245 322 18 432 513 30 619 704 
4 80 32 166 77 229 365 99 434 556 11 663 723 
2 289 59 373 238 497 799 
3 45 85 165 15 342 408 119 556 694 
2 128 68 221 14 337 530 
4 92 33 157 7 252 318 34 418 532 62 603 727 
3 127 59 196 55 346 419 164 545 730 
3 93 69 175 49 277 455 28 546 674 
4 112 31 156 61 248 313 11 439 496 8 627 682 
